502.28634471
503.25911471
505.23186471
515.30673471
515.3431247100001
515.37950471
516.2907547100001
516.32713471
525.30231471
528.34960471
532.28566471
537.29848471
543.34927471
544.33328471
548.29583471
549.2910847100001
559.3230547100001
562.35910471
573.31221471
575.30271471
578.3176347100001
587.3503347100001
588.37073471
590.30977471
600.3846447100001
601.3183747100001
603.31626471
615.3704047100001
632.34933471
633.34458471
634.25582471
634.36899471
641.38604471
643.40169471
651.2897747100001
658.37621471
659.3602247100001
662.37514471
671.4078447100001
672.39186471
673.36463471
675.32614471
682.37621471
688.39079471
690.38467471
700.42316471
707.4006247100001
714.43880471
729.38434471
756.48575471
759.50067471
761.4395447100001
773.46468471
786.4599347100001
788.40281471
799.4261947100001
806.4724147100001
829.38646471
830.43852471
832.3867847100001
851.4137147099999
860.46033471
860.5119647100001
865.4545147100001
871.4188147100002
878.4246147099999
887.44609471
888.4916247100001
889.4188347099999
894.4559147100001
905.52219471
919.4698047100001
926.48615471
928.4661147100002
936.49635471
939.4483947100001
943.5199047100001
944.43518471
946.5235947100001
955.5273047100001
956.54771471
957.4814247100002
961.52664471
987.5865247100002
989.47911471
1025.50292471
1042.56584471
1062.5929447099998
1064.59131471
1075.56955471
1080.5675947099999
1082.54301471
1082.6083847099999
1090.6134847099997
1096.5739247099998
1099.6236947099999
1107.59240471
1121.71451471
1127.69138471
1129.59787471
1132.58899471
1140.5213047099999
1142.5978447100001
1148.56864471
1149.6189247099999
1154.5753847099998
1155.67978471
1156.64650471
1158.5920847099999
1160.60369471
1164.57747471
1176.6654947099996
1181.61142471
1190.5679847099998
1192.6200247099998
1204.68289471
1221.5989547099998
1222.58296471
1226.69105471
1227.5666047099999
1227.6216247099999
1241.67278471
1245.62007471
1269.75571471
1272.65343471
1273.71827471
1275.6281447099998
1279.6277747099998
1285.69898471
1299.64926471
1308.71498471
1314.7407947099998
1335.64925471
1355.7594747100002
1377.69284471
1378.6928047099996
1387.67067471
1389.7476747099997
1391.69793471
1411.7108947099998
1421.7150447099996
1424.7048047099997
1431.7465347099997
1447.8034447099997
1448.7887947099996
1477.8980047099997
1489.7639147099999
1504.73823471
1506.7929447099998
1507.7565347099996
1510.8354847100002
1514.78814471
1517.77254471
1517.8201647099997
1527.7364647099996
1528.75551471
1540.7238547099996
1549.8100047099995
1561.8099947099995
1577.8161547099999
1585.88677471
1586.74640471
1593.9316247099998
1605.9929647099996
1606.9419347099997
1609.8463847099997
1612.8831247099997
1614.8300147099997
1617.8573447099998
1638.9317847099999
1684.8606547099998
1692.8214947099998
1695.8323947100002
1708.8857947099998
1713.84429471
1718.9653747099999
1726.8784247100002
1732.8745747099997
1736.9222847099995
1746.9264147099996
1770.9311247099997
1816.9246847099998
1816.99878471
1832.0043247099998
1836.89272471
1897.98788471
1917.8243347100001
1957.97920471
1973.98063471
1997.01659471
2003.0192947099997
2020.11123471
2023.05989471
2054.09824471
2067.0887747099996
2070.0381547099996
2076.0349647099997
2107.1101847099994
2120.0901747099997
2125.07783471
2154.0520747099995
2198.14434471
2218.12719471
2225.0674147099994
2226.1392647099997
2244.0745347099996
2279.1467047099995
2312.14366471
2369.2412647099995
2386.14494471
2392.0510747099997
2398.2208547099995
2454.26888471
2467.22054471
2474.26005471
2487.14145471
2490.18174471
2495.35696471
2537.20872471
2541.27443471
2583.21287471
2595.31550471
2602.36154471
2614.4562447100006
2705.36735471
2737.3519947099994
2766.37337471
2782.34315471
2793.3986447099996
2971.5046047100004
3018.52257471
3094.5334047099996
3175.4810147100006
3199.4469047099997
3214.5936747100004
3231.39878471
3305.5686947100003
3313.6481147100008
3327.7218047100005
3413.6358547100003
3417.86863471
3540.7676947100003
3689.8591647099997
4093.03080471
4658.322884710001
4670.189994709999
4711.29192471
5109.52032471
7378.77726471
