900.5622 80 1
70.0763549804688 1.45917345643433
72.0917892456055 9.01830055121303
86.104736328125 2.18334121485279
101.083381652832 2.4454933523769
112.099494934082 6.57878463227703
115.102966308594 .829126893999941
129.125396728516 3.68924563716481
132.090927124023 1.21539274796971
157.116821289063 2.17053536300666
158.105697631836 4.76024976915425
173.109298706055 7.45998727572418
175.13166809082 100
185.147918701172 1.20291488557781
213.172271728516 2.0970813359667
214.144088745117 5.15040747926723
226.099624633789 1.37947354068978
231.156478881836 2.49090642075272
243.123977661133 22.3559699821606
254.162704467773 9.70555433745842
257.172576904297 10.6095528388163
260.156463623047 1.1004221293586
272.177001953125 5.17366594725145
274.199676513672 14.4402697602451
284.196472167969 1.01780316444767
297.186065673828 .914834085750569
299.150817871094 1.22035367396368
311.196380615234 1.65478413629898
314.204376220703 1.03396853225784
315.172729492188 2.20181604991001
322.156280517578 1.22506101022401
324.214874267578 1.30158688781585
325.165740966797 1.4509019937598
328.210327148438 1.09906954561995
339.178649902344 4.79854007836628
341.224578857422 4.41740607678971
342.195037841797 12.2774526043736
356.207000732422 15.2690640835641
358.212127685547 1.79850294946128
359.226409912109 1.65500255570064
367.211700439453 1.26830207943086
368.216766357422 1.86513310532729
370.254730224609 12.3977177340839
386.217529296875 16.7744723681307
387.270904541016 13.1736594140332
397.226104736328 2.3133536176807
403.243133544922 18.4858541517606
410.251892089844 2.9968541322715
411.261840820313 2.69878090182421
415.202056884766 1.98210836759014
427.213745117188 2.77230573730551
438.262359619141 3.39448992742318
443.246734619141 3.6507002587372
452.215881347656 2.56283124001751
455.280059814453 7.94797281443907
466.264526367188 1.36814932474694
469.268524169922 1.43445589832876
471.314422607422 1.13806446898999
473.315734863281 1.28182048677195
480.305847167969 4.07534321366076
481.289642333984 2.65990220481573
486.289672851563 2.30536058589449
493.277435302734 2.12670589512481
495.268249511719 1.592772063681
496.265930175781 5.49215256925435
497.252014160156 11.3934323745779
498.312316894531 9.15003880237314
509.306549072266 2.03076780011688
510.269897460938 2.40752164307603
511.281707763672 2.81635037190443
514.276245117188 43.5709318049034
515.319580078125 26.8545331066783
522.2685546875 1.54638664930665
525.317077636719 1.42671096261158
526.334655761719 1.32196947133551
528.304931640625 2.62802493857247
535.289672851563 2.84868001151148
537.301940917969 1.89143917558935
541.367065429688 5.27346851438831
556.322570800781 3.19168967781821
565.31201171875 2.35981030827379
566.302001953125 2.78581012220369
567.29638671875 2.18480573880675
568.297302246094 1.6948200275216
578.297912597656 2.00254552876386
582.331237792969 6.61992541367538
592.320861816406 2.44670198034595
593.334106445313 2.91382360349388
595.331237792969 5.97320525554389
599.349304199219 6.73102467403936
609.349792480469 6.14488730017514
610.341796875 8.33057089394931
612.355163574219 18.8862155442948
627.356689453125 18.5747837231928
629.378601074219 8.6955372037868
639.354614257813 1.59155195884829
650.323791503906 1.99274004455855
696.379272460938 5.22943930556445
708.410522460938 1.62337649678993
709.39990234375 2.66002147716954
711.426574707031 1.98906107335786
726.430786132813 2.99679430028081
728.447082519531 6.29163602710311
838.420715332031 2.34112993401074
856.447143554688 8.94551304167083
858.480163574219 3.80006732060616
883.571350097656 3.91260576879568
900.749755859375 81.3454956102404
902.76318359375 35.7344518365416
905.890441894531 6.29123904728415
907.866088867188 6.46086321954903
908.013793945313 6.56212679687021
909.941040039063 4.37947709840874
910.207092285156 4.97250350592403
