1560.9316 80 1
100.107971191406 5.10178115666749
112.105972290039 5.59396159380403
154.447708129883 5.19523356180765
154.600128173828 5.04492263301767
157.121887207031 5.60228057932806
175.12971496582 10.6589462290455
258.133026123047 5.40487240470223
311.193878173828 5.4307903952992
387.274963378906 5.79268475058191
436.242095947266 5.87240989840881
469.102783203125 5.09927516686449
469.247528076172 5.08476699991358
500.351745605469 5.66440616614255
547.259826660156 6.73018372672673
587.384765625 5.95116335670439
588.400390625 5.74310903394666
617.24169921875 5.79633440052462
689.321228027344 6.23162462546173
715.453552246094 6.3802461468688
760.354064941406 6.05439566363065
828.528747558594 7.38531576627872
829.5029296875 6.5958361364419
927.614990234375 7.38346597035965
954.419616699219 6.46905173197604
983.127136230469 6.72890617783211
992.527404785156 8.03328193141732
1014.62219238281 16.6846462431901
1054.56005859375 16.1596362833493
1086.51403808594 8.23198118279813
1088.54443359375 8.5597037921906
1120.51708984375 17.9194648891389
1143.66918945313 7.4173047085093
1257.73681640625 8.3533562962524
1359.75903320313 10.1386547127722
1386.74487304688 14.2289934232658
1404.75231933594 100
1423.56591796875 15.2089153062099
1518.7958984375 15.2983592951381
1544.03491210938 20.9069894444292
1545.91125488281 22.4688302160424
1561.21630859375 38.0355059116602
1575.4345703125 24.1949629601253
1576.41455078125 28.79325837263
1577.43542480469 65.9915090698114
1579.87854003906 34.0453363742876
1580.63623046875 27.9787351523208
1581.0302734375 24.5474159807572
