2983.6506 80 1
70.0845260620117 1.03976865465713
72.104736328125 1.26818475501124
72.9448547363281 .966029647063637
86.1259460449219 2.20886991806535
93.1014709472656 1.10049345146037
95.0676956176758 1.08765061964847
95.6286849975586 1.06892543541806
100.871421813965 52.3484319569479
101.037040710449 14.5009318887185
110.102279663086 2.76591783401065
112.134552001953 .867032578911518
175.143829345703 3.77115588919949
186.092147827148 .819967610739686
437.275115966797 1.20710487012745
438.212707519531 1.26004165111413
482.450744628906 1.12664205223554
514.388916015625 4.03589008674859
547.233276367188 1.19060943561216
550.308288574219 1.69040026405731
552.232788085938 3.63203539865474
554.27978515625 1.21294366116027
566.330444335938 1.35254041924664
577.282653808594 1.21008221506077
613.439880371094 6.22226696856997
622.245239257813 1.5360373328925
665.359130859375 1.77248929646004
666.347351074219 1.81495981150919
682.446411132813 4.22222030263448
694.352722167969 2.00114035982704
700.468139648438 16.5914377644195
710.434875488281 2.38319965852696
781.414672851563 1.65944328738245
793.360046386719 2.02072697911953
793.573852539063 2.02600325886138
818.4619140625 2.79129259231719
819.093627929688 2.10809629232976
820.55712890625 2.96141530535379
834.491882324219 2.33192941447889
837.5361328125 96.1481852601778
839.199890136719 2.53681522180683
839.377014160156 4.52109664987192
857.065673828125 1.6450038441823
903.307434082031 1.79071808224605
904.381530761719 1.93082809175028
921.46533203125 1.93754588096451
948.583679199219 2.7630050582227
966.584899902344 9.43153779419216
1016.55169677734 2.07359179505161
1077.599609375 2.40356487480116
1094.61889648438 11.2533208775553
1104.65881347656 2.29671778514042
1207.70104980469 18.239316313644
1287.65991210938 3.55040327582396
1304.7275390625 16.0788507486204
1321.73901367188 10.4957018121049
1441.78100585938 3.89313622156537
1458.802734375 11.8754762619124
1498.81274414063 3.4364801543486
1515.82861328125 63.9967615908163
1538.70861816406 2.33887316863847
1644.87243652344 4.99355661460634
1701.88562011719 8.89837747206412
1741.84619140625 2.92671037373963
1758.88061523438 11.7919111480588
1872.01086425781 6.22153319737996
2020.97351074219 3.3134477322456
2035.07739257813 6.8829842425384
2122.06298828125 7.34348839958948
2147.99340820313 2.97548062726555
2223.11865234375 4.30945995360488
2235.0341796875 2.40166355455121
2322.1875 14.4978860904884
2639.22216796875 9.20404031945694
2655.21850585938 100
2753.15869140625 5.92504682001982
2770.12036132813 10.5442807765877
2941.55688476563 7.84424251489923
2945.26416015625 6.62614076997957
2966.72802734375 12.3030223075753
2967.84375 19.5515526368362
2970.23071289063 18.7636454698287
2971.01586914063 15.1406709000172
2985.02514648438 43.923833034576
2986.86450195313 54.1889254781896
2987.71435546875 45.2851653084299
2991.40991210938 15.0185970362467
