831.4733 80 1
99.948356628418 10.2661232392595
100.066497802734 10.0264464185241
154.048309326172 10.5451432245051
154.175994873047 9.81279306841087
200.143585205078 11.1417601523535
218.164733886719 12.6819951695629
253.101287841797 23.8919840689183
336.135955810547 14.2892224393112
354.153137207031 39.3111500220247
356.182189941406 11.8913917166149
362.224731445313 12.2740314135768
365.224365234375 26.6846728324971
423.218536376953 14.1487878913515
433.264892578125 11.8393387560036
439.24853515625 17.3228105376233
449.230773925781 30.0125633118951
449.814697265625 18.063508778901
464.10986328125 10.8666809106894
464.313842773438 10.7083401054447
467.238861083984 84.3787394345936
478.310516357422 54.6869338154378
499.2958984375 12.1773462066905
528.271057128906 12.3513744529153
561.347473144531 14.1069567865845
570.274169921875 13.0698076385875
579.365478515625 60.8168543391348
586.309204101563 22.8520642645939
596.314147949219 17.5918203157314
596.894897460938 15.0351214135816
599.330017089844 13.1872961657907
614.317077636719 100
667.355346679688 15.9001553089861
667.919738769531 16.8477624910368
685.353759765625 91.7981170830083
696.385192871094 13.6608910207061
698.411010742188 14.5270445183521
703.379272460938 19.9652869713359
716.431091308594 76.6131503267677
789.380065917969 12.890499630908
813.480102539063 14.4689374338617
831.624877929688 14.9372014597905
834.709716796875 14.3144657223153
837.791748046875 27.7328387811141
837.977478027344 23.8084837997711
839.923156738281 14.5266911232637
841.49609375 14.6199097573409
