1299.6644 80 1
70.0732803344727 5.93934097299366
84.0911560058594 7.675985004917
102.058403015137 5.08792587080859
112.095397949219 10.4521675510787
115.087867736816 3.65637491497862
129.108413696289 39.3436456828993
136.081680297852 20.6317511384572
154.348770141602 3.18495327535027
157.101928710938 3.84466943809863
158.098190307617 4.11055139927498
171.11784362793 3.8026104347167
175.120407104492 52.2818681177499
199.114379882813 4.65629543466809
226.14616394043 3.98120079255074
231.105209350586 5.18938198478225
240.135025024414 24.0913507472967
249.123184204102 9.39078470005378
258.141937255859 15.0381216522074
265.122344970703 5.1778389537884
269.119323730469 3.65437478206604
277.117584228516 34.1087836568153
282.150238037109 5.662428076817
287.134490966797 4.34847076754028
293.110748291016 17.6264990173975
300.162231445313 5.12174507752137
304.161682128906 12.3156061206694
309.199401855469 3.69633018283415
311.127227783203 4.74523166226527
314.177032470703 3.71093874309016
327.204284667969 4.29683567666237
360.162017822266 3.91153895445154
385.181915283203 4.02551065147402
387.186340332031 5.12501453072382
388.181213378906 7.65685391623066
403.197326660156 6.79574879594936
405.199066162109 13.459000284394
410.231414794922 4.55657291624902
421.20703125 7.99586017295496
422.175079345703 10.3033619226772
428.271789550781 4.20693561124877
429.197082519531 7.23189557448665
440.17919921875 19.8916618322725
442.191162109375 4.28957101404478
446.229095458984 5.89659601918005
447.202880859375 4.86367258024649
468.176574707031 4.46589276511082
489.2275390625 5.61319757786169
506.257843017578 6.56509258413695
516.249816894531 4.31986342856005
541.24658203125 5.23003229384918
542.263916015625 5.7489647689016
543.280578613281 5.77733058361597
557.281188964844 6.1717809141281
559.286804199219 4.96113326963863
561.282653808594 8.01646364520592
568.287170410156 5.55032294817433
569.22412109375 9.33331999875531
574.324401855469 4.33072997644311
575.305236816406 4.27837300234742
586.273681640625 35.6656406830608
603.301513671875 61.3921806393056
671.369995117188 4.41901134515108
687.35302734375 4.8577314060559
689.355041503906 4.62684442829683
696.356872558594 4.92885691348117
714.375 16.3813369636091
731.400817871094 100
733.960021972656 4.18060440986
794.371887207031 8.24173854575849
813.566528320313 3.87524103099693
843.42626953125 5.68014810435812
860.440856933594 10.2246772974381
987.519714355469 5.04719401368218
1006.52209472656 4.87131808736346
1023.51861572266 8.11579671247024
1125.50524902344 6.71736153065269
1126.50622558594 6.76012003994848
1143.50805664063 5.59706246590393
1145.56604003906 4.44044535964366
1170.54089355469 24.3554956702563
1188.53515625 9.01564081883082
1189.60607910156 9.83835982590234
1255.55712890625 10.4768200243407
1281.79711914063 8.59535503027828
1282.69262695313 10.3937692428407
1288.82006835938 6.87728889426843
1295.00744628906 6.11283522260966
1299.9453125 65.2724576395162
1305.13732910156 8.00826559081524
1308.04675292969 7.42458374137307
1311.17932128906 19.1321688215931
1312.20556640625 45.1511629267529
1314.4619140625 19.0446610836183
1315.70922851563 13.0372928915434
1316.50268554688 12.97449894925
1316.89685058594 10.6245343288434
1317.2373046875 11.038914660825
1318.85620117188 8.96909774800967
1319.27465820313 8.90582828800797
