900.5676 80 1
70.0765380859375 .904210391632737
72.0915374755859 9.78559166455006
86.1072998046875 1.52791278750517
101.082939147949 2.4700136619976
112.10034942627 7.6066986539821
129.123306274414 3.46723055281363
132.093887329102 1.51994152124568
145.108779907227 .697707115724471
155.088104248047 .923521449305385
157.120513916016 2.4524233940284
158.106735229492 5.87888364866924
173.107681274414 7.07944194318444
175.131195068359 100
185.147918701172 .986894485862074
186.14338684082 .912430714947494
214.147583007813 6.22136758548821
225.104965209961 .815768479714511
226.132308959961 1.15569797691147
231.158401489258 3.33765611675294
239.165145874023 .994026931771526
243.123107910156 24.9430878776559
254.163803100586 9.81045349808924
257.172332763672 12.1440245999946
260.152893066406 .871924333343319
272.171417236328 5.52909364022276
274.199371337891 14.4638735082087
284.182006835938 1.5380097693147
297.173645019531 .996718404259162
299.146026611328 .793926180897104
311.182983398438 1.60337928254308
313.203002929688 .984511530391702
314.185760498047 1.25919408754465
315.185974121094 2.55066601217359
323.214416503906 .933858434437937
324.205444335938 1.44837390946574
325.167297363281 1.69964477479455
328.210479736328 1.08527167215449
339.183227539063 5.48949233059909
342.192962646484 14.1607796601241
356.207733154297 15.8923827075701
358.212066650391 2.36438604098758
359.226837158203 1.55195763262215
367.227111816406 .917907313744635
368.208587646484 1.50726608797982
370.259185791016 11.5461311084433
386.218414306641 18.2510478852133
387.269317626953 14.2468363216453
397.233337402344 3.14061253411161
403.243286132813 20.13857852668
410.2392578125 2.80098730913913
411.263671875 2.23017404008871
415.210754394531 1.81757923865014
426.223266601563 1.08077868769738
427.250274658203 2.87530809900102
438.253540039063 3.41265901469215
443.236968994141 4.25605024524356
452.216766357422 1.30807442657689
453.230072021484 1.59337364319728
455.276794433594 8.38859487575958
466.244201660156 1.16341575509973
468.271026611328 1.08466468321671
470.273254394531 1.31199115987318
471.277252197266 1.02083601334032
473.303314208984 1.28161781069293
479.237976074219 1.71974961419642
479.821990966797 1.20977264971307
480.283996582031 3.73915079599511
480.874938964844 1.87598760937469
481.291748046875 2.57919376378801
486.286956787109 1.90408951789908
493.267517089844 1.81382585593479
496.268432617188 6.171249289609
496.870422363281 2.8116932571383
497.250274658203 11.6866311865466
497.826232910156 4.16612160971215
498.306701660156 10.5552555984748
509.292877197266 1.28345267851802
510.275909423828 3.16727881537373
511.280609130859 2.6988447342142
514.273986816406 43.300231921369
515.320190429688 27.0180151118076
523.256774902344 1.33945311795912
525.32470703125 1.3048244817638
526.314514160156 1.51128101565698
528.302734375 2.53009324324579
535.293334960938 1.30841046080575
537.293395996094 1.57422186110449
538.324523925781 1.55079056107622
539.296203613281 1.87284718569278
541.36083984375 4.10553405547984
554.324523925781 1.54142866235806
556.323852539063 3.1161806241407
565.318603515625 2.6784628933276
567.330078125 1.63920169687742
568.326171875 1.80770746089897
582.337585449219 7.85676517026855
582.885314941406 2.62887679039861
584.333129882813 2.13628102003871
587.366333007813 1.43944021449011
592.322509765625 2.37865489826452
592.931823730469 2.07117012697297
593.311096191406 2.59034252857123
595.327514648438 6.1266560707992
599.360595703125 6.70166150816516
609.352233886719 5.8550419127795
609.924072265625 2.58578509994381
610.337036132813 7.90055828671573
612.354248046875 19.8238843774021
615.395935058594 1.50518573420257
627.357299804688 19.7683744497846
629.374389648438 8.95945481014495
639.363891601563 1.1859333237702
650.312255859375 1.4646822609661
681.411437988281 1.34174390391581
696.365966796875 1.55440642345943
708.4384765625 1.47632554684814
709.402770996094 1.87722218134173
711.415161132813 2.26200128831028
726.421142578125 3.09386363973039
728.442199707031 6.80204249955862
738.417053222656 1.47175120477538
821.419128417969 1.59195035048129
829.435119628906 1.55047941502601
837.478210449219 2.23966791626122
856.443969726563 8.94586862509197
859.417297363281 1.92062631045462
882.555541992188 2.08575083137559
883.54833984375 3.80772517707571
884.585144042969 2.64972694968891
900.765258789063 63.500817899163
902.792541503906 29.6563827988081
905.83740234375 7.3920377626722
907.879516601563 5.84404861147835
909.928283691406 4.97283423753021
