1345.7269 80 1
99.9492263793945 2.94863275072
112.10912322998 4.2554876569169
129.125274658203 3.725881477425
141.126327514648 3.26705294056645
154.367752075195 2.99257782791117
154.499710083008 2.99724754768479
157.109283447266 3.67620864794545
175.127700805664 16.0465215199943
253.133880615234 3.36068266519528
270.172729492188 3.52462197626375
286.130340576172 3.3302142886807
297.174560546875 3.22016708918722
303.224822998047 3.24258868308516
313.216674804688 3.54644172167171
314.210601806641 3.76378275326487
331.225921630859 8.45216503431102
341.238677978516 3.48044921364131
359.254821777344 3.60986989542707
360.182281494141 5.72773082089818
373.158905029297 3.53156003925175
427.307006835938 3.55658776396461
440.305023193359 4.94335364281598
444.306671142578 4.89416990332711
454.262573242188 3.58884260374155
458.317169189453 6.7336686921447
468.032897949219 3.16418347008279
471.294952392578 14.0774944409192
498.325317382813 3.72164099890014
503.254669189453 4.36506539073544
505.284118652344 3.96260005712172
515.34619140625 7.17385792380516
530.28076171875 3.8034046804353
537.258972167969 11.4953317460869
539.246826171875 3.80053551873646
572.387756347656 5.03743586513403
597.396911621094 9.91805241368935
614.413818359375 50.6860162044025
625.369567871094 3.56621099713868
695.419067382813 3.83428652285089
712.413146972656 9.85919638023706
729.44189453125 5.55810495776223
731.427368164063 3.68972036880981
799.470825195313 5.40832871052399
817.504455566406 5.48158834120139
831.329345703125 4.52840670228193
931.562194824219 4.30735092866686
956.567932128906 4.63995456561072
973.569213867188 25.7275666271757
995.497314453125 8.99328092919665
1102.65539550781 4.9113347827253
1129.58776855469 4.7646008465353
1143.63696289063 5.39264140115307
1153.57800292969 5.14203151645159
1171.58666992188 74.8368358494034
1189.58251953125 100
1199.60437011719 5.35627309879542
1216.61926269531 9.41769741523866
1223.54541015625 10.0775046412266
1285.55200195313 6.72430041244283
1299.58874511719 8.57264879186554
1303.65710449219 7.47575666244002
1306.56127929688 6.03195888991651
1327.76684570313 8.516422633566
1328.73864746094 12.7985142489099
1330.9228515625 10.0057689850358
1334.80419921875 7.70962819845121
1335.642578125 7.88159726993979
1346.05590820313 20.3197511846668
1352.15930175781 21.1544234239857
1354.13635253906 18.8939754729794
1357.28686523438 9.62028714142667
1358.21252441406 16.1565287119048
1358.41125488281 16.4994899759602
