1412.8005 80 1
70.0715484619141 17.6704041283203
86.1055679321289 17.7882606540496
99.9526824951172 14.8402099182129
100.083274841309 14.7173279337593
112.095924377441 19.6809410889837
129.107513427734 19.2451816647815
154.397171020508 15.7248452111326
154.52033996582 14.4122279568575
169.112854003906 17.1736044316826
175.132888793945 90.4278006800748
202.092849731445 18.7735682195071
226.150192260742 19.7934142769863
254.213714599609 17.4037710473628
257.152526855469 17.6234208692333
274.181610107422 19.5982801310427
284.179870605469 16.9094222295592
286.183990478516 20.5463371483584
301.160675048828 25.3878427593722
303.215118408203 22.4196312308966
329.194183349609 20.3238730585822
354.221099853516 29.6929106125698
370.253509521484 19.1051818234715
371.25146484375 18.0723185027246
383.23828125 17.9367608793013
387.284637451172 19.6472828305358
391.181030273438 18.4407043808137
411.246978759766 22.8258407043367
430.210906982422 19.6057093575083
431.209533691406 17.3924795378066
442.302185058594 18.6143327261972
468.40576171875 15.8978368680061
468.568298339844 16.3475552263228
469.246795654297 22.9620584340647
478.200531005859 20.0344528104439
482.272064208984 19.2666742411753
500.355346679688 20.6557257995551
511.295623779297 39.0304889767757
528.330261230469 95.2032995176706
533.255310058594 18.8954853908226
541.304443359375 18.0227920711425
549.273864746094 20.418814308019
556.334350585938 17.3682900579836
557.306762695313 17.970232897406
559.271728515625 19.1927307639072
567.238464355469 19.5820739151555
577.294555664063 23.5592447061458
582.346984863281 19.7860550284011
585.269104003906 24.6213700765327
612.30615234375 17.8938961215283
614.319274902344 26.0327004981984
616.31591796875 18.0766992833383
624.271606445313 17.6851881953157
631.333374023438 24.4601344280592
644.403503417969 20.5662373147184
662.353576660156 18.208009745329
683.37646484375 18.2222028573897
685.370727539063 22.4008666898237
690.385986328125 18.6343659607313
691.37353515625 17.7757687758918
702.382507324219 47.6337095461731
711.369445800781 20.0957369034468
715.457153320313 21.3004270524127
782.410949707031 19.3277996441818
786.328186035156 17.8420000846347
813.552856445313 17.608030970116
828.573181152344 20.3155930774134
831.432495117188 18.8934954292873
833.391723632813 17.7666140712183
842.432006835938 17.5706071302942
887.437438964844 19.5809019234109
927.658386230469 21.4587098547369
945.489440917969 18.1316264093655
959.234375 17.6320901367996
1014.67608642578 32.3032739950295
1095.58752441406 20.8394651221428
1112.62817382813 24.9293928697058
1258.63000488281 19.7482928703229
1299.71081542969 21.3557988410341
1345.66625976563 21.2022326580486
1388.8173828125 22.8885877207444
1405.06103515625 39.2006575496325
1411.08605957031 25.3105618331163
1413.10144042969 100
1419.08776855469 25.4157374853102
1424.27062988281 35.2857323587417
1425.25476074219 50.2895783871278
1427.28491210938 70.7760249390145
1427.58898925781 52.5086932363679
1429.07458496094 46.7788724326383
1429.40966796875 49.4580483158143
1431.85803222656 38.0039702253486
1432.10522460938 33.1887658282251
1433.15954589844 30.3413217951012
1433.75329589844 30.0603595033708
