900.5707 80 1
72.0970840454102 7.79710542258919
101.08464050293 4.42063245356938
112.106117248535 6.45813503150374
129.137420654297 5.33653108073458
132.086456298828 3.7676492754555
157.118423461914 4.31995409732144
158.108413696289 6.42912475296224
173.111801147461 8.35226019184013
175.134689331055 75.9379770702102
213.174026489258 4.91841924306481
214.147430419922 5.64113826481703
215.129272460938 4.67136307355897
231.180191040039 3.99866313059474
243.128204345703 18.0724938588749
254.168106079102 9.3523307142045
257.1796875 10.5226581111494
272.172912597656 6.45003579357017
274.209228515625 11.7505244614168
314.197784423828 3.52986556534636
315.189697265625 4.37956314273048
339.188537597656 6.45984328596705
341.2333984375 5.93019764595129
342.197875976563 11.2368762763663
356.214538574219 11.7822766650587
359.226776123047 4.13777615426244
369.216400146484 4.74753518327071
370.265258789063 10.9932074148561
386.227142333984 13.678470013073
387.279022216797 13.2995710053139
397.251129150391 4.15538748966774
403.251403808594 16.1711112091811
410.233459472656 3.90619309256971
411.277526855469 5.23049636385775
427.246368408203 4.94370724930802
438.285095214844 5.00058685407266
443.250213623047 5.2043162480125
452.248413085938 5.70439954261016
455.288604736328 7.87773617590262
470.253295898438 3.97153715850633
473.321350097656 4.21457809419963
478.30712890625 4.05287688080023
480.304290771484 4.54853792715947
486.279937744141 3.95106952768755
496.280548095703 5.84875646100222
497.259216308594 10.0793270375449
498.334136962891 10.1357030320503
510.298522949219 5.74370272612613
511.302124023438 4.30826303907479
514.284057617188 33.3275542998083
526.320190429688 4.29821527380003
528.312072753906 4.60608650832517
535.306457519531 5.35182263493323
537.317626953125 4.39280967955508
538.303588867188 4.15993162005292
541.381591796875 7.24522369682127
554.360961914063 4.24889860436309
555.391357421875 4.27446423105171
556.334045410156 4.94424006049823
565.333862304688 4.77939361058915
567.332153320313 4.67774707419791
582.360961914063 8.54025980601542
585.318481445313 4.50531642306573
592.344604492188 5.61071004831459
592.943664550781 5.0166360454701
593.373046875 5.4107869322499
595.359924316406 6.54824656534841
599.374328613281 8.22214465213557
601.377258300781 4.96790318305214
609.366577148438 6.82244648142239
609.94921875 6.16065139337786
610.363647460938 9.30521310763265
612.371398925781 17.273786185434
627.375 18.2242790285905
629.392700195313 9.46996560672027
696.390747070313 8.04590137509977
709.423156738281 4.7806788747549
711.445190429688 4.76750671566397
726.441467285156 4.98442688957828
728.475463867188 8.93502909656941
837.511413574219 5.94288714327698
856.454956054688 13.1547307903538
858.4638671875 7.81974058773162
883.558044433594 8.50617956872984
884.580993652344 7.76442725319335
900.812561035156 100
903.835632324219 33.8618447922611
905.862426757813 25.7458184393773
908.190002441406 13.4117328392773
908.487243652344 11.4089529191104
