1086.6764 80 1
70.076286315918 1.14727597065775
72.0923004150391 1.30472379748358
86.1063842773438 2.6981204859085
112.097709655762 5.26178485837645
129.116485595703 6.41918520966921
157.121566772461 2.19512053103702
158.104293823242 5.50481534521105
171.116119384766 3.42894140179881
175.124359130859 73.1970102874537
185.125274658203 3.18946081022437
189.09977722168 1.2667944870133
201.117645263672 4.11289585425493
213.155731201172 1.90432300758924
217.089645385742 2.69968937111114
228.176651000977 1.19775897480805
229.134353637695 1.42814811887377
240.136154174805 1.27500034384519
243.150207519531 1.44552634792586
268.174530029297 1.27876856034959
271.179473876953 7.19100251117149
284.197021484375 1.43126515801467
286.156921386719 8.93302351750772
288.205291748047 53.6767218039559
298.149719238281 3.98235022076476
303.212768554688 9.79318942171775
306.184692382813 1.93065475850792
314.181671142578 8.53322827735273
316.159484863281 5.40418993600099
334.155426025391 6.62348077794096
342.167541503906 1.70748462201156
343.171783447266 2.25543705971063
355.221496582031 1.70575780547437
357.185424804688 1.51574352880499
359.199340820313 1.71069056938768
369.178619384766 11.0694352756363
371.197875976563 1.72347663808205
373.171569824219 2.37819584634327
382.209289550781 1.94709251239004
385.227294921875 2.5958012279171
387.1904296875 29.7794901254235
399.234741210938 2.20113936449957
400.227905273438 3.40406778701626
401.209655761719 2.01218719564557
413.228179931641 1.80714903911008
414.231292724609 1.84714217083639
415.223175048828 2.63287307534353
417.243377685547 8.46216555736718
427.234649658203 2.11171400412109
429.221343994141 3.33452604439336
432.255432128906 1.66559589455504
433.244354248047 2.79199634821408
440.229339599609 2.38149284518246
441.233276367188 2.63677721491153
442.240020751953 2.56759542740567
446.272033691406 1.89862096776042
453.250396728516 2.21778781553936
458.264282226563 11.854153933631
468.242980957031 18.1619628254444
471.248138427734 5.67269225269598
473.0048828125 1.71862017308011
473.316162109375 3.24143165654178
482.254119873047 1.95906749436564
486.254974365234 26.94113024898
488.274841308594 16.8177175492428
492.285736083984 1.74033421011403
498.278747558594 3.31464836516494
499.291625976563 1.75939932468948
500.272277832031 4.38275313745553
502.270751953125 5.75542041897521
519.299987792969 7.16670295103786
539.280639648438 3.05529931917195
557.286926269531 5.02440372815113
562.260620117188 2.18863605899926
571.339782714844 2.86465287958864
581.313842773438 2.12862548279851
584.332458496094 10.1504515372433
599.334533691406 7.50014183881897
601.364440917969 10.7649438233405
611.370544433594 2.19508203107428
624.357849121094 1.6618846812138
629.298400878906 1.92875532282781
631.325927734375 3.09946570844302
643.391967773438 3.19036268050272
648.352600097656 1.70995276320108
652.35546875 1.76184138101007
670.379455566406 4.30656874588211
683.447326660156 1.82511621824463
686.332824707031 2.67159795199091
700.420166015625 10.6223534815288
704.358337402344 1.52224311729667
725.43310546875 2.95034688028411
730.37353515625 1.85966594416265
757.431701660156 2.38000215877339
772.438598632813 2.78620016710205
784.471130371094 1.87799379282351
799.415588378906 4.63738346548638
801.465209960938 100
838.493713378906 4.13823048627765
871.473022460938 3.46484104870688
899.448852539063 4.56081607909656
916.48291015625 4.58035795917181
963.467651367188 3.4934053464939
1042.4697265625 4.013750669823
1086.87023925781 43.4891392728952
1088.88928222656 28.1283235212838
1089.88244628906 15.871398922137
1091.95288085938 7.22994338946546
1093.935546875 15.3649581823956
1094.99096679688 26.2213994030773
1097.32788085938 21.7100485226213
1097.79931640625 17.665056020461
1098.28588867188 16.3447573683473
1098.75073242188 14.7230080041673
1099.13464355469 13.6642408737543
1099.53161621094 13.9879825842562
1099.95324707031 11.6223562691538
1100.21606445313 10.0577639340373
1102.37170410156 6.70724783819894
1102.57092285156 6.3661624135434
