1812.1437 80 1
110.096046447754 1.20417791692817
175.122116088867 .788775632008616
239.153686523438 1.35257732484488
240.165710449219 1.10155510339605
257.147521972656 1.00311246269673
266.134613037109 7.33450409762774
282.206512451172 1.25506757924808
297.218658447266 .855931436087172
325.215362548828 3.31281760171616
365.221771240234 1.29498562008011
375.234466552734 1.47304301528647
376.206817626953 1.82757974039025
382.203918457031 2.96672940985664
385.180114746094 1.38318340340941
394.225311279297 8.08099279009519
396.223876953125 2.18829766399332
424.271545410156 1.912725973723
493.288208007813 2.14777519414733
513.277770996094 2.79558809014383
524.288024902344 9.8619160569116
529.304748535156 1.570420593762
553.309143066406 2.16586086163421
561.318664550781 3.98414876485877
562.34228515625 3.19933410977109
563.324951171875 2.18374014516158
567.304138183594 1.66223064177476
571.32470703125 2.07735961592466
572.339660644531 1.8495377728745
575.318664550781 1.50081475268962
578.357604980469 1.68556670718141
588.306579589844 1.62887425866377
590.337829589844 23.9139874105889
594.357849121094 2.4880564270841
603.39208984375 2.00406599989461
606.404296875 2.18165280338635
612.333557128906 5.06525309804172
623.386352539063 2.01125945143655
681.4267578125 2.34403798331128
687.391784667969 3.7405497124416
691.355651855469 2.0682346932007
692.352844238281 2.18069826669298
699.398193359375 39.6365670044474
708.378601074219 19.2791068007238
718.458618164063 3.5565186764444
720.408325195313 7.89419332784736
730.4365234375 3.35938382583028
758.421264648438 17.1280200188297
809.438293457031 3.53646343921823
813.442077636719 3.66337651755057
821.462158203125 11.9810823953776
827.478454589844 6.09150795621219
843.518493652344 5.61043469360772
848.501281738281 9.45908703577336
871.506408691406 24.8187920110609
888.544311523438 4.56919079779414
892.493957519531 15.1003451867908
912.487731933594 7.87705196925324
941.499816894531 15.1088850085958
947.544982910156 3.1597811592583
968.522705078125 3.22638242069238
983.512634277344 8.51519691703763
985.5400390625 31.8401112355748
991.538024902344 4.31035049452313
1002.57025146484 9.6031978779321
1054.56591796875 11.8967966138532
1076.55310058594 3.66488992738272
1085.56982421875 4.33062312691541
1096.59326171875 6.02158809989985
1097.146484375 4.80792159121194
1105.6201171875 4.3110964711292
1113.59851074219 99.7276978220457
1117.59741210938 3.76239350909756
1125.55798339844 6.82898948167066
1192.62780761719 10.3563779022155
1205.64990234375 6.13444922473759
1210.6630859375 7.48009283521311
1222.65454101563 100
1241.70385742188 4.41967166876391
1267.68713378906 7.60632783212639
1291.69921875 4.38286116153596
1321.72802734375 4.1528130744738
1324.69909667969 7.48943721498427
1401.74157714844 4.03922742964998
1409.78137207031 3.6884700999241
1418.76867675781 60.3905888942318
1437.76013183594 11.6392349162259
1536.81115722656 10.3095285693163
1546.84533691406 43.3220908884805
1665.73986816406 10.1283123981368
1674.81079101563 8.09567795325384
1683.7333984375 11.4064314596799
1812.423828125 30.7450799021549
1824.49243164063 15.6049204554264
1826.54077148438 73.4865945201036
1830.52197265625 54.9702887527988
1832.66052246094 26.6791247487295
1836.29309082031 22.2074220386203
1840.91125488281 18.9540277789084
