1086.6715 80 1
70.0765991210938 21.2962537223324
99.9493103027344 19.7118388789855
100.063003540039 19.6437585661891
112.111442565918 25.4459426048453
129.118835449219 26.9261967284774
154.236724853516 20.4355977006816
154.398498535156 19.4219380056053
157.11051940918 21.8413191058797
158.096710205078 21.487124644586
173.142990112305 21.2833044534061
175.130187988281 93.9946348933549
215.151794433594 21.2345472140467
229.123886108398 22.6516597364183
232.148635864258 22.0690468434691
271.19189453125 22.4541308363489
276.182342529297 21.1800215055529
285.158630371094 21.609345840449
286.167449951172 30.3151067254638
288.213195800781 62.7949596205738
303.228149414063 46.1567982513077
306.167816162109 24.3379427073327
314.169860839844 26.7441415805894
316.162567138672 26.5675593473719
334.164886474609 31.7068965254788
338.182525634766 22.9908275116691
356.187347412109 23.5046886034611
369.195922851563 26.4285384943436
387.198150634766 36.9947620920294
400.2470703125 23.2346631453741
413.24365234375 23.1605227212527
414.315124511719 22.7571132846247
415.229339599609 23.549478442044
417.251586914063 29.2207734655342
429.243530273438 21.9461079232881
458.268127441406 28.2183971222854
466.416229248047 19.7354330878707
468.256500244141 35.0018600369862
471.280944824219 23.1421289905525
473.365356445313 22.2261644500888
483.535217285156 21.9427046011876
484.278045654297 22.4664993105223
486.268829345703 37.1251944382042
488.299346923828 30.0409623549256
491.242706298828 23.366661112187
502.294464111328 28.4275074182748
519.320129394531 35.2149423573478
557.304138183594 23.4398647246863
584.343078613281 31.8830427180551
588.283813476563 23.9095356226923
597.369995117188 23.9936178445642
599.356018066406 27.2778894688332
601.375915527344 26.8237421155779
631.349304199219 25.9613817654177
632.58203125 24.4369843952791
643.430541992188 25.103085911544
652.367553710938 23.0548251894575
670.394714355469 33.2217543506933
686.8984375 22.4533544279315
687.3466796875 23.167188167954
689.484008789063 22.7042534932297
696.460083007813 25.2864239294096
697.336364746094 24.1793480397156
700.454284667969 27.16117924339
704.26953125 22.9163456527879
731.421691894531 24.667854043981
757.482238769531 23.3714497346931
799.4716796875 26.2563486770463
799.665100097656 24.0009355739212
801.5146484375 100
899.507385253906 24.2566257513539
1081.82958984375 30.6194581137297
1086.92199707031 73.3262729367158
1088.87915039063 74.5937498973028
1092.95446777344 41.3789778874473
1093.22021484375 39.4402572608485
1095.01293945313 88.5253778427307
1096.70092773438 60.3455365293723
1100.1103515625 41.510688480004
1101.54162597656 33.4328968948258
