1940.2493 80 1
70.0699844360352 .757251430071394
73.0746841430664 .645392545064239
84.1032333374023 .762741640264718
86.114860534668 .845746339768877
110.098823547363 1.21272398188331
197.146575927734 .911262602620096
210.154907226563 .66868131881
231.140014648438 1.16419021852066
232.156204223633 1.71290184376457
239.150238037109 1.63191245108562
240.149673461914 1.82433574054288
249.142181396484 .656229002261852
254.174911499023 .631113353307683
257.171569824219 1.72040995837794
266.149658203125 3.59907714281966
282.188262939453 1.38084927467526
284.161010742188 .937966420404695
294.161254882813 .783916495915092
302.208984375 .731309168506628
325.212860107422 2.35334389716745
347.192932128906 1.02757366597852
365.208770751953 .985260636404379
376.215118408203 1.01187867132178
377.189819335938 1.12233618690295
394.221343994141 6.14969201512466
396.215789794922 2.39217052301484
397.239379882813 1.45374186456244
424.249877929688 1.93362097200777
453.264831542969 1.14656321976672
478.308959960938 1.35511046875538
483.239074707031 2.42472702006004
493.297729492188 2.01584084316336
499.289245605469 1.09587769512821
500.244018554688 1.11053141317212
505.307952880859 1.26959699147072
507.296051025391 1.3396002734814
519.256469726563 2.30069014155331
522.313781738281 8.78740537768462
524.292236328125 7.88021821465711
576.341918945313 1.07468558145267
582.327087402344 1.32514228615074
590.338623046875 2.88617888048839
592.329528808594 2.36675314313427
601.336059570313 1.97415836230561
606.42236328125 1.31571044970121
612.306884765625 1.16417926847215
619.374572753906 3.20446322545652
623.362670898438 1.59918358343067
681.374389648438 2.87748544792536
690.440002441406 4.71208998298445
699.40576171875 32.0215881114544
703.369323730469 1.84492050650225
712.418579101563 2.75202593911641
715.410339355469 1.48416566651881
718.437438964844 30.586315021734
720.418518066406 8.29862039924798
758.435791015625 1.88566415079071
766.372314453125 1.51727397113671
809.441833496094 2.53770890928567
810.433837890625 3.69798176947815
810.994812011719 2.24190818474007
815.490661621094 4.23509068588637
817.460083007813 2.17375750867999
827.467041015625 4.17875812577007
848.4912109375 6.15321028630028
858.534545898438 3.51335237639386
886.524536132813 17.0513117347398
941.500061035156 10.7135499223668
956.484497070313 2.94197191206074
971.598876953125 3.71394774133531
972.566833496094 4.20247111656177
999.597473144531 27.1741804163996
1016.64324951172 4.62196802148942
1038.58508300781 2.5073146294088
1054.56713867188 6.7805405344899
1096.59692382813 3.1968205782664
1098.63464355469 2.75355866139352
1113.63586425781 31.2050642653458
1117.615234375 2.92295325385972
1125.62158203125 3.04630484276652
1130.67077636719 6.82268958849148
1205.65100097656 5.91400264692254
1213.68249511719 4.13419444568712
1222.65942382813 100
1241.68884277344 80.7763522188773
1321.72546386719 4.58357826701326
1338.74243164063 4.09088577218947
1395.75952148438 6.1089030582252
1418.77563476563 61.7925851476012
1452.79248046875 5.19716642519747
1537.91430664063 2.9489176494969
1539.81115722656 3.11916380758167
1546.86169433594 26.9135933108241
1565.86169433594 10.7888152773294
1657.91540527344 5.20349084377863
1659.42468261719 5.26939101345875
1664.91967773438 9.7670160791881
1674.91174316406 13.1623181127237
1793.81713867188 9.16659613113368
1811.833984375 19.7955644496774
1923.36047363281 12.1775373710863
1940.48559570313 39.814400695419
1943.40380859375 33.3422863625335
1954.654296875 12.0636083494597
1957.70642089844 23.2522262873434
1962.84838867188 30.2641434956482
1964.65124511719 30.7356970135447
1965.16540527344 29.8510860727858
1968.42749023438 23.1216454651805
1973.44812011719 13.9307737540962
