1086.6776 80 1
70.0742568969727 5.64859499960379
72.091178894043 5.77875465268085
86.1089172363281 6.82687739511271
112.097442626953 9.89217676022189
129.118804931641 13.0729514093872
157.122985839844 6.77392804811708
158.109619140625 8.5295297848932
171.121276855469 5.66307103022492
173.130828857422 5.4637285208461
175.130294799805 89.2237489121335
185.145477294922 5.63477220658312
201.141754150391 6.23820773343198
217.096633911133 6.81479567056062
229.137771606445 6.40821630711206
240.152359008789 6.54325859414688
243.196731567383 5.44538657619753
258.173400878906 6.21855812443638
271.183197021484 11.2321789053146
286.183654785156 13.9293766628286
288.213134765625 49.3468583239995
298.170166015625 7.10278529699531
303.225799560547 33.7406442066223
306.176208496094 8.153707606493
314.192626953125 9.7885672517829
316.167297363281 9.85970990016243
334.170776367188 23.9138451144032
343.169677734375 5.81538098730591
369.185821533203 12.0659593285201
373.191802978516 6.51882069011883
387.199951171875 25.0997085542393
399.231597900391 5.97262859617169
400.229370117188 7.58910420104045
414.255676269531 6.34035110398471
415.241851806641 8.56179877103873
417.259460449219 10.9992873336332
427.223022460938 7.12602882266312
429.250457763672 8.02036246879685
432.275451660156 8.5519371030113
433.257263183594 11.2277920660114
440.266265869141 6.12849013632311
441.242065429688 6.328654345669
442.242828369141 6.86340384146392
445.238555908203 6.18833779922179
446.260192871094 6.03045613764624
458.273071289063 11.3573528651038
468.257690429688 18.2862431418019
471.260925292969 11.3079972762275
484.268218994141 6.45325910084996
486.267486572266 24.8477865223073
488.302886962891 14.4689166733954
500.27783203125 8.00896918057029
502.291259765625 14.547213859028
519.317138671875 33.4205679297801
557.308776855469 9.73416334125655
562.291442871094 7.68271188076298
571.347778320313 7.58425185067048
584.353454589844 11.0809417165843
599.355041503906 10.5958202034029
601.37744140625 12.5796254222075
614.348266601563 6.29115898306139
631.348937988281 12.8252224652178
642.411071777344 6.28071288935549
648.37646484375 7.49322255683596
670.415893554688 10.2356335523646
682.405395507813 6.07053892365235
684.458557128906 6.1281241964246
686.341674804688 6.47288714666263
700.447265625 13.514123033389
730.417297363281 10.0958942967192
747.428466796875 8.17246345326682
757.4599609375 7.56310375901423
781.431030273438 6.70225757741426
783.486267089844 6.05731926554239
799.463623046875 8.91141534006926
801.509887695313 100
899.507690429688 7.98064054899915
916.541625976563 10.9453911092225
933.514953613281 6.76644023284546
963.527038574219 8.47119852112335
1042.5849609375 8.31350030515551
1080.76171875 11.0457417230888
1082.8037109375 9.25903763178462
1086.9072265625 51.1956526492268
1092.974609375 14.4156803458034
1095.02099609375 61.2624766043033
1098.95251464844 17.4906225760545
1100.56726074219 13.5393173929005
1102.1435546875 10.0028421860627
