1080.6094 80 1
70.0807800292969 1.473761922466
72.0904159545898 1.74929918270317
86.1202774047852 1.54360593864608
112.097099304199 3.57111357277197
120.097709655762 1.5568571234853
129.115692138672 5.9521195977714
157.122650146484 1.66342178645264
158.106323242188 2.53310362896148
159.102569580078 2.18603141688579
175.127166748047 41.7325938570494
185.13166809082 1.71531431201905
201.139907836914 1.61326460636422
217.090591430664 1.94872395818024
229.134460449219 2.05798622038834
240.147064208984 2.08102519823166
243.188888549805 1.82809967123054
258.164489746094 1.96694289186221
268.177276611328 1.58030046442223
271.184356689453 3.11959586214578
284.192260742188 1.49935083587498
286.188690185547 5.6648174259257
288.207153320313 16.4598255470096
298.150329589844 2.02354265326723
303.222381591797 16.8034450288873
306.170166015625 3.3424755833418
314.189605712891 3.13619307879843
316.169342041016 3.39588054415632
334.165893554688 11.5071763709566
345.186981201172 1.52542526383911
346.151031494141 1.56832293516433
355.218109130859 1.63660030577182
369.182922363281 3.37020354922162
373.190765380859 1.74972113749814
382.211669921875 1.66448913935433
387.197906494141 6.41637985113021
397.216552734375 1.68987117599551
399.223968505859 1.582259950319
400.214172363281 2.02487281552567
413.226287841797 1.63311296625931
415.232086181641 3.37255238990734
417.241302490234 3.49154503630389
429.254150390625 1.79724230980374
432.268432617188 3.6467459148018
433.240203857422 4.69465510673132
458.268463134766 3.39008077754972
468.234069824219 4.04267401314049
471.256896972656 2.43645531373898
474.223724365234 1.77185432724951
484.257019042969 1.92708665757713
486.245880126953 6.90174637354745
488.272674560547 3.99022548319458
500.264343261719 1.84291828076199
502.275512695313 6.14185950604956
519.300537109375 15.2101242040711
557.28857421875 2.70132089024264
562.278625488281 2.8819607631281
571.328369140625 1.87819206136988
581.321228027344 1.9360475175982
584.328735351563 3.09337783012995
599.33251953125 2.96196552458247
601.353881835938 3.22687563392454
613.298706054688 1.79168899104144
631.315673828125 4.76613547918869
648.34912109375 2.84203850870504
670.374938964844 2.79852385663684
686.345031738281 1.76722729972761
700.449462890625 2.84830394281909
730.390747070313 3.38411813393189
747.415405273438 2.76123953729256
757.451477050781 1.73282982368421
773.402526855469 1.92959148621622
799.450744628906 2.40119096457938
801.484741210938 24.1581815671696
803.621826171875 3.26087600498889
916.50634765625 2.73199712685608
963.529968261719 3.81104535246572
1080.83715820313 13.9779961916763
1084.88049316406 6.41019142684172
1087.01635742188 100
1089.05078125 86.3490575663848
