1513.9731 80 1
70.0808029174805 3.00560722623504
86.1086730957031 3.75838083796651
112.111320495605 3.38020507143106
114.135238647461 2.81836689202147
154.436111450195 2.44277360227466
174.146820068359 2.80052419736402
175.131378173828 2.9407155582782
185.112777709961 2.81793935181082
204.147521972656 2.99460372832126
213.181701660156 2.94664920799218
253.175430297852 7.06703070651989
270.204620361328 4.98707006640734
272.146545410156 7.99137859378712
287.225921630859 5.83845241368669
288.210540771484 4.60326344980827
289.178924560547 3.15415533671331
305.187042236328 4.56927433371892
314.219482421875 2.94309703660935
365.286682128906 3.48677591675847
366.274749755859 3.49577864717641
368.286193847656 10.0079749971575
382.312377929688 3.58659291632201
384.279235839844 16.3020573109287
387.166351318359 4.1343516973019
392.256622314453 3.27928061707206
401.308013916016 4.4602403376458
409.267730712891 3.8551396685252
410.302093505859 5.56994740699904
411.276824951172 3.6674703474742
418.277465820313 5.13925305398784
426.29736328125 50.1507434699416
443.325347900391 70.0548955017327
453.341949462891 4.01027360940033
459.189239501953 3.61579989761123
469.338623046875 4.3257187617216
497.342376708984 3.69528567380473
499.290069580078 6.27510455441293
516.310119628906 3.62952970834741
517.337707519531 6.77100788263128
524.304565429688 14.1695905666629
541.324279785156 60.6383964293958
558.350158691406 38.5080883168061
584.370300292969 5.23046196291799
598.283325195313 3.64864717052004
614.332092285156 9.51396567537892
622.292114257813 4.02308576277409
630.4443359375 3.5903411676313
639.324523925781 26.6138596421001
639.916564941406 10.1954588193236
656.350708007813 100
741.3818359375 3.79088282172994
743.374145507813 3.79339705906695
751.340637207031 7.34318001975044
768.367065429688 7.08310198602381
785.3994140625 13.4805767820985
822.40478515625 3.71448216313153
825.355590820313 3.70047030150618
840.478881835938 3.77334805191485
850.412414550781 7.23777102238527
856.478332519531 4.98766392736506
857.449035644531 5.02549230825402
858.490905761719 4.11848740942356
884.469604492188 8.6203431488652
938.503601074219 3.78814216663637
952.515930175781 3.93555599772553
963.540710449219 4.62723182355119
969.552551269531 6.5303606091048
971.5244140625 4.62825471267853
973.582946777344 5.18535762799554
981.549377441406 4.03600058531677
997.553771972656 8.90857584623186
1029.72412109375 3.63988962267457
1052.55603027344 3.99421630017785
1068.634765625 5.86594129835213
1079.65063476563 4.25049334271616
1088.611328125 4.01156449647101
1096.62573242188 8.72069192843166
1116.62609863281 4.50132205815781
1169.47717285156 5.94344676648561
1181.74108886719 4.65912341347945
1209.70947265625 7.24078595791561
1227.70166015625 6.42702781048881
1244.70959472656 34.7894478870047
1266.71203613281 5.16526538736892
1270.65368652344 5.989325832045
1292.74340820313 6.10119686988719
1341.78247070313 5.24855603997695
1343.74572753906 14.4403187493801
1350.71911621094 6.03608213208146
1351.24572753906 6.83557505153612
1367.72436523438 19.4637125395004
1368.72399902344 32.6793206973962
1369.24035644531 13.5496913189438
1385.70788574219 92.7231227706283
1400.73828125 5.6320544837405
1453.76428222656 8.5312468110146
1469.79968261719 7.31105333230494
1471.82434082031 26.1705860839583
1496.05786132813 12.369604947621
1496.99304199219 33.3725720237777
1499.60327148438 17.6660686372195
1514.24548339844 41.9356912465827
1526.46032714844 18.9826028300173
