1940.2307 80 1
99.9526062011719 7.65226906861314
100.058280944824 7.36159086983729
154.572463989258 7.86791882096008
154.698364257813 7.52085501663037
175.145660400391 8.96021999905832
232.151504516602 10.0066126238717
239.176498413086 9.11882999889322
243.128662109375 8.62000785254296
257.175811767578 9.08545168826616
266.16748046875 10.5708725355948
284.17919921875 8.64118097887957
302.198638916016 8.42220462450631
329.210388183594 8.85577675830728
347.17529296875 10.0641372539569
365.226013183594 9.03887856503144
394.220367431641 12.6399975940956
396.242736816406 10.3698408206269
470.529296875 7.88862805468007
479.321563720703 8.82133127230485
484.245361328125 9.27513901908364
493.276275634766 9.12627284879597
522.332153320313 16.2802777485471
524.285522460938 14.0915367697854
590.345397949219 10.0232591144059
592.375244140625 8.92556758192763
599.32568359375 8.77290104989822
606.3955078125 9.39895276450259
619.373718261719 10.4237907814837
653.345520019531 9.94476481478177
657.382690429688 11.2948160152964
690.462585449219 10.3553225660216
699.414184570313 39.5381853110084
712.331298828125 9.2179780819216
718.444274902344 36.1967587330912
721.391784667969 10.8598351099392
732.518310546875 9.1601457651218
733.367065429688 9.17021979504563
809.470336914063 10.525805465172
812.032104492188 10.0997708220383
815.486755371094 12.3648850911028
827.45458984375 11.1737066887868
848.48193359375 13.7213671385141
858.518981933594 10.1651368772283
886.526000976563 21.9361215697726
941.529296875 15.4168315583951
971.635375976563 11.0484768062308
999.624572753906 32.4573506467286
1016.65655517578 11.2742185160473
1054.60791015625 17.0038979765332
1097.65771484375 11.0009198915542
1113.65759277344 41.5954759657763
1130.68017578125 12.2737906452899
1205.69262695313 12.4157148251686
1214.72143554688 12.4098623848239
1222.69799804688 100
1225.21044921875 13.4268417440206
1241.73156738281 89.6647615661437
1321.75610351563 13.7986818334259
1338.77587890625 13.870780029459
1378.77612304688 12.4896886038122
1395.79797363281 15.0414176336007
1412.74096679688 13.070133059078
1418.81494140625 75.4566662869918
1444.68603515625 25.8424298256103
1452.81787109375 12.5668860053242
1538.90417480469 12.6793525871283
1546.92651367188 37.7304572102282
1565.93591308594 20.449534459161
1658.00439453125 14.2867418934279
1659.50830078125 13.1910942401325
1664.97290039063 18.8232069938886
1674.98645019531 22.2866843029245
1793.91479492188 17.8592309099572
1811.89965820313 31.3615378932449
1892.95581054688 17.388018851662
1896.53833007813 26.5708551917366
1940.59643554688 33.4293649418478
1941.48229980469 44.0099656030157
1950.439453125 14.670142053425
1952.65893554688 19.2232792154928
1954.72058105469 33.701935902548
1957.71301269531 53.9853990285327
1960.77746582031 47.3002311347047
1963.00256347656 37.708845206455
1963.87658691406 41.7004152019584
1966.66027832031 26.1658360793052
