1513.9694 80 1
70.0825424194336 5.98762408435675
86.1126708984375 6.15340582511001
99.9486236572266 4.9788041944212
112.093154907227 5.89283218349527
129.127563476563 5.81474831671793
154.435073852539 5.01263758986925
154.564605712891 4.82986175257185
175.137893676758 12.8949626893664
185.118103027344 5.7558666945572
253.185317993164 8.20854985198411
254.183120727539 7.61822717195442
270.194885253906 8.01819277788728
272.137542724609 9.65879615095685
287.226043701172 7.65192652875215
288.221313476563 6.70553097945667
289.145050048828 5.76282041930411
305.213684082031 6.21175496128405
330.223999023438 5.84263148772837
334.172546386719 5.96628142682007
368.282318115234 10.9656615383276
384.275390625 19.1455672054689
387.164123535156 6.92936568286425
402.278961181641 6.0859178120666
405.197174072266 6.12195604488615
410.308776855469 8.11504098196837
426.298828125 50.9701134110863
443.326110839844 61.3524480489814
462.224365234375 6.23999380895338
469.325653076172 6.76592174439195
481.298278808594 6.49594392243777
499.315093994141 7.04481000484815
516.232543945313 6.86042149826191
517.328552246094 7.99665962082688
524.293640136719 11.9562629987068
539.287170410156 7.28087855366706
541.325622558594 59.6881475731109
556.310363769531 8.25179888100741
558.352966308594 38.6375522024172
572.325439453125 7.52046288796548
582.317504882813 6.39159510159994
584.366271972656 7.46721733156327
599.360778808594 8.82231050535456
614.320495605469 11.794451325294
630.393981933594 9.8571654793288
639.327697753906 24.5833162489233
656.353820800781 100
725.377746582031 6.60175535727968
734.998779296875 6.32256233337689
751.362854003906 8.21884487932126
757.411193847656 7.06847883247318
768.391845703125 8.83752183416241
785.399963378906 18.8371090165943
803.428344726563 6.75133962772631
850.425537109375 8.40812964421554
856.431762695313 8.1348160673322
857.484741210938 7.39107639886672
858.519897460938 7.51400684210581
871.417907714844 7.16632543659449
873.45263671875 8.84182073464032
884.46142578125 11.1781229996208
969.576721191406 7.73831542314495
973.613403320313 7.87733265190398
997.555725097656 9.01966371696214
1026.61596679688 7.38311657893679
1027.50463867188 6.81805114717328
1042.53784179688 6.95818560329404
1051.62121582031 7.48042738637044
1068.61535644531 8.06961154317807
1088.58825683594 7.82756959501473
1089.57836914063 7.84083029459899
1096.61743164063 11.25416282172
1209.72644042969 10.8264796693039
1227.71215820313 8.72884172166415
1244.70007324219 33.1962354760085
1271.65991210938 8.79607937413106
1317.68798828125 11.4806834878814
1319.88049316406 25.4793143394398
1335.87915039063 10.5191918579634
1343.77697753906 13.2068965773952
1344.81091308594 12.1730752579526
1367.72009277344 20.7376081428842
1368.72729492188 31.2190168496569
1385.71691894531 89.9372457166902
1449.67053222656 23.0895387060386
1471.82836914063 28.2392785973268
1496.98022460938 39.7198933657933
1498.67663574219 36.729998240783
1514.2451171875 69.6367130954122
1526.38684082031 30.6929038728773
