1812.1270 80 1
99.9494934082031 13.7470316391315
100.066070556641 13.7411808035852
110.087272644043 14.9017676048637
112.10619354248 15.6575031517395
154.536529541016 14.0046915009295
154.663787841797 13.1799702570705
175.128631591797 30.334186521078
243.141632080078 14.5870759595009
257.203002929688 15.1435658605229
266.133514404297 20.9727567971311
273.130157470703 14.9874061957731
382.210266113281 16.8382809453361
389.231536865234 15.3691734086037
394.240417480469 20.1271172364558
396.195220947266 15.3243720249333
470.079925537109 14.6680060269925
513.28466796875 17.4824307287895
524.283081054688 19.512741074542
554.317077636719 16.9794680420837
555.339721679688 16.8306112827116
561.303100585938 18.2016422058669
567.341491699219 16.567369076432
569.325378417969 16.9100957282839
570.335205078125 17.690290269533
571.3212890625 16.1573971480626
582.318725585938 17.7773628761196
590.361389160156 26.0876090728831
599.362731933594 24.5297676894603
600.358093261719 19.1009588303384
612.340942382813 20.9544648439193
687.379699707031 16.830144453867
692.39404296875 17.7105413563931
699.407348632813 41.8090200617762
708.390380859375 38.3077531759836
716.405029296875 17.8367997309415
720.439025878906 19.9826664644601
727.423034667969 17.1517828219365
758.430786132813 23.4914939142025
813.449951171875 18.4269668195596
821.46630859375 30.6244849407721
827.506530761719 17.7924123032355
843.531677246094 17.5625705401597
849.489624023438 17.587406350523
858.466430664063 20.7673737705121
871.520324707031 31.8535952526859
873.5458984375 19.3925071133368
892.520446777344 33.791419840587
912.493408203125 22.6461602424828
941.525024414063 24.209287882258
983.562194824219 19.2292279218327
985.576049804688 38.7478814739618
987.540649414063 21.5051588456071
991.589782714844 21.3864197683704
1002.59851074219 18.7571411917392
1033.50451660156 21.9863985160517
1039.568359375 19.6173427173669
1054.60656738281 25.3194409195858
1096.62622070313 20.9168616515321
1105.59399414063 20.6505314111333
1113.63549804688 84.2943322335774
1125.62219238281 20.3786508078976
1176.5693359375 19.169742062878
1192.66735839844 26.5787542839929
1205.65246582031 19.8639923821786
1222.69750976563 84.8569646736944
1267.7275390625 20.4688937239633
1321.82153320313 20.4554309990859
1418.83312988281 66.2266941502477
1437.80786132813 21.3167549772724
1507.85290527344 20.8985872366415
1536.90307617188 22.9902342500717
1546.93005371094 51.00986478986
1665.84191894531 23.3874663934815
1683.79260253906 22.8986073541276
1688.81579589844 22.7835332701954
1789.16259765625 29.9981172096325
1801.1357421875 27.2294765533278
1817.45471191406 40.1669060131682
1818.30712890625 41.5522951472497
1826.60412597656 100
1829.5791015625 79.146224205772
1832.8603515625 55.6387920842335
1833.58142089844 56.575007273245
