1152.7460 80 1
99.9536437988281 30.0653681194557
100.063652038574 29.135583958767
154.275299072266 30.8401161472274
154.403137207031 28.9864904904587
175.132736206055 31.1378138631173
232.144226074219 35.2634393238295
251.168670654297 35.2810631823885
302.175994873047 35.204025131618
364.243286132813 38.9418712860106
373.290771484375 32.5528096853293
385.273406982422 32.3862101288086
466.875610351563 30.4166437623648
467.0390625 30.0729010898462
479.284820556641 33.0797144861273
510.357147216797 100
530.291259765625 35.4987195683049
597.482849121094 38.4977108476896
599.359313964844 31.7694238118017
599.923217773438 30.9988889843325
615.37060546875 39.060322805325
623.458068847656 59.5938399102143
626.458740234375 32.9698139061752
641.549560546875 32.3744747875726
643.44091796875 33.2195866716759
644.343627929688 33.0612670473524
738.467651367188 40.8903191280745
752.439880371094 49.3686123259235
753.965637207031 33.2944723678387
763.07568359375 32.332322479315
771.488464355469 32.9436756576719
778.386840820313 32.3532203535055
780.441162109375 87.7429301730032
783.400573730469 35.1010895170292
796.507995605469 33.2321044411907
865.5302734375 40.4083032393549
866.51953125 48.2488854431
868.519287109375 33.2590930728164
893.53662109375 93.4754123456591
908.5556640625 33.821283223096
978.580810546875 36.5804545495697
979.595886230469 36.4758436179605
996.542175292969 34.0572089032173
1006.60198974609 70.2877945563611
1150.85363769531 35.2646652183784
1151.14416503906 36.5135848175862
1153.04174804688 54.3239704879099
1155.99523925781 45.5330698483092
1156.45446777344 38.7689817100432
1158.23217773438 38.1144585251934
1159.08288574219 35.6446898211723
1162.18127441406 42.9432517385719
1162.40698242188 40.7541224602811
1163.08422851563 46.7186874801902
1165.3173828125 62.763631763283
1167.69482421875 90.6470700275584
1168.88562011719 76.9169990985127
1169.13134765625 88.6232805691859
1169.36706542969 75.5435337029817
1170.67785644531 70.9810205966312
1171.16088867188 76.1786889451992
1171.30493164063 76.246160795
1216.17846679688 30.3965978957152
