1375.8330 80 1
70.0809783935547 27.79537886997
84.0913848876953 28.4266292417018
99.9514617919922 25.5098597745616
100.064636230469 24.5913600514637
112.10612487793 29.8802734153975
129.120971679688 28.6594624045624
154.384033203125 25.7551663483432
154.509628295898 24.7073726367122
175.13134765625 52.1502313061357
199.125549316406 26.9968388186044
282.196563720703 28.9568556783122
299.209014892578 27.4955233627881
300.210632324219 27.534721363119
304.177795410156 27.9838563402299
316.173461914063 29.9189113982031
317.192352294922 29.8743349250307
370.225830078125 29.5176576890434
387.235992431641 30.5886909756739
446.249877929688 36.1613981754288
457.248901367188 30.0032965904068
466.256591796875 29.1588459335832
468.210632324219 28.2915709904764
468.410278320313 25.7449440695979
483.317535400391 30.1700615128781
540.275512695313 30.6770815607127
545.294616699219 33.6984890349214
604.351806640625 29.7631329594623
614.322692871094 29.9254527716341
632.357727050781 31.0353374469255
673.399780273438 36.4439742612074
703.40234375 31.8525454405134
738.401916503906 31.2175634622922
739.422302246094 29.1817052497693
744.423889160156 32.2210429641021
745.406982421875 31.3366766548596
815.412414550781 31.3465089954762
816.475830078125 35.9809646770628
818.514099121094 39.4930811701477
831.480407714844 31.0621966249094
833.572448730469 29.1045836922823
930.569580078125 29.5302790552118
1059.58312988281 38.1920659703779
1062.50830078125 30.6033141164203
1243.68286132813 36.3046741653029
1247.73950195313 33.2008726723137
1331.6708984375 38.9585691014797
1343.3701171875 34.9489809745961
1358.861328125 38.5835693826407
1376.08679199219 99.8605736120774
1378.51916503906 54.4622850920071
1380.38305664063 42.5535875469359
1382.09790039063 47.1991638399072
1382.32006835938 48.8159275215824
1384.12841796875 49.4303335801774
1385.37231445313 45.832351420575
1386.177734375 55.9503645820101
1388.33117675781 100
1392.23291015625 55.9814333402889
