1549.8541 80 1
70.0859298706055 3.43462374329514
86.1161575317383 3.59175777130466
112.10237121582 11.8467069089752
129.121383666992 6.64253340128065
158.106048583984 5.82170707232904
159.109405517578 5.63773958651695
173.103469848633 3.34462057349118
175.130325317383 37.9979236172747
186.106216430664 3.99742979339566
205.114227294922 3.28576098253101
242.155136108398 3.14358944699797
243.111938476563 3.98424913299017
244.123428344727 4.57482543090456
283.128173828125 4.37727776994106
287.151397705078 3.55266344248042
299.182495117188 3.42558449118201
300.135772705078 6.59706392954396
305.167633056641 5.36393376307175
315.161651611328 4.47708660601572
322.192230224609 6.94860179595811
326.154663085938 4.29410201517751
340.188171386719 3.4426713229365
343.189636230469 3.79528290832898
354.148956298828 11.3761319424317
356.182586669922 4.78050401154198
357.201049804688 4.11319593583886
358.184204101563 3.79530813208607
359.173431396484 4.34386081914463
362.193725585938 6.39062346208998
371.173431396484 11.5439094719839
379.212982177734 13.0493915386724
383.1865234375 3.66931786770975
389.205078125 3.48680938683586
397.183349609375 3.98324886780995
398.192840576172 4.56773450613813
406.187164306641 3.57724755095613
413.205078125 3.87563535779861
416.195953369141 4.6228860200174
428.225830078125 4.22383324767481
439.232299804688 5.28476941723712
448.2431640625 4.00921917418875
449.213714599609 6.47346567193384
456.258453369141 6.15558978709922
457.246887207031 3.90404922719435
466.244995117188 10.0515570638184
467.243011474609 13.4350877310729
469.222015380859 4.94552965691462
470.2333984375 4.31854226508259
484.250518798828 7.56727569616017
487.239501953125 5.37220734018501
506.237854003906 5.73958036715501
512.249633789063 3.9887536525109
513.316833496094 4.77816014242209
514.316162109375 4.04996302585269
523.265869140625 12.8532445815822
524.258178710938 20.659215740062
526.258972167969 5.34882408581491
538.248413085938 4.68326356374368
539.295776367188 3.95854658649427
541.275085449219 7.01815801542184
544.275329589844 3.8892249572109
545.250549316406 4.01653840629495
557.334594726563 4.23578838458589
558.298156738281 3.7837531566839
563.265441894531 10.1704723877139
580.295532226563 16.5481716771261
582.278930664063 4.74350159145091
600.294311523438 4.63223765866057
601.316040039063 3.94610646972627
609.306030273438 4.69248123005069
614.276000976563 3.91436047734332
634.294616699219 8.21729653597284
651.328247070313 21.5454754515226
661.317932128906 3.87259714239853
665.335510253906 4.00763876259558
672.334228515625 3.81447236660354
682.347473144531 5.50101370306751
683.35693359375 5.76821330441906
692.359436035156 3.91530244145863
699.362060546875 5.72254093388911
710.337524414063 10.5351809359044
727.361389160156 6.43672380493793
735.350036621094 10.4452143544074
752.38037109375 13.1299671213778
763.364135742188 4.25290376630719
780.409301757813 3.90305432090757
781.390380859375 9.712183885528
798.39697265625 8.16339567695035
806.365966796875 10.0866245537964
823.414916992188 13.4856220962743
849.411193847656 3.89595101524939
899.462646484375 5.2128009565647
952.456604003906 4.49684262868019
953.438293457031 4.70794939880016
970.494384765625 4.1579864912127
992.472900390625 7.04767553968344
993.511535644531 5.93208955954213
996.456481933594 5.15051823382344
1009.48907470703 9.12345455795841
1024.49353027344 4.17116632006576
1037.52526855469 5.5111566100465
1049.49951171875 7.79655983285101
1066.53894042969 10.672447698013
1162.6015625 4.16150321883968
1179.61511230469 7.46021147272711
1250.65710449219 21.3074747974567
1254.63330078125 4.72641780872201
1347.66296386719 10.033533626842
1364.67785644531 5.86330465115585
1365.65856933594 7.40900521316111
1393.68334960938 5.74531401356402
1436.67041015625 5.94011404050484
1505.6923828125 8.55140173721577
1531.8896484375 11.7036987393015
1532.92443847656 21.950406006029
1548.17004394531 11.0886505924896
1550.16125488281 100
1554.13208007813 31.3867136873471
1561.45129394531 12.9874822753675
1562.37854003906 26.6212234473482
1565.42700195313 22.2790333094329
1565.72314453125 21.7850963393037
1566.53662109375 21.2798088632757
1567.40063476563 17.0907696172236
1570.8984375 11.5403374923176
