1247.7329 80 1
70.0750198364258 15.1962951903228
99.9493560791016 10.5921900416655
112.100280761719 16.6046970134609
129.125717163086 14.7923796818247
154.323883056641 10.62859251662
154.473693847656 10.7500220844785
158.093109130859 12.3908287105405
159.10285949707 12.0613659653396
175.125778198242 100
200.132751464844 13.3099012542324
217.146530151367 12.771133871944
228.140213012695 12.5512872420533
235.129776000977 13.1018084680832
245.136489868164 12.6637938000935
271.146667480469 14.3933972890896
286.133758544922 12.6566635348797
287.159301757813 12.524411072586
290.184509277344 12.8479801431143
299.186767578125 14.476622871388
304.174682617188 14.6662509530299
316.171997070313 22.0623313163297
346.201629638672 13.0775823581183
358.181457519531 15.1619032463977
364.193786621094 13.5017979769332
370.214660644531 14.2109242122644
375.207397460938 17.5292109061738
379.219146728516 13.0444205763336
387.213470458984 18.3640248430494
388.203704833984 14.2943106993811
391.210906982422 12.9827885764997
404.219024658203 15.437447488245
429.224334716797 14.1959098057508
433.218170166016 14.7296813466691
435.244934082031 12.9625112577855
441.245086669922 14.3494153400701
446.244903564453 20.368612134229
467.466186523438 10.8427597518625
467.635955810547 11.1396511541461
487.282501220703 12.6847685028873
488.307037353516 14.1991703685229
499.272491455078 13.0617057667064
504.248443603516 19.5519410922239
515.270324707031 27.0735455250496
528.298034667969 13.142138890686
532.307983398438 14.0592275909515
545.306274414063 19.7685517041453
556.234680175781 12.8923294849758
558.283020019531 13.7244025855386
570.312316894531 13.2072728105196
575.2890625 17.609893958582
575.83740234375 12.7557725265908
586.354431152344 12.9075028483075
592.314147949219 14.1369726694244
614.337646484375 17.5329066521956
616.3095703125 12.9607970175898
634.328918457031 18.3834300420641
651.343933105469 17.0074569682271
656.353088378906 13.4764414424393
673.364929199219 20.0770487073534
685.340942382813 16.509953685048
703.347229003906 16.0706792453145
719.350708007813 12.7225143187951
744.418273925781 16.802256962408
747.375671386719 13.2845624465405
764.426574707031 13.2566918229597
798.4111328125 12.8025403107283
802.42822265625 14.1887902545383
815.45068359375 35.8499379378817
874.468017578125 13.8191700691542
916.469970703125 17.3669276828527
1015.5615234375 15.5755275880038
1042.54956054688 13.825826775514
1059.58972167969 18.754836543652
1110.69982910156 13.9660064299124
1112.60815429688 20.2432941631267
1168.73461914063 14.8335409265224
1193.76782226563 14.3918626545145
1203.53295898438 18.1995972610836
1213.66284179688 15.6338105858555
1231.79809570313 16.962550498302
1234.72058105469 15.9778270355174
1235.02648925781 15.9252875215212
1237.73205566406 16.1927962624515
1238.97692871094 16.1442228769079
1241.94067382813 18.2828407649841
1243.10961914063 16.7013856148957
1247.98168945313 90.8467887617623
1250.24230957031 37.1089803503737
1251.02709960938 53.8649894499035
1251.99072265625 37.1283076293795
1254.07775878906 26.1122101425343
1255.10986328125 27.1319348837135
1256.04479980469 34.3309076237178
1258.26245117188 25.9235490482028
1260.41479492188 21.3878884457569
1260.69909667969 19.7499350556206
1263.02014160156 16.8287458694311
