1772.9106 80 1
99.9505920410156 21.8281746461394
100.053421020508 21.340319884017
154.520782470703 22.1161578540175
154.647308349609 21.2382838639506
175.13542175293 26.1859998202047
413.205718994141 25.7257302949148
430.236602783203 41.973840681763
469.945556640625 22.0677000566278
470.156768798828 21.1302129078012
527.250610351563 29.9036319424607
536.005004882813 23.2401590620737
544.294189453125 34.2605534629359
623.401000976563 23.5976024967832
641.297729492188 27.6159176258117
655.532287597656 23.9032121694778
658.315979003906 26.3484357288661
733.247314453125 23.1684436683231
757.362548828125 26.3023940773508
856.443481445313 27.5788770154857
917.422668457031 25.0020854186824
943.486694335938 25.7022140047465
1030.56799316406 25.9269560767898
1047.50476074219 23.7703976413205
1141.56774902344 24.7619837411172
1158.63525390625 100
1256.60144042969 25.3204834182573
1330.67932128906 43.6469745126593
1460.70007324219 24.8247947645685
1618.7314453125 25.0560995999303
1660.18481445313 24.5811031101485
1759.38342285156 29.2479523393387
1773.34448242188 42.8116528351989
1774.24487304688 46.2023882712512
1788.494140625 29.7509478925278
1792.50317382813 37.2150367656725
1793.64721679688 35.4621701209229
1795.58569335938 55.9348167773027
1795.83264160156 58.2277308603581
1797.19567871094 45.4300446511775
1799.6689453125 39.5480135205285
1800.37756347656 33.6636351455034
1801.93481445313 35.3410884739669
1806.25415039063 27.1642161062339
1870.25671386719 22.2104368181278