1030.5284 80 1
70.0789184570313 21.2373633431649
72.0792541503906 21.4517027928332
99.950065612793 17.8505873937813
112.09252166748 33.0686309928355
129.113876342773 27.5417798693773
154.200180053711 18.3609031645173
154.330978393555 17.8187116978035
158.095001220703 22.6843786885343
166.147125244141 20.5509138292785
175.120712280273 56.5928952910934
199.117279052734 22.2181110187325
212.099868774414 21.3157495515065
214.110656738281 20.1862572938106
215.112518310547 20.1927839506342
229.086975097656 23.0458505541039
232.143569946289 28.8787252905279
242.114517211914 21.4813270555129
256.130828857422 25.2866622864985
274.142822265625 37.4565388382276
328.180480957031 23.6946066417062
343.157073974609 20.6412308009567
373.200561523438 26.4547732079078
374.21484375 20.7861647780669
388.198913574219 24.4772041895284
395.207275390625 24.0988560732385
413.208587646484 100
430.239318847656 64.852947109189
465.984588623047 18.6074186123694
466.206085205078 18.6883595559042
469.237518310547 21.674216728522
470.225372314453 23.2589704635149
487.253753662109 28.9792455379358
527.253295898438 66.5478847565854
544.286315917969 34.0189898183087
556.266052246094 21.4591306895736
584.271301269531 24.9390803145285
601.30419921875 34.9503826096746
624.266906738281 22.1709465741511
641.282043457031 42.6288853739347
658.335998535156 27.9383874263486
856.444641113281 28.2939472380556
1013.5712890625 26.1853218041106
1015.54595947266 25.4026862602268
1017.04718017578 25.1472687351047
1030.7783203125 67.620244269614
1033.81604003906 29.8685553580086
1035.94152832031 27.6146749802227
1037.87365722656 51.9875153207453
1039.94409179688 61.0061765064512
1040.15954589844 50.2806542425856
1041.76330566406 44.0485502209411
1042.02746582031 54.4253546305747
1043.68505859375 36.7531710779739
1043.95849609375 36.446332216178
1044.8173828125 35.9465433542928
1045.0576171875 35.635050308252
1048.29357910156 25.4904944919443
