1456.8883 80 1
70.0743637084961 2.46500753346642
86.1124496459961 3.35223962699991
112.101486206055 12.9185516332551
129.128936767578 7.40402960463394
157.135635375977 1.87918230058619
158.105621337891 2.71060942959839
175.133422851563 33.1923405853966
185.131851196289 2.40575783819212
199.20426940918 1.3978551301984
215.135055541992 1.97391003731764
227.187347412109 2.65560803302604
228.151840209961 3.29934179617832
232.155578613281 64.1590987143295
243.153778076172 1.91877823413669
269.100860595703 1.45119276386205
273.130157470703 2.47684820258621
276.214813232422 4.53627606238907
288.150421142578 1.538406244207
298.231140136719 7.5275474989278
301.133239746094 2.47993322163858
313.143707275391 1.86262440061112
330.152740478516 1.91492209587559
341.236999511719 4.10666392003805
344.177001953125 3.50892922254296
357.198577880859 2.346998940652
361.201263427734 8.93121345972641
402.181121826172 3.59245713334981
411.306030273438 3.09070257757988
412.267974853516 4.66699381124296
414.214080810547 4.02021662769839
427.2431640625 2.38142147148863
439.246276855469 1.76014361194223
457.252319335938 4.06325396265437
459.211456298828 3.47895030937522
474.271850585938 14.2591844689059
484.246307373047 1.93890163388841
487.265350341797 2.13974620354243
511.218627929688 2.15722055023396
512.313598632813 3.18545333375743
515.267028808594 3.8274294725195
525.323974609375 1.97968853820099
527.259216308594 3.4043876834665
528.236083984375 3.61861172385859
539.187805175781 3.17692792939714
545.312072753906 2.95970673563303
555.215698242188 2.69496102669874
556.22216796875 9.1554709038465
570.3173828125 3.13685948638046
573.236083984375 6.73853254796178
583.30810546875 1.83404095023569
587.360229492188 14.7097572179313
601.367126464844 2.24952998050226
629.311157226563 2.68585989318005
640.308227539063 2.96335518476452
641.317077636719 6.9772465150133
652.293151855469 4.81696153676616
658.384094238281 19.0178651654086
668.294677734375 5.06099558297056
669.294616699219 15.8555290752646
686.312561035156 18.78942487055
699.400085449219 2.2359689892401
712.336853027344 2.83365036427535
737.366088867188 2.5312817057039
754.398376464844 5.11903009780321
754.983520507813 2.36905200973705
755.416687011719 3.54356025583541
757.364929199219 4.34855800579688
765.346313476563 3.68952445913082
771.464965820313 11.7151368743532
781.401062011719 4.87894625136675
782.374572753906 11.2339317210811
799.386291503906 6.06134947482625
836.469116210938 2.76875380959352
853.404052734375 7.58100561893461
870.416320800781 10.0400358147496
872.474243164063 3.37876465453546
884.562927246094 11.5309310512833
936.513610839844 2.45216254864363
981.576049804688 8.31699543038369
983.524841308594 4.41449101579184
998.582336425781 23.0606777938057
1184.65148925781 4.28579831695358
1285.66198730469 4.62897167052191
1315.88830566406 5.79174529895652
1457.12658691406 100
1461.09851074219 23.7584432306409
1463.17834472656 13.2927674397284
1466.19799804688 12.1671679767854
1468.23986816406 14.4139212483807
1469.31311035156 26.0430076277863
1470.43408203125 23.0454847014985
1472.421875 47.2881415724512
1472.65295410156 51.4291130203223
1473.94836425781 43.5866199830506
1475.94946289063 37.5440096499094
1476.4638671875 33.4988036471344
1477.05737304688 30.5424321176309
1477.58178710938 27.6458646891968
1479.73168945313 19.8350214941989
1480.197265625 18.4105242522058
1480.52355957031 16.6281804054213
