1960.1987 80 1
70.0812530517578 .99547146507299
72.0897369384766 .959651013109629
86.113151550293 1.12989360449435
101.084175109863 .935577294672992
112.101829528809 3.63570977143409
129.127716064453 1.66230930912333
157.125930786133 .838567180496298
158.09700012207 .924301286956198
175.128540039063 35.0106874362038
185.121032714844 1.14862554875802
199.158615112305 .972683924977888
200.157836914063 1.21555022742942
212.118438720703 .602747757219079
228.142822265625 2.26288068399117
271.192260742188 1.21741785714546
286.203460693359 1.07780009023707
288.209014892578 5.7379305386423
292.141357421875 1.23255342885804
299.176605224609 1.82840364453952
313.195709228516 11.1162900696768
315.180206298828 1.23820995847312
327.139404296875 4.11507277112188
357.219482421875 .971489893713035
358.208770751953 2.51336270425619
368.194854736328 .955748310708661
375.243804931641 7.10428153709436
379.162384033203 1.86906742535153
386.206695556641 1.61064116043413
391.192413330078 1.20360016093223
398.245178222656 4.9175397206817
414.169555664063 3.1755829118865
426.244079589844 9.7444632343639
450.187835693359 1.81459401905173
457.279388427734 1.57317586954164
474.304626464844 8.39664023865838
478.227508544922 2.41833425745016
484.302917480469 1.06493971916304
485.244415283203 2.5111529302226
497.296630859375 6.16066001369438
504.262084960938 2.82369938499333
513.233703613281 5.53947717182124
525.267578125 4.07010128086332
531.248901367188 1.19215951782719
549.254577636719 1.34682689459988
555.332946777344 1.11367264348613
566.326843261719 3.06701472077519
573.368286132813 100
583.351806640625 2.40093366507288
584.328674316406 4.85846462131444
594.998718261719 1.21362604562854
612.291381835938 5.00201033034615
630.306640625 1.18857613425574
641.256469726563 1.13390351372051
653.351135253906 1.46786953416212
670.389465332031 2.16191892715007
671.366394042969 5.41801732292643
688.385131835938 18.4528114388485
697.395202636719 1.04468920441522
712.34912109375 1.3086073478826
729.379638671875 1.88588298063204
747.393310546875 2.11523897989542
776.366638183594 1.43412208430043
785.397094726563 5.45847494180983
802.435546875 1.4665803729443
812.395812988281 1.19080770623136
858.407836914063 1.2729955504664
875.453063964844 4.49659774813449
882.457397460938 5.18612388644226
899.475402832031 11.7998142675673
969.48583984375 2.34724312341698
974.527770996094 2.5819438669031
986.503356933594 7.86572588563578
1043.52038574219 .905736400866101
1068.55480957031 .830730536015428
1085.55151367188 3.51614434683578
1213.62438964844 2.70983847398592
1376.669921875 2.65423512906913
1463.70141601563 1.72447446879092
1534.72448730469 1.99721779875463
1647.80725097656 2.60737807335733
1744.80187988281 1.53457275885403
1877.83361816406 12.1713258785578
1879.73901367188 13.1571392334704
1960.42626953125 29.4066239611895
1964.30603027344 12.1315740483915
1973.49926757813 4.06774094069833
1977.50036621094 6.34289966791081
1981.84814453125 7.6747691296516
