1195.6719 80 1
70.0758209228516 12.2097096316635
86.1074676513672 11.5185293425375
99.9501724243164 10.3682472831602
100.059989929199 9.9215701352029
101.076713562012 11.3850293780311
112.095291137695 22.1496062058189
120.089981079102 14.2930708418265
129.122329711914 14.2562834846048
154.301071166992 10.451554612192
154.452911376953 9.97527264359009
157.104400634766 12.0134631453361
158.105056762695 12.6420060606736
169.110336303711 11.0581235699373
175.126373291016 78.3782023883765
182.102737426758 11.2417961470283
200.106597900391 16.9929033066743
229.136245727539 15.822546577228
246.159683227539 22.4540949451095
249.110443115234 12.6757177157404
259.093536376953 12.7455961115704
268.173553466797 11.7934231329339
269.229919433594 11.1195521199513
277.124755859375 13.6504001478632
283.145568847656 13.3771947993026
284.137634277344 12.6565963214923
301.154876708984 21.0498887420204
305.175659179688 11.0507078365397
342.21240234375 16.124207898199
359.246063232422 19.2429493947105
367.224914550781 12.0922060004984
371.275177001953 11.3424627628635
374.173217773438 12.6213675832757
378.179931640625 12.083616273842
388.175079345703 11.379284205563
390.134613037109 12.8293845487393
391.163330078125 11.8652350880244
403.213226318359 15.4192587523908
406.181640625 19.2202950313789
430.216796875 11.6634693619312
431.204895019531 15.850514922421
448.216400146484 13.0558667164392
449.208892822266 12.663898995409
467.173980712891 10.6106157048716
467.318756103516 10.2327476372915
473.25244140625 14.0520429293145
475.258148193359 11.6494527801919
490.283935546875 56.6076632021616
500.293792724609 12.9820757547844
501.2705078125 11.685602198827
502.372833251953 12.428716649204
507.215057373047 21.9162797486874
533.212280273438 12.2846134934803
537.194152832031 13.8682588759478
542.230407714844 12.1579177726256
559.252502441406 13.0962201969248
560.262939453125 19.1359746372456
562.238586425781 11.8775811088343
562.517822265625 12.0334143253954
577.27197265625 17.5148790002046
578.258117675781 19.5111823612249
602.305419921875 12.5267902542266
619.329895019531 53.6629230406386
638.241516113281 14.4954786042141
650.301635742188 12.6965292281594
653.353271484375 13.2821726827076
670.382202148438 13.4892229616705
671.350463867188 12.166512155768
686.741027832031 12.0509852960539
688.29248046875 18.0006965209061
689.283325195313 22.6374077620895
701.353332519531 11.9119860215418
706.316162109375 25.0213863090549
708.3095703125 13.01799495675
709.288635253906 14.3159449912989
715.975830078125 11.7314585282476
731.390197753906 12.7549986744288
740.438293457031 12.1012038215908
748.357604980469 15.5946942850776
750.3525390625 12.6578725711843
751.307189941406 12.1837584762202
803.336486816406 11.931817250521
819.351257324219 17.193383283844
819.94677734375 12.2325455979503
837.380126953125 19.7011461303364
840.507690429688 32.8594465990605
895.488647460938 16.600599201093
996.517639160156 14.2949695705716
1151.48999023438 15.8107410813168
1164.56567382813 13.0932048428289
1177.7265625 20.3406939985062
1178.62365722656 23.5588093772003
1179.25427246094 17.6620310367236
1180.59851074219 18.0879754600057
1181.07836914063 16.6771555566734
1189.48583984375 13.9174851974407
1195.89318847656 100
1198.96728515625 42.6824074470876
1203.00329589844 16.7429219028169
1204.10632324219 23.1739459637817
1211.51000976563 13.7211979202956
