1960.1709 80 1
70.0908355712891 6.6525740244122
99.9520797729492 5.98620090824017
100.101097106934 6.12420825349802
112.101707458496 9.34723380976125
129.140182495117 7.39832385766368
154.578048706055 6.23782697088967
154.709930419922 5.81386842404122
175.135864257813 30.6558284482498
199.160232543945 8.2481320217241
201.158905029297 6.59552491969698
228.1435546875 7.28659676637505
271.190093994141 6.81347572517424
288.220886230469 11.3625937559208
292.129119873047 7.33973779979301
299.189819335938 7.46500915182913
313.196838378906 16.6100594860002
315.198272705078 7.10463453930405
327.15625 10.5255104702922
358.207305908203 7.58505566340162
368.190612792969 6.94510951642626
375.251647949219 11.800200375655
379.167724609375 7.35210811642509
386.212432861328 7.24420062270566
398.250518798828 11.1213934774002
414.165893554688 9.26350053960972
426.231567382813 15.0261098864687
450.199066162109 7.4480566518888
470.576477050781 6.27642708034457
470.719879150391 6.17122915012119
474.314300537109 13.1349212615831
478.226898193359 9.28374679640632
485.286499023438 7.64543675985058
486.26953125 7.96571187775538
497.315155029297 12.1621890779778
504.287475585938 8.56041738401521
513.231323242188 11.5226885229319
525.2802734375 9.79190587917615
565.231689453125 7.1661919139743
566.318115234375 8.96290838094643
573.376037597656 100
583.378356933594 8.62806821998435
584.34814453125 9.88950040388479
594.290222167969 7.43996564053859
595.347412109375 7.1598334760828
599.923583984375 7.05216650641807
612.308166503906 10.964331714273
648.287658691406 7.1996609917928
654.379028320313 7.15472723042802
670.390380859375 7.8940368209339
671.380859375 13.2052009676732
681.349975585938 7.53642401141768
688.394165039063 23.2283144846058
729.391784667969 8.88680608098873
747.395263671875 7.71689596745106
759.390625 7.08036817412739
776.400512695313 7.64027638516869
785.397094726563 12.50747136181
857.498840332031 7.13721443392588
858.469970703125 7.6163680273766
875.48046875 8.50930846764535
882.481323242188 7.94639726265309
899.507385253906 17.2332582009099
944.482849121094 7.26184301765872
969.503784179688 8.03026302110092
973.487609863281 7.3159398118652
974.541076660156 8.17080198206759
986.532409667969 12.6927228998213
1061.55480957031 7.22360769561026
1085.60217285156 8.6076734695939
1213.67150878906 9.59254411531269
1360.79870605469 6.8756470808418
1376.75659179688 8.70353631002702
1447.84204101563 6.83364195548315
1463.77478027344 7.94956697845342
1534.81286621094 7.48197610099642
1647.90222167969 7.90158131806186
1744.92053222656 8.37517784997708
1877.84509277344 17.6958819898824
1960.47521972656 49.4117288456471
1964.48034667969 19.7386910213233
1973.63024902344 12.6764192813187
1977.6591796875 13.1275105865262
