1510.8951 80 1
70.0750503540039 1.49650077071807
86.1032104492188 1.62921245271454
110.08194732666 14.1769342117731
112.098220825195 8.52605712528037
129.121765136719 3.82790498121466
138.075073242188 2.38383791800295
158.097900390625 1.35753241153738
159.09797668457 2.60468015709582
175.124923706055 55.4135849576614
181.121124267578 .782919794657858
186.100677490234 1.44231885661791
209.112670898438 3.43846671154202
230.120712280273 2.27691742544418
237.102600097656 2.52041125563883
243.121658325195 1.16650101487806
257.135803222656 1.03415944554612
258.169860839844 1.79958417192275
268.176086425781 1.05966742732874
273.127899169922 3.44421737681288
285.172454833984 1.35242003624673
286.160949707031 2.65186648486566
290.147918701172 6.08184725782852
294.1796875 2.11537135264588
296.156921386719 5.87462923152716
304.179351806641 1.45468788077979
314.152862548828 2.08664597335514
315.162933349609 1.42125770642855
322.191345214844 100
324.154663085938 13.5976804231775
340.166564941406 1.67545578911119
341.160186767578 1.84289582492194
342.171905517578 2.21103545732014
343.179656982422 2.91201719303699
358.181030273438 1.36143532380482
360.161804199219 5.69710025037088
377.179016113281 11.284939532685
379.202239990234 3.82677191556164
395.185211181641 7.84114411674423
397.174346923828 2.20564286768337
398.18115234375 1.42677810011737
413.217071533203 1.64739079287188
415.199798583984 3.38030892767529
417.20263671875 1.31070780576566
423.209197998047 9.25372190541382
430.224945068359 1.54796114749081
471.246795654297 2.32720497575095
472.233032226563 2.1582151546437
473.241027832031 4.14046937882387
478.277130126953 5.8210297821111
480.264831542969 25.6731278794
482.273468017578 4.57342561653319
490.257598876953 21.3785284791652
494.247314453125 5.03693905635788
496.261596679688 2.20444841821153
497.246887207031 2.52576091320036
500.259185791016 3.94259314243275
506.257171630859 2.6133112552111
508.262847900391 58.8799725199047
522.233215332031 2.33176763144518
528.263977050781 3.3693039189856
571.276184082031 1.63920761330855
573.290161132813 5.31855375400395
574.281921386719 4.21759082423164
579.328125 7.25270562736144
580.328430175781 4.93678473138023
591.298767089844 17.7013363793367
599.3134765625 2.06415671764142
601.287780761719 2.22141869043246
607.328857421875 35.053784994952
662.332397460938 15.0814104720356
664.341552734375 15.9009683801666
681.367370605469 3.61692931969831
701.355102539063 1.81463714161487
719.353332519531 28.114328119905
729.330810546875 1.93318705752185
736.354736328125 1.91658437640063
764.408630371094 2.05289792738724
765.401306152344 2.54222104364813
792.401489257813 11.8456948263321
829.394958496094 3.8230097542889
830.38671875 3.88009959334094
837.391723632813 2.17843860138191
847.401916503906 11.1740022847475
849.415344238281 8.83454755384312
862.422729492188 2.69855876052757
870.371154785156 1.85872518811381
887.399780273438 6.60999667028273
893.434692382813 2.3870600480618
904.423217773438 27.7400561291759
920.457153320313 9.44452809040878
961.47509765625 1.7833741968211
986.471618652344 3.14431909473636
1003.48327636719 17.2788745787699
1015.45751953125 1.73330713402197
1021.49291992188 6.3817584566292
1134.56311035156 2.90943727296757
1152.5166015625 3.13092486477246
1172.55737304688 3.07203862399833
1189.55310058594 12.4142538493656
1309.56982421875 4.12630977503496
1326.59387207031 10.0792296589327
1336.58251953125 34.8299630855052
1354.58630371094 6.06912669865607
1397.52893066406 2.93699760705258
1407.68481445313 6.42491491419716
1423.6279296875 5.18752962002612
1436.67041015625 3.72063478690016
1466.66467285156 5.67267530585814
1492.88537597656 5.10320150880253
1511.07409667969 78.4585824360912
1514.05102539063 38.3004558492796
1521.31469726563 18.3935187738361
1523.33740234375 19.9062073191411
1526.18017578125 13.1048128261899
1526.60131835938 14.574857043405
1528.89074707031 9.46857448458404
