1163.6775 80 1
73.1554641723633 34.408664288102
99.937141418457 34.051781511582
100.060081481934 32.0780464847083
110.077156066895 34.6871715897668
112.100791931152 41.8843502414845
154.279830932617 33.2823995117213
154.407363891602 31.5207895928693
175.127487182617 56.6281440486437
228.130004882813 34.7189280835725
242.16552734375 34.7119824796382
243.144149780273 33.9084135103862
246.17008972168 36.3358365035682
283.153778076172 34.1444644568951
288.195983886719 33.9662072139746
317.173950195313 40.5814774843171
328.241455078125 36.5285621353801
329.190246582031 34.7984603494308
341.234252929688 35.059258425677
371.207977294922 38.0411595833327
392.231231689453 36.2900743372723
420.251220703125 35.4990573094545
423.228851318359 44.7115049465962
440.248229980469 47.164204278628
442.245544433594 39.4846738369168
452.231292724609 35.7575891683653
458.316070556641 34.5548984591325
462.199890136719 37.0252019641716
466.966278076172 33.422154438655
467.148620605469 32.834888991542
480.201599121094 37.8050752386584
492.258850097656 35.7897959301651
548.280456542969 38.351757056838
568.342895507813 35.3641399549759
576.075012207031 35.4722428332759
579.276672363281 37.7203094802745
586.389587402344 37.0350689967235
596.360107421875 36.1180725707401
637.3349609375 35.7976602872689
647.80224609375 35.109851484795
671.353210449219 36.674380347441
705.346252441406 53.4065764412596
707.351013183594 37.7366442193751
708.366638183594 35.352151228059
709.399597167969 35.2784803402367
722.40283203125 52.6947170126077
726.387390136719 35.625652448343
750.1455078125 35.1287849047871
776.429260253906 37.5519226097224
781.377380371094 38.3897811718195
793.3994140625 38.3539789456993
820.452941894531 37.6651484629824
921.520446777344 46.2712612113998
990.507507324219 37.4176723076937
1012.53900146484 54.2799275373971
1120.60021972656 38.4935662745665
1127.49584960938 37.5674345394743
1135.51965332031 37.710042884216
1143.78063964844 36.9388889598684
1145.93493652344 38.8827714919867
1149.72668457031 38.4909259977781
1163.90258789063 74.3139664618294
1164.95483398438 100
1168.06701660156 44.3611806589111
1170.03186035156 66.4463326944042
1170.25268554688 51.5079059165664
1171.07763671875 53.8246838238184
1173.09191894531 60.5350213648672
1174.85717773438 48.1308334146629
1177.40612792969 39.4071069012852
1227.77075195313 33.2715050301523
