1781.0238 80 1
70.0765991210938 2.45999901034996
84.0918884277344 2.50784178749143
86.1133270263672 2.58593284934151
112.101348876953 7.15178599436297
120.09497833252 6.19389766824112
129.119888305664 8.77385733793597
157.106597900391 .991095214226046
158.105697631836 2.07353946761138
169.110076904297 1.61453015883931
175.129272460938 19.3670566411011
183.160354614258 4.26864474236168
209.103591918945 1.61425490223782
211.153732299805 4.07659996512056
234.136627197266 .831333992386505
240.148559570313 1.82782944509479
254.170333862305 .912022540166855
258.155731201172 2.2632352499332
259.143707275391 1.82257281814094
262.122375488281 4.00558200381841
267.161254882813 .857035378522716
270.116302490234 .943323647901587
271.159942626953 .671826454335666
276.170562744141 4.54096942165536
282.188079833984 6.50401947112022
288.131774902344 .699033397202677
289.184997558594 1.2442792332336
291.158111572266 .677327209354521
297.197937011719 1.37294520468781
299.205810546875 .796879608351131
304.173553466797 7.60706924601035
308.156433105469 .735356646752613
316.170166015625 1.47451403548837
325.193389892578 5.36365094674427
333.194122314453 55.0377570998151
342.167663574219 1.0782275125211
343.177856445313 .891284341221988
345.187744140625 1.27995644047347
351.198974609375 1.7186540388178
352.188751220703 2.21923769938322
356.163330078125 1.56779650388618
359.171966552734 2.20528014295695
369.212768554688 3.96166102282952
373.209320068359 1.5996204056301
381.236297607422 1.15437926598561
387.189086914063 1.65150733832052
396.227081298828 3.35811215246254
401.203430175781 2.016689505257
409.191223144531 3.63979485858556
418.210144042969 2.74188736847418
423.246032714844 2.80543886646995
444.231842041016 2.5646585509494
445.216003417969 1.98679364306465
451.237243652344 2.3931794829795
462.231018066406 47.42092132471
466.214050292969 4.81193423454552
470.254425048828 1.55657120932006
472.240570068359 2.55152758572039
474.215911865234 2.09956527014517
480.245941162109 2.12927588013269
483.248138427734 1.48850967978596
498.250762939453 4.09944788613876
515.273620605469 2.53218088242758
517.258850097656 1.34481502194682
520.257446289063 4.26221094138913
537.272583007813 3.08166835708854
543.285461425781 1.35175900911177
545.244140625 4.18471109106715
548.248474121094 6.86066958075406
563.264038085938 2.53381114458757
565.274963378906 12.290330240338
573.25927734375 2.82369266726909
574.241760253906 1.96837011776006
591.268127441406 17.4721249801173
601.248413085938 2.6314950800255
603.258422851563 1.88160406782228
626.343994140625 6.26989570873367
634.32373046875 1.87492692079568
645.300598144531 5.26368512586607
659.314819335938 2.30842191845325
662.319580078125 9.17152678256477
674.290710449219 2.45103206775796
676.326049804688 1.88503720840043
677.331665039063 1.71714224850333
684.340148925781 1.42536804554221
702.329528808594 9.32398160579909
719.357727050781 61.2473641077681
729.33447265625 2.25459035520204
730.354919433594 2.34714804572714
747.378845214844 3.30923534306159
748.381774902344 2.25770433404608
755.379089355469 3.90976727145372
758.378967285156 2.80598904211425
775.387878417969 3.75056879088043
830.385498046875 2.231420642305
831.368225097656 4.51345960426068
846.445556640625 2.77472629229778
848.39208984375 11.0303180157809
858.371154785156 1.5974876198598
884.42138671875 2.81824611292266
893.426879882813 1.34348630095771
917.412902832031 2.11349582187686
918.394409179688 7.75656949686236
935.419799804688 13.7350543508005
964.429626464844 1.70289668700934
971.408569335938 1.49741387021892
989.425537109375 7.59829606210198
1006.45025634766 13.3401959823582
1042.4736328125 1.52379948217814
1060.46948242188 1.39599382403355
1119.54553222656 2.11004147136151
1129.55419921875 1.40374165094057
1174.56359863281 1.85406437648421
1181.56604003906 1.44854140407302
1199.54577636719 8.98402927239761
1216.57470703125 23.6603532715259
1296.59924316406 1.34812570748699
1313.57897949219 13.0054499290331
1319.62744140625 3.95297464776229
1330.60913085938 6.18256603706409
1448.64733886719 6.30373565157762
1477.66564941406 4.09297918159846
1511.04479980469 1.72056513854949
1565.05444335938 2.70244062092535
1624.6376953125 5.79216389330614
1736.83276367188 3.57927225214198
1763.0849609375 4.87694756417079
1763.97827148438 8.49770478819304
1779.29858398438 7.89189299193177
1781.23620605469 100
1793.3994140625 6.7399841604144
1795.40979003906 12.3525666097076
