1564.9825 80 1
70.0727996826172 .601882381885108
84.0844879150391 .463893092266667
101.110656738281 .292973758461608
112.102577209473 .675404874292435
129.115005493164 .365288143632479
175.123977661133 1.90651432664887
185.108001708984 .830862944787323
199.144546508789 .269015250924987
217.137161254883 .346031005722828
218.167541503906 .222707401990268
228.133926391602 .420814704060181
243.187698364258 .416868918803115
244.142868041992 .699562485099701
245.12939453125 1.17468339871322
250.170837402344 .228080229637919
262.156616210938 9.02651578838762
264.164764404297 .25868395042589
268.177673339844 2.69881983408581
285.206634521484 2.11525028160917
292.140747070313 .659053040723999
303.219177246094 .225701792480953
304.175506591797 .212573410145395
310.118804931641 .247903870692295
322.203338623047 .372372621175484
327.21435546875 .48473267354335
360.148529052734 .468409119910012
377.180511474609 .688361300909607
391.202758789063 .889448796060295
408.190856933594 1.37729791523171
425.228302001953 .515003664031723
431.183471679688 .356563689624992
439.202331542969 .462308185098008
448.217071533203 .507150800155801
484.2890625 .455218252360133
490.255554199219 .452356940817791
501.308563232422 .440474851716906
508.264587402344 .478226228595154
512.2861328125 .757583557230512
529.308654785156 .739048709074186
536.247497558594 3.23172732621145
538.220458984375 .612971061004655
547.285400390625 1.25793323459239
607.357666015625 .373021509836623
635.312072753906 2.26048907372063
637.335876464844 .477949685705095
646.335021972656 1.4271541551245
647.343627929688 1.2844871884746
662.364624023438 .363449268055551
664.392578125 .61052816986049
675.356750488281 .932091065767581
692.368286132813 1.05055834599586
710.364929199219 .409268046147462
734.366333007813 1.19216412906415
745.388000488281 2.47472837268908
792.4423828125 .785059650521496
803.409362792969 .768135178817887
804.420227050781 .577155338006859
820.421691894531 1.59424011068857
856.460205078125 .556738300538559
873.455871582031 2.41844608739551
891.498962402344 1.77777922082744
902.462951660156 1.26295147530522
919.482360839844 1.20733195630803
990.557312011719 1.37141306028606
1001.53381347656 .923114638101821
1003.52490234375 1.00523860371574
1018.55627441406 1.23987728449295
1036.50598144531 2.41320879591208
1089.60888671875 1.48524831149983
1090.61071777344 1.54879215413287
1117.60339355469 1.29736685160919
1160.64025878906 1.41099642843897
1188.64453125 2.1268364569389
1205.66442871094 7.2340147213395
1231.69445800781 1.7170407079489
1280.60864257813 9.98298571390951
1303.65747070313 63.7302316979644
1321.66186523438 3.11164615127734
1363.68286132813 2.21159043675965
1373.65478515625 1.65634865240261
1390.65466308594 7.40727310367248
1408.64367675781 100
1504.63684082031 4.01958729546471
1510.68969726563 9.29833370549778
1522.75085449219 6.34593371203327
1546.96411132813 4.53131106364396
1547.94873046875 11.0012993403984
1549.80529785156 9.77820685120441
1565.13781738281 15.5707473779491
