1456.8732 80 1
70.084098815918 7.78155569435838
86.1105651855469 9.05455662914454
99.9474563598633 6.76210439343541
100.05362701416 6.61481305010997
112.110725402832 17.4888908579922
129.132461547852 12.1959990660472
154.410903930664 6.89654810658681
154.542205810547 6.58936257738761
158.108169555664 8.71809169737515
172.106262207031 7.93617417367237
175.139282226563 34.8018143827467
185.147445678711 8.90544872354488
215.134353637695 8.24891082651175
227.192047119141 7.76965348508533
228.147750854492 9.89303385904423
232.162307739258 62.3737074419724
243.125244140625 7.63338700936524
244.120590209961 7.68090693423474
273.173461914063 7.66585299127602
288.129638671875 7.4559169727595
298.230804443359 12.0374788654283
301.147735595703 8.87007579557417
341.244720458984 8.56508207047058
344.181121826172 9.42538681702715
347.193817138672 8.81394576978412
356.227722167969 7.63215005061821
357.194519042969 8.12701626135854
361.206817626953 13.5561239346208
371.201171875 7.86406970920639
386.227416992188 7.88020733963281
402.1796875 8.86221903043188
411.327056884766 7.88853631920203
412.305419921875 9.26424661997643
414.195617675781 8.75688346771736
441.23876953125 7.84335923760147
457.256256103516 10.1273625800463
459.203033447266 9.96621965486602
468.627227783203 7.09280292734057
470.273803710938 8.26838495939908
474.290191650391 18.6063009832854
485.225036621094 8.29139276411151
497.258636474609 8.3585678704669
515.267028808594 9.18198929731954
516.219421386719 8.31719801768352
525.349182128906 9.24667002520911
527.294067382813 10.0479306075741
528.267578125 8.33898808456178
538.191040039063 8.43170207983868
555.240356445313 8.70633395496328
556.21923828125 12.3125978356865
573.252746582031 11.4021952058252
587.379150390625 19.6344873830654
598.341735839844 9.29568856125232
616.378662109375 8.45015676030904
624.304565429688 8.54978557199215
629.291870117188 8.37446815362096
640.310546875 8.40953143888577
641.373107910156 13.6283479407642
643.004821777344 8.18179673105396
643.3388671875 8.52607973812813
650.338745117188 8.14170984320259
651.314392089844 8.80707261935676
658.405029296875 23.2693400775606
669.308959960938 20.078801476928
686.332092285156 22.1585583150691
699.394836425781 8.61005007814157
711.433288574219 9.19643945560264
712.413024902344 8.50245512812169
754.433898925781 11.2783822695625
756.420837402344 8.27368931131931
757.383117675781 10.5269169961321
765.347534179688 8.99064920198143
766.022705078125 8.38082605957775
771.491943359375 14.7547886709489
782.386047363281 15.8242491909657
784.4072265625 9.19203923062222
799.435791015625 11.4127629877221
835.386840820313 8.2959257993995
836.441772460938 11.050704480434
843.94189453125 8.86445907281848
853.43017578125 12.4796154158725
870.459289550781 15.5255274357376
873.024719238281 8.98598534048009
884.59912109375 13.7098699084967
937.519470214844 8.66642303146901
965.548400878906 9.30790264533728
966.517333984375 9.23820439114973
981.608520507813 13.6194001718067
983.540893554688 11.2710946914527
998.642761230469 28.2096474121697
1128.70788574219 8.66978371507835
1184.73388671875 10.9749418422299
1285.76428222656 12.2059433463321
1394.68322753906 11.791900826161
1441.51318359375 11.8339519673009
1454.169921875 12.103987440128
1457.20141601563 100
1459.54260253906 45.6396572977208
1461.66235351563 16.9224746131175
1462.20849609375 16.2308027474626
1465.30334472656 20.3321891590996
1467.33374023438 27.2155358467098
1469.39990234375 32.016362348939
1471.56994628906 24.4460547794132
1471.88745117188 20.7683416813437
1472.43725585938 20.0869193984734
1475.2109375 15.1971548803004
1475.81005859375 13.2563143997305
