1960.1780 80 1
70.0859375 2.33844271837155
72.0999755859375 2.31990017037646
86.1049652099609 2.17186046179538
101.094902038574 2.13560077105722
112.100982666016 4.75543862506787
129.129959106445 2.93239891678013
157.124572753906 2.17318014803742
158.106475830078 2.71319817541849
171.151809692383 2.17014969222047
175.132507324219 32.960312269657
199.163421630859 2.97977162821955
200.153549194336 2.85502871740284
201.141021728516 2.37502367708612
212.11897277832 2.38528583046417
228.152206420898 3.45657425573633
271.192413330078 2.22114916475665
286.175384521484 1.99738748589422
288.214874267578 7.31512609069921
292.133056640625 2.69370725327461
297.169708251953 2.09868833607043
299.183319091797 3.40989946318796
313.198059082031 13.2143514605719
315.183624267578 2.52417116176848
327.143249511719 5.59935750159493
357.227813720703 2.3045563390742
358.226135253906 4.09697690940981
368.206451416016 2.35117621803127
375.244476318359 9.29546636793047
379.172821044922 3.53804244053225
384.234893798828 2.28062263752021
386.215515136719 2.879231178745
398.252746582031 6.4987412173895
414.1787109375 5.24143540701408
426.245422363281 11.1068654508946
450.211059570313 3.51482701579257
457.295440673828 3.08717181780989
468.269195556641 2.425867619782
469.301452636719 2.40665009222726
474.304901123047 9.79872819418544
478.248443603516 3.65387010633512
484.301544189453 2.54375630530938
485.254058837891 3.96205973042848
497.306213378906 7.54790926298768
513.237426757813 7.54784449311077
525.270141601563 6.34173950510628
549.281066894531 3.78197952537362
555.358764648438 2.56917695661907
556.375793457031 2.65436506787819
565.267272949219 2.9966643630728
566.326965332031 4.59477729740249
573.374938964844 100
583.366638183594 4.7570231403175
584.341735839844 6.72779542828629
594.279174804688 3.35882512981579
612.296569824219 6.86040952186185
630.33251953125 2.88550294448906
641.285339355469 2.64960025780288
653.367858886719 2.99987375740839
670.382690429688 3.76922408374473
671.375366210938 7.65812224875427
677.346557617188 2.5723478058377
681.345458984375 2.59445967859849
688.401672363281 19.0055228405749
699.335510253906 2.73733833095513
711.387023925781 2.45666534424257
712.363586425781 3.13270081715531
729.401306152344 4.07366479920171
740.377380371094 2.59419502559601
741.362609863281 2.40764798247759
747.394287109375 3.4899274569165
757.426818847656 2.47333009382257
764.42138671875 2.75998948334325
776.397338867188 3.58707957353683
785.417419433594 8.10820565933136
802.449035644531 2.46681767043803
803.425720214844 2.64606771810314
812.427795410156 2.71674725959766
857.471008300781 3.07401473254212
858.450805664063 2.83596243689763
875.460388183594 5.61855695929271
882.467102050781 7.33546371471225
899.496826171875 16.106719307993
969.501953125 5.15845932785553
974.539855957031 4.58636859506733
986.531372070313 9.9447927148626
1061.57336425781 2.72023509400192
1085.58972167969 5.50552800925806
1095.58752441406 2.30765614090067
1196.63464355469 2.49402113607702
1213.65576171875 5.03246525544917
1376.72351074219 4.96817974457506
1450.85009765625 2.27825179015081
1463.77404785156 4.13015211076522
1534.81066894531 3.69791338796054
1647.89807128906 3.7973974548231
1744.88024902344 3.87786147185345
1877.92553710938 3.81291089637368
1942.21899414063 3.98217887344368
1960.51123046875 34.5560237903982
1964.41186523438 14.0634263478438
1965.04711914063 10.3416572285887
1972.65185546875 8.62396549042184
1976.94470214844 6.99432617051635
