1163.6750 80 1
99.9492568969727 36.5645946156983
100.064796447754 35.4503248639189
101.085731506348 41.1765209274615
112.106117248535 38.3082283235538
154.279327392578 37.657702668432
154.411682128906 35.89182239175
175.131805419922 52.8176453571199
283.154571533203 44.1113376115566
288.219665527344 42.9805286493625
303.182342529297 47.5478061682434
329.182220458984 39.1174010228826
371.205474853516 46.7773680369116
393.282257080078 38.8213444396327
420.194946289063 41.1148214855536
423.222747802734 64.5863437346695
440.255310058594 60.4808865216237
442.246215820313 43.3380666898159
451.171234130859 38.5775341068909
466.965972900391 37.4036989396604
467.123382568359 35.4729332806163
477.230682373047 41.8391560203656
534.259582519531 39.9928518536597
548.272155761719 44.3721544573175
552.287963867188 40.3517645117236
565.294616699219 42.1930668222914
566.266906738281 40.8861107208125
568.313293457031 43.3971220143204
599.913513183594 37.0436886090048
678.367004394531 40.6809005265513
696.454711914063 39.4282542865766
705.363220214844 90.0032686250511
720.019226074219 39.2679927405096
722.388916015625 76.4082492473901
726.395874023438 49.2927242001996
733.44189453125 39.9040363948071
741.939575195313 39.5977547454158
772.485168457031 39.6852144539586
776.395751953125 44.0718530683635
793.440612792969 47.8721431504139
809.469848632813 41.5402804602662
818.441223144531 41.0243595178133
921.486450195313 66.03912587581
989.536987304688 48.1322895331737
1007.52301025391 50.9746753119513
1012.53283691406 65.011340460519
1050.71252441406 41.69685075375
1126.57861328125 44.8569881529794
1147.77026367188 44.6716789177889
1148.0517578125 42.9771776820211
1151.74206542969 47.0399301079719
1152.16943359375 46.4818569207967
1154.171875 45.6174791739368
1158.833984375 43.9518516463081
1163.86682128906 100
1168.9765625 58.7713042482396
1169.80383300781 53.0322858324874
1171.02087402344 72.1318623774896
1171.48107910156 50.2598249648185
1171.84777832031 52.8946482012576
1173.49890136719 52.199205568053
1174.01977539063 47.8264364410374
1177.13757324219 42.9054044492922
1179.31713867188 44.9691124770617
1227.76977539063 37.018361279534
