1331.8179 80 1
70.0763168334961 1.04174271410129
86.1084594726563 3.13217764192419
101.081977844238 1.22707159592008
112.099998474121 7.36298126735729
129.122100830078 3.87414474976868
157.120315551758 1.38161058103791
158.104843139648 2.68643975178008
171.079620361328 .833654535969764
175.129669189453 66.054473542893
185.173400878906 2.51013558791366
201.132232666016 .777882419676378
206.127777099609 .511340728408615
213.168319702148 6.02600140979444
215.153594970703 1.38001171874378
216.111373901367 2.92335166870627
242.160079956055 .944232590951686
243.142623901367 1.18198688939333
256.109588623047 .888510715539435
269.139129638672 1.48233598696083
274.118621826172 3.35846754900675
284.191223144531 3.41302873154996
286.149475097656 1.65446194235406
287.147674560547 4.11336977553905
296.187805175781 .754715477706017
297.159851074219 .633094516385607
298.153533935547 .924275905264386
299.13427734375 1.35745263828768
300.162994384766 .975314370897508
302.176971435547 1.91450323018767
304.167785644531 6.57153469706691
314.178619384766 .677358657385551
317.149566650391 5.08151085840178
329.186889648438 2.17964373324733
341.196655273438 .982898089577799
355.163787841797 1.11776626989116
359.200256347656 1.29640930711768
369.173400878906 2.41989478608721
371.206634521484 1.61180970429771
373.181549072266 1.90105813142495
382.218963623047 1.4500517528398
387.191467285156 4.15199841924196
399.228118896484 5.93762863671363
400.221099853516 6.50826192229249
406.237213134766 .836756998959023
412.229766845703 1.01595792856142
413.223999023438 1.09472619575425
415.224334716797 1.20408057210075
417.241363525391 9.9919012996768
427.233062744141 1.34810898742646
430.234619140625 4.25071077286693
440.252593994141 .862403827759506
441.226806640625 .964956341872964
458.261688232422 3.39950313687871
468.245147705078 8.30958029028772
470.224090576172 1.91530194369365
472.270416259766 1.03098236617761
482.26708984375 1.84405319182703
486.256134033203 15.0869368879773
488.239013671875 4.00981564466227
500.274993896484 2.92839732508719
504.248260498047 1.02516184059128
510.266387939453 1.95977695406722
511.263580322266 1.88670966967087
517.260437011719 .887863637492296
528.277160644531 5.33451367863827
539.255554199219 .838040453493396
543.296142578125 1.14785266063686
545.301818847656 8.15874157519156
553.333435058594 2.1331136270175
555.298217773438 1.31714847381016
559.265014648438 1.78455698673421
569.284240722656 1.45351508870367
571.343688964844 4.71110344640809
581.314453125 3.07751794137297
583.314636230469 1.22211182376118
587.321411132813 1.70139529681321
590.325561523438 1.05012175776053
597.294006347656 1.12353975545575
598.283813476563 1.5671260555435
599.323425292969 4.04297121516468
601.321472167969 1.3102448446668
614.294860839844 1.85770862248324
615.308227539063 3.75771307663822
632.32958984375 11.7981611700102
656.338073730469 1.2197191423333
682.370300292969 2.42620370996903
685.310729980469 1.72849789207759
691.360290527344 1.19319216127605
700.375061035156 4.05861024180494
703.339111328125 1.4353764250901
715.374084472656 1.31897683111656
716.348815917969 4.78524918620919
733.370971679688 8.20725444866512
769.390258789063 1.66438562737083
787.412414550781 1.69433966588376
798.359130859375 1.00478485744426
804.419921875 1.72837807304097
816.398193359375 1.71278300567035
829.437377929688 1.05171074122971
846.45263671875 5.61782087835394
856.416442871094 1.05577309420697
889.468078613281 1.67371291961859
897.447021484375 1.67541200544431
915.463256835938 3.50868962724947
933.478759765625 100
1028.55541992188 1.05221340226639
1029.49169921875 1.37217362482524
1031.47253417969 4.15062299855247
1048.49755859375 5.3307074784872
1119.53430175781 1.90934731230806
1218.51733398438 1.72272940297645
1287.54614257813 2.62099765911268
1313.77954101563 2.21682642925763
1332.00231933594 42.0360985912389
1335.03173828125 14.478301294213
1336.93103027344 3.83013609349811
1338.08422851563 3.65784611958401
1340.18884277344 3.45511576870159
1341.11413574219 4.40763636949026
1343.12951660156 3.66159039241422
1346.40869140625 4.24940250416559
