1780.9996 80 1
70.0879211425781 10.8031570413735
86.1089019775391 10.5095281689761
99.9527359008789 8.64252708081272
100.061195373535 8.34683044175381
112.100738525391 16.3247698325898
120.100006103516 12.742469281914
129.123977661133 13.6288770794315
154.526565551758 8.81380549447709
154.653839111328 8.38654338978399
169.125 9.85211636549248
175.130722045898 22.1451371734164
183.154541015625 12.6631900053875
211.165283203125 10.9078332237547
212.138107299805 9.43960815941895
230.206237792969 9.75043109839248
258.156097412109 9.86443286837363
259.178619384766 9.81588270516145
262.130523681641 10.7529557142721
263.150238037109 10.1783734745993
276.201202392578 10.9463676710778
282.196258544922 12.9661133549376
297.190185546875 10.1893249681016
304.179534912109 12.5441786833285
316.186767578125 9.76675114621361
325.214294433594 10.5472232502702
333.199432373047 57.5893203120074
335.211181640625 10.2143848954478
351.207611083984 10.2056236082387
359.170654296875 10.2417590088401
369.209655761719 11.5716565516027
396.236114501953 10.7373088534074
401.189208984375 10.0180499427038
409.184997558594 10.1790836244635
418.231262207031 10.4825121337521
423.256072998047 10.4172816883809
444.203094482422 10.1404040977277
451.270050048828 10.4784918014915
462.240997314453 50.6178645724896
466.2001953125 12.462331716814
468.283355712891 9.80300066979253
470.265075683594 10.3649371286814
472.245391845703 11.0205494546086
474.246643066406 9.97986464084633
480.253082275391 10.9986957514809
498.281860351563 13.6735184151547
520.267761230469 12.8576709602862
527.266784667969 10.6249254427349
537.301147460938 10.1969462576325
545.256408691406 11.8648660490099
548.267517089844 14.4308656000831
563.23876953125 11.68961935918
565.289184570313 17.3325012900671
591.297790527344 19.142805898186
601.283874511719 11.2252081461419
626.374877929688 15.5244206168947
634.313598632813 10.5535004760699
645.307250976563 12.1101796266712
646.328247070313 12.1813966769804
646.972351074219 10.4168965040802
658.31298828125 10.4455641652298
662.355773925781 17.1223517585953
702.339294433594 16.0568177060608
719.380676269531 67.6856060991558
737.382446289063 10.0443248716284
747.390869140625 12.912364666782
755.406188964844 12.2279677845096
775.453735351563 11.9430102562459
776.414001464844 11.4196259560733
830.434509277344 10.6779753779229
831.404357910156 11.0992265437638
846.433532714844 11.0508525704117
848.424682617188 20.3106779211657
884.445556640625 10.9690125344423
918.424926757813 14.4753541557878
935.457946777344 19.8488116043225
989.466186523438 17.4676241275429
991.000366210938 10.4846666092345
1006.48822021484 22.635554872262
1119.57446289063 11.0733831567866
1199.60913085938 16.8857306247276
1216.63427734375 30.0349690052466
1296.63854980469 10.3811709297179
1313.65209960938 19.1867307695483
1319.68005371094 12.0708560212688
1320.67810058594 12.6784341245704
1330.6875 16.5730398268184
1448.71936035156 15.818005287815
1477.81506347656 12.8886899244017
1505.7353515625 11.1074008908011
1523.78979492188 14.0532858016625
1565.11511230469 16.1053623248368
1624.79711914063 14.6043614801851
1763.03295898438 14.3462855345685
1765.99560546875 17.0519882434297
1777.67700195313 15.0362139159778
1779.44592285156 17.7141962922113
1781.31323242188 100
1785.61755371094 22.3186327454941
1786.27612304688 19.2163636246251
1791.5458984375 19.3413004088122
1795.60876464844 44.9166243708328
1797.44470214844 39.9394049804758
1799.0947265625 24.9379737766898
