1862.1354 80 1
70.0825119018555 4.99191541471674
112.109886169434 4.90136883177891
129.113311767578 4.95516676986122
175.128616333008 23.6998224369964
228.161743164063 6.65001368729814
257.140502929688 3.34720311878463
260.491333007813 3.63921595653461
262.404205322266 3.32665770154637
266.553833007813 3.32501786486306
270.19580078125 5.05997594706267
271.257446289063 4.49197241763509
274.1943359375 18.8645249583863
284.199981689453 13.0453625820458
286.236938476563 2.93544977679268
297.16259765625 9.31047296632661
355.266082763672 4.22169626289977
383.285888671875 5.60192952516951
384.265625 4.89246114174859
385.223358154297 6.59519251946571
398.194488525391 5.00077898240396
478.563018798828 4.13592445223217
490.268249511719 4.64192090732991
504.21337890625 10.822585025592
521.942077636719 4.48912564555824
524.308654785156 7.24323780294993
525.298034667969 6.6099894364288
580.308227539063 12.8132040081591
585.002563476563 4.95512506543752
586.2490234375 5.08423656305586
604.410278320313 5.57619776454392
605.170959472656 4.91970138418051
608.391967773438 9.83691692229885
626.386535644531 8.33742422802919
626.714294433594 5.40364573961553
637.341674804688 5.73311346086392
667.365966796875 7.33436869766498
709.399169921875 4.32276221972228
714.329223632813 4.59069452961519
766.382507324219 9.31856133780924
867.415283203125 11.7071293669199
908.515869140625 9.98521687829797
925.557800292969 5.71037069845767
954.442810058594 28.6148479774228
995.51318359375 6.29991785221941
1048.49011230469 4.55830827993968
1068.48681640625 15.0760247839662
1078.56506347656 6.1322012162382
1093.63928222656 8.90979350773422
1096.5830078125 12.290091007937
1173.64697265625 6.34071763667745
1174.66174316406 6.30496466853706
1254.58166503906 7.03908218448799
1282.63842773438 11.764042766029
1316.62902832031 6.25244356058807
1334.52966308594 10.0604460355779
1335.11547851563 7.59996705931578
1351.59094238281 89.5050764161495
1429.71044921875 11.3121953346586
1433.83544921875 9.80819308950989
1439.13220214844 9.3892481054908
1450.79638671875 15.9847645136943
1472.77124023438 16.231418383157
1479.66467285156 21.1789761481136
1501.73278808594 7.08135956136348
1578.72375488281 8.39142067916829
1614.75732421875 9.25564160199688
1700.78393554688 26.2859390542161
1835.01147460938 64.0526158454048
1857.19702148438 14.6130681188398
1863.36218261719 31.0522617270515
1873.44555664063 20.7296757417892
1878.5458984375 100
1883.64575195313 41.6496421149407
