1963.2848 80 1
70.0772705078125 2.11430597189387
72.0930480957031 1.01330824050789
84.091667175293 6.44877319997271
86.1081390380859 1.20136763678023
101.103492736816 2.00268640007334
112.096313476563 3.76914732296808
129.118041992188 2.77502599410571
155.141860961914 .854944485268194
158.101333618164 .950654324742307
169.107452392578 1.04227833847401
175.127075195313 22.6074059809776
183.159790039063 1.31076597671972
186.13427734375 1.58695569152906
197.155075073242 .564131631436342
200.164077758789 2.24367766889592
214.155380249023 .618816783174809
228.151153564453 3.6434721226346
242.159942626953 .923123957310716
257.172302246094 1.88265845753724
269.170257568359 1.22720387617
270.178070068359 .855873617993739
274.192718505859 29.3803804981075
286.152740478516 2.0215933053593
288.208374023438 .750478716951833
297.162963867188 18.0197015573442
299.197631835938 2.13310601646936
300.169555664063 2.07957569069338
313.195404052734 1.91911101788721
314.186157226563 1.40623790465389
315.172393798828 .707386020529594
325.194152832031 1.04649991262942
327.230865478516 2.62941730168182
341.217163085938 1.8920407041001
356.205139160156 2.15251749782971
357.191284179688 2.46277980348356
368.215148925781 1.24221770854321
370.275512695313 .87137098619684
371.210479736328 2.33482596272835
382.251281738281 1.8657027776928
385.209625244141 2.44495241951716
396.229949951172 1.40335322723216
398.267028808594 2.72194391066138
399.239318847656 2.01421428726154
400.227935791016 1.05121732116929
403.230102539063 4.16330926158313
410.241027832031 8.29273814058712
412.242340087891 1.31908808271949
413.242279052734 1.35793952328643
414.20703125 1.58270430677797
424.253845214844 .973325229739774
426.231964111328 1.47058628093212
428.218872070313 5.07990439749472
439.226226806641 1.07483086695282
453.255035400391 1.80638219726914
455.287445068359 1.42659704252403
456.254486083984 1.90320653055474
457.239105224609 2.09524945473454
467.277282714844 1.20768407810624
469.277496337891 1.24642461099019
470.271575927734 1.86890339411885
474.264312744141 12.535924252737
479.258056640625 1.6740913318629
484.258056640625 1.26636896283899
495.285766601563 3.6388107325634
496.287170410156 2.94373304583347
497.28857421875 2.19393639278879
498.289123535156 1.14123262893339
499.298645019531 2.08457845951962
507.253784179688 4.07343453165744
509.291473388672 1.74576413223575
513.29443359375 11.0909146317283
524.276733398438 15.5394143673356
527.276184082031 6.12649849395117
540.324645996094 1.33259958259383
541.308410644531 1.81430237469707
554.346618652344 1.11634516957552
566.330627441406 2.05728317762592
567.331848144531 1.66564533462101
570.3232421875 1.67006852653949
573.369323730469 10.0776055887046
580.354064941406 1.17653876107545
584.3134765625 1.96480171589213
587.341674804688 13.4106913252788
592.342712402344 1.32523578936717
595.328552246094 1.39440274563198
598.372619628906 6.64493273210794
608.344970703125 1.25552514011518
609.360412597656 3.13133865381679
610.353881835938 2.43955068569527
612.31591796875 1.29413467949222
620.330017089844 1.97081503553754
623.356872558594 1.37601667309752
626.368041992188 8.98551026822263
637.353088378906 11.9457281349541
641.3330078125 1.29765178521913
655.369567871094 1.20037187518073
667.331298828125 2.1244270144984
669.3828125 1.9149404923348
680.385925292969 1.92343464052444
681.389953613281 1.51005783691903
684.352233886719 16.1603493622922
688.3857421875 2.04204670444192
691.370971679688 1.23730312473842
697.411376953125 4.76226676531576
701.379577636719 11.3094205601344
708.40234375 3.84244471338904
711.367431640625 1.60780577416957
726.416320800781 1.99821851948955
736.42236328125 1.38616943800501
740.409301757813 1.7218481526423
751.415588378906 1.62833931018666
754.426818847656 10.3070003724352
814.452880859375 8.97238296705329
825.492370605469 6.58362836703046
837.426696777344 4.3025067957542
853.4921875 22.9928792415741
899.483825683594 1.36179233283526
922.525207519531 1.04574504620894
936.487487792969 2.27845905315584
942.5048828125 6.90329494257352
950.527099609375 1.4037046832927
1013.53771972656 2.35273629243451
1021.56420898438 1.9114861204141
1023.52386474609 1.43757344085732
1068.56457519531 1.96439763772441
1093.5625 5.67057991528511
1110.58679199219 27.0258680777136
1149.63854980469 1.85110407527628
1209.65612792969 6.72123877717658
1262.697265625 1.74748539104372
1266.66625976563 8.44919707872731
1337.6962890625 7.91928104071804
1450.77465820313 100
1460.728515625 1.80498321734027
1547.76672363281 1.37159825041578
1548.75891113281 5.68059852248056
1565.79931640625 4.73476927237052
1636.81201171875 2.35831038372033
1689.85913085938 2.89828891507457
1735.84643554688 1.77674793723037
1835.0048828125 14.1741302882725
1963.46081542969 34.9626551980024
1975.64562988281 5.47769657363487
1977.65246582031 11.5111915578625
1980.66369628906 12.5694474011419
