1835.1713 80 1
70.0767135620117 2.56356727342031
72.0922698974609 1.43783308680803
86.1074447631836 1.79380222316415
101.083084106445 2.03530478451142
112.099685668945 7.58594559950027
129.123153686523 3.4188014053776
157.116348266602 .903691820459235
158.102294921875 1.7683530375459
169.114013671875 2.01927181807873
171.158111572266 1.70383997604084
175.129974365234 59.7840064562058
185.132873535156 .782214359172327
186.134948730469 2.05077225580156
199.154663085938 5.1787247165005
201.122177124023 1.28282174270586
228.144790649414 3.91623071340069
242.159805297852 1.87743590136417
256.179565429688 1.09880395687165
257.171508789063 2.85956351955346
269.174407958984 1.94961928942915
270.185119628906 2.83481601291046
272.168914794922 .950351088729647
274.195159912109 66.1958088642813
284.188659667969 1.25385721120322
286.149749755859 1.91136516604706
297.163909912109 29.0920477565986
299.181762695313 2.80113867122904
300.167785644531 3.65308954818045
313.221710205078 1.52870742516189
314.184234619141 2.03118671608625
325.202453613281 1.20593593102607
327.206787109375 2.70271653226024
339.178955078125 1.43047710916215
341.222534179688 3.47511451433545
356.200531005859 3.41064342520162
357.186126708984 3.98411067282234
367.216094970703 1.0420200791222
368.211730957031 1.92631732616559
371.207366943359 3.2865832160666
382.247467041016 3.62485726943616
385.216064453125 20.5974522881449
396.223541259766 3.14068522959815
399.224334716797 4.49869654268479
403.231597900391 6.65864504816739
410.243286132813 13.1556017984242
412.241943359375 2.47775213271419
413.242431640625 1.7871360198933
414.210205078125 1.56105553522527
426.272857666016 1.99526454498124
428.228851318359 8.52193428964074
439.246063232422 2.26988046646494
440.271179199219 1.47529522137295
452.267211914063 1.82748874408242
453.256286621094 2.99217568810209
456.249786376953 4.58403592549765
457.241790771484 3.55648250120993
470.291961669922 9.55143591373856
474.26806640625 17.4499847920818
479.267242431641 2.4811321691903
480.275360107422 1.68187488784109
481.281829833984 1.7794162994515
482.279632568359 1.47344353671092
484.262115478516 2.55414349956302
496.291412353516 3.19882513097418
498.295837402344 9.89294329558781
507.256134033203 7.44938953721423
509.297393798828 2.83972656728747
513.268676757813 6.19240749717625
524.283996582031 26.7189653964744
527.282531738281 13.9578271158796
540.311279296875 2.05234654374823
541.308471679688 4.16255224981412
552.319091796875 1.57810373945818
553.313171386719 1.5072137182947
555.305053710938 3.16271277034266
566.328491210938 2.57116805438878
569.328857421875 5.36544568106019
587.347106933594 15.9121851463877
592.352172851563 1.87244958721217
595.323913574219 1.7013528733551
597.33740234375 2.08458373951249
598.34765625 3.88224932059514
608.350646972656 1.91309393415831
609.371215820313 5.72246252876432
612.334167480469 6.90099383927689
620.337158203125 3.31385449795574
623.360412597656 2.20091701975279
626.347045898438 26.3006786874193
637.364135742188 22.3239068766059
640.350830078125 1.32065934711881
654.382385253906 2.33958386264565
659.371276855469 1.25922280361003
667.343566894531 2.57249284730428
680.386596679688 2.43077210604328
681.378662109375 1.78490157703366
684.364318847656 19.3076103556405
691.374206542969 1.80388707962323
697.416870117188 3.37068388128366
701.38720703125 12.7228344792539
708.404968261719 7.13155386255029
711.372375488281 2.21942804279543
725.415161132813 12.1504008989263
736.427856445313 1.09011070467873
751.405883789063 1.44637702104744
793.458190917969 1.55046848396059
797.441528320313 1.39076148082628
814.468139648438 9.29089976977579
820.4150390625 1.33401511899071
824.458801269531 2.13990556190905
837.439392089844 7.2799777548421
864.473937988281 1.38485250245428
908.495361328125 1.11134600803874
925.516357421875 1.29634779208467
936.498046875 2.93826938570098
942.525817871094 6.43315299341796
954.5166015625 1.27062732184446
1013.55126953125 2.35591136362422
1021.55108642578 .981453823143415
1023.53961181641 1.53568163887954
1068.59143066406 2.06573136248956
1076.56140136719 2.44218606983672
1093.58276367188 11.6627228877437
1110.60400390625 28.0064361385713
1134.63366699219 1.09578173308486
1209.6689453125 6.69000806809822
1249.65173339844 1.61254512388555
1266.68676757813 8.74621852016407
1337.71484375 8.89938894789657
1433.78076171875 1.14747960342322
1450.79614257813 100
1460.78503417969 2.25072160590889
1547.81701660156 1.46196496316327
1548.79284667969 5.2224729593602
1565.81530761719 5.55586090672634
1636.78955078125 2.10989915151353
1835.40441894531 36.1706310662629
1847.509765625 4.35400116052825
1851.58654785156 3.67594339779018
