1510.8777 80 1
70.0836410522461 3.77517635573702
86.1032943725586 4.09588902625908
110.089424133301 11.1105313575875
112.102592468262 8.33406291486141
129.123657226563 4.68123134444856
138.090316772461 3.67456473903205
158.118911743164 3.75552653942245
159.108016967773 4.2028766218012
175.13117980957 42.2966914832794
186.113632202148 3.49136348380492
209.112899780273 4.70209677991116
215.12727355957 3.31281961199705
230.141220092773 3.48154939944491
237.119720458984 4.51138939912619
257.132110595703 3.4349955867364
258.160217285156 3.84703895054738
268.182830810547 3.38387342015245
269.14990234375 3.41649380435681
273.129547119141 4.74419616810339
285.186981201172 3.4418902947878
286.1630859375 4.17992722424257
290.154876708984 6.38870071178104
294.191101074219 3.61377707392493
296.162353515625 5.56318422659913
304.201568603516 3.62186920901438
314.156433105469 3.57672020323453
315.166229248047 3.54004760275554
322.199249267578 66.6118132204076
324.160430908203 11.6853971546971
326.191955566406 3.52087626942308
339.229217529297 3.87377210371852
342.182678222656 3.65719340826884
343.195770263672 4.15991387062406
360.170715332031 6.20874110761534
377.187194824219 12.115665353962
379.222442626953 4.10984623662768
395.202545166016 9.442760629721
397.207580566406 4.49222629797757
415.197967529297 4.59078037688035
423.215148925781 7.80980289265525
425.228088378906 3.87357819005458
427.25146484375 3.69165790328676
450.290374755859 3.7429975621353
473.245147705078 5.71403564173796
478.283416748047 6.61603602582524
480.276885986328 17.8098965972664
481.2783203125 10.3349706096808
490.270965576172 17.9556495465429
494.250335693359 5.152060834741
496.280395507813 4.52269543976855
497.254699707031 4.48536929536084
500.265655517578 5.92325080118459
508.275024414063 37.7855636846621
510.280212402344 7.12462014061302
512.264892578125 4.98616789849949
524.265441894531 3.85655393222762
528.289978027344 4.12289780514124
573.296936035156 5.60974911718467
574.294067382813 6.01304807237622
579.350952148438 6.89304860574043
580.318420410156 5.72319125302213
581.32080078125 4.62894152897306
591.317199707031 14.9989676231665
601.288024902344 4.44268582864309
607.3408203125 28.5396158704471
610.342224121094 4.3733926915119
662.360900878906 14.1614199537404
664.361877441406 10.2874507857691
681.396423339844 5.4977001514234
683.376281738281 4.0146934725002
702.358825683594 4.82111200258096
719.371276855469 24.0473066408397
736.372375488281 4.99181598967355
764.449584960938 4.4323438681979
765.426696777344 4.8920671261621
792.434448242188 11.6463579029941
794.438903808594 5.27521267897784
808.417236328125 5.0369101650437
809.449157714844 4.41106397784977
829.42626953125 5.48453516171017
847.446105957031 10.6234413731917
849.453735351563 8.30031096108978
850.447692871094 6.15546383660583
862.44140625 4.34485231990665
887.460388183594 7.01320434158465
904.46533203125 23.9089230205846
920.494873046875 9.13123832859268
961.521606445313 4.54346361350348
986.5205078125 5.33515740911181
1003.53887939453 16.4785116016472
1021.54351806641 6.9816651175255
1134.64306640625 6.06343147668385
1152.57116699219 5.18341021041218
1189.626953125 11.5913289045675
1303.73779296875 6.35514246840955
1309.65966796875 7.19627632103582
1326.67736816406 11.35813471479
1336.66174316406 36.5206355847591
1354.65490722656 10.1868425229168
1407.71154785156 14.8377239397923
1423.68518066406 20.4190453951481
1436.72338867188 8.16305199943281
1466.75988769531 9.68420367097673
1480.7578125 8.87285955089433
1492.91491699219 10.252342249405
1495.81481933594 10.140091036164
1505.04675292969 13.102592198833
1511.14477539063 100
1516.16979980469 16.8269520967393
1519.30688476563 9.87174806379036
1521.38330078125 30.4078512512269
1523.384765625 60.7080019591378
1526.51391601563 22.5882014471082
