1041.5317 80 1
70.0728378295898 4.91932661616397
84.0840911865234 4.48894444559512
101.079093933105 19.9048526753072
112.091728210449 11.8176589364931
129.109832763672 23.5014773371901
143.124221801758 5.20806620592482
146.095916748047 5.21255014669067
158.102905273438 3.45322028811838
171.115814208984 11.1948837896124
175.121932983398 33.5250028274218
199.113342285156 3.93367710411215
209.099426269531 4.5369276184496
215.118408203125 3.80164015794224
216.134902954102 3.55547967750554
226.122024536133 14.2922581094107
228.134613037109 4.496190691755
239.110015869141 3.50151622820892
240.103302001953 6.32752853833395
243.139007568359 39.3682575676186
257.125122070313 28.2304441875882
259.143981933594 4.51965449278438
274.144622802734 4.57776110215657
276.162139892578 3.66770500223437
299.169860839844 42.260562674069
313.186645507813 4.67129176742694
316.197601318359 16.7401816195681
336.165405273438 5.97470712902177
337.148864746094 13.1946701125202
343.17333984375 4.21477200102935
353.185729980469 13.3941682246667
353.763458251953 4.48973820980021
354.170471191406 20.0035743975506
356.192810058594 38.3760231057354
371.193054199219 30.8446130947104
373.216156005859 100
382.177276611328 4.64829301953894
384.190368652344 4.63576981344679
408.185882568359 3.69833220112289
427.230743408203 22.1204241773395
441.274719238281 4.67616640647433
448.182067871094 8.02522343337365
448.736083984375 4.00629289467046
459.276245117188 4.35326530335516
464.230834960938 5.43238826170705
465.213592529297 10.617326232022
467.260467529297 5.10173696826776
470.251525878906 4.73610745007384
479.225494384766 5.19272898875453
481.242065429688 12.2178399212882
481.839202880859 4.70199138407474
482.236389160156 15.104667354387
484.283966064453 38.1500087691052
496.249145507813 7.01493042605335
499.262512207031 9.77614806362213
501.311920166016 75.2610718335
524.255249023438 7.19121879535889
532.234436035156 4.99926524285802
536.236938476563 4.30756671709585
541.272705078125 15.9717885145136
564.281494140625 4.91997435278863
581.301208496094 8.38593018302173
592.268981933594 5.65300270702352
598.32568359375 48.6362689893595
609.290405273438 5.54748347541469
615.356201171875 26.9312172844204
625.333251953125 4.73132966605429
652.344665527344 8.8940797885759
669.381713867188 7.4047436016451
709.347290039063 5.12892670771432
726.391174316406 12.1458237378561
743.420043945313 20.4181666654498
766.426513671875 9.50124011687571
837.432495117188 5.01181929355135
854.452758789063 9.80960953864076
867.478088378906 11.597493749498
871.483825683594 13.1541936513466
885.489318847656 19.927243397132
997.489013671875 10.6431546368004
999.495361328125 7.77227386250848
1024.61938476563 13.1506562077144
1041.8369140625 93.3604686352873
1044.88977050781 30.8020922474107
1048.91906738281 8.58107324609328
1050.95031738281 8.37028302976236
