1699.8452 80 1
99.9482421875 21.704059674209
100.093673706055 21.4131539297867
154.502731323242 21.9723861580925
154.621917724609 20.8453531951662
303.203002929688 46.295530912981
381.205871582031 24.3967840532095
398.205078125 25.4432624918493
424.232513427734 23.587066973265
469.630828857422 23.0993160911371
469.817230224609 21.0638983468768
479.157531738281 22.7495695883031
479.825927734375 23.6521870973758
496.205627441406 100
497.736083984375 23.8814746422506
514.239013671875 22.9770501811405
516.057067871094 22.7161409756127
599.929321289063 22.0465041524535
608.030212402344 23.1611086993193
620.196411132813 23.0877961716191
626.23046875 24.8878864624673
648.317687988281 23.8538929753528
651.326354980469 23.2358730315617
680.287109375 24.5130906013348
728.038452148438 23.6414759187733
737.250610351563 22.9465699256823
739.309020996094 23.4030069271006
750.379028320313 23.8026155270572
763.396667480469 23.1693831775603
781.377319335938 23.1903220364851
795.412414550781 23.2247798565754
834.368469238281 23.3776897347662
835.378845214844 24.2983176093435
848.198120117188 23.671567847622
877.5849609375 23.4306793999959
878.082824707031 22.9816112179634
952.485717773438 23.6894555377164
976.422668457031 23.8793588188515
1020.50427246094 23.7753556102565
1052.5673828125 23.9448945550279
1120.21545410156 24.2284856144091
1204.64758300781 26.5673228680585
1360.76696777344 36.9917771676701
1446.720703125 31.0424458665285
1457.70947265625 25.4761984383464
1553.6845703125 56.993748705578
1571.65869140625 53.6408839335202
1682.48999023438 27.5678338264215
1684.76733398438 32.5050419156992
1700.23083496094 45.1649473482379
1713.41943359375 31.5891879045014
1716.25024414063 34.9030309819586
1717.58166503906 39.2601118590188
1729.40795898438 25.7700898665047
1792.91198730469 22.2863906781357
