1543.7454 80 1
99.9503784179688 57.120286847974
100.064468383789 55.0209034845403
154.446731567383 58.6918068296601
154.571975708008 56.1053108856785
411.173492431641 66.4750624386978
469.020751953125 57.9525613088199
469.189971923828 55.4929049334171
625.307495117188 62.5667950189102
627.194946289063 62.4491497791418
648.373352050781 67.349372198361
678.377746582031 62.4490629269898
696.334594726563 87.0932810855166
749.409301757813 93.6175507537693
795.423889160156 100
848.504760742188 79.7446976418315
919.507934570313 73.6904558215786
965.541442871094 65.4021720900426
983.493286132813 73.7658046346777
1020.58929443359 76.7613810717254
1028.5380859375 62.3689738148532
1078.62426757813 66.3867520846916
1096.59338378906 72.8932604878431
1183.60083007813 66.3876903164924
1204.72644042969 71.9508460702395
1265.65124511719 68.8513338913508
1397.66870117188 65.1445606074202
1516.36450195313 66.0499314393683
1555.38244628906 65.0079524573148
1558.3134765625 73.3596702580336
1558.63647460938 72.9860003016055
1561.00244140625 79.1361531819634
1561.54809570313 73.87824960184
1562.43103027344 77.8377352213407
1562.69921875 71.2942700846859
1563.1806640625 69.6043214796754
1563.59814453125 72.0527179306771
1563.85375976563 71.3697811741744
1628.30773925781 58.1155176591681
