1232.5448 80 1
99.9195556640625 1.37938269224242
110.0810546875 3.3431439921288
112.095397949219 1.65716076287027
136.084045410156 1.59595216824615
175.125625610352 3.78656139937982
223.160064697266 1.62343050131899
247.133697509766 2.62080950542501
251.163864135742 1.70410349766729
258.102813720703 3.281470542501
275.127288818359 11.2721270083782
279.143432617188 1.81035677027904
321.167724609375 2.42081972844907
338.175201416016 2.24668942226317
357.221649169922 2.23137779642854
358.234466552734 1.57503335331011
370.203643798828 2.78572707177517
370.785064697266 2.03236272482263
380.184112548828 1.95109527517685
388.211669921875 5.9226510552426
423.202453613281 2.08410161580299
471.237091064453 1.76754370695663
489.261138916016 2.53724578758317
501.237426757813 2.69535696803535
538.272583007813 1.8389431444946
556.234191894531 1.84642679068977
558.261535644531 100
638.274963378906 1.86209920458353
655.275634765625 2.17630007479792
656.26806640625 4.49811097818177
673.287536621094 5.02332218859844
675.316833496094 5.29126903944309
732.341125488281 1.96895260951912
744.328430175781 4.83924475224521
845.375122070313 3.69038218560143
867.414184570313 2.3242722031151
895.416809082031 2.88017879368965
958.464477539063 3.80375991812587
1058.47570800781 4.8849056774007
1076.4716796875 5.42413107455331
1078.48522949219 3.47273316066414
1095.49694824219 4.25880204963808
1188.48950195313 2.57564377195246
1215.646484375 2.73548564782188
1232.85375976563 10.9377573915552
1242.97875976563 3.77699257973756
1245.18713378906 29.8108305447518
1247.32202148438 11.3181055707002
1248.96264648438 6.93722988863922
1249.78955078125 6.14031561255967
1251.45190429688 4.21896499028196
1251.94580078125 3.94820134236379
1253.40954589844 3.00472586051554
