860.4905 80 1
70.0782623291016 .596244326823965
72.0940704345703 .575795574524635
84.0916213989258 1.23593468327395
101.116149902344 .565090608723292
112.097389221191 .675268291539742
129.118560791016 .786781279913168
158.103988647461 .497449755343914
169.145858764648 .691302029255563
175.129211425781 12.9884771581288
183.158493041992 .30697485240122
197.141723632813 1.09609968666099
199.13981628418 .321426393208201
213.098281860352 .551952355679366
214.164199829102 .385030034184406
248.183044433594 .311881282995911
257.174011230469 1.89059112214954
274.197174072266 2.15016066972122
276.191497802734 .373339768957834
296.208740234375 .887609155007273
312.173522949219 1.45287630892323
314.219421386719 .340627180976417
345.209014892578 .429587402202347
356.238952636719 .512807135132877
360.174163818359 .442239614648473
373.247497558594 .690772519565472
383.246948242188 .480393405028944
391.216156005859 2.85725239040731
411.241943359375 .808482856016599
428.301849365234 .663433116750081
453.302337646484 5.56807338406589
453.819183349609 1.31833642179996
459.246063232422 .50850108911666
468.299438476563 .590064389043003
470.326934814453 100
488.267059326172 .480448329920244
490.288848876953 .564217034810391
559.341369628906 1.45794235278787
568.332092285156 3.95279575325524
585.360900878906 2.84789139125054
587.344482421875 2.59900436366743
658.417358398438 1.26542097835666
686.420166015625 3.30046912176743
704.436767578125 2.10921979674059
715.400939941406 .425621077276349
732.436706542969 1.0192342462546
769.792602539063 .869951614431261
770.779418945313 .866812977278171
819.424194335938 .341478283898951
843.537536621094 .858298977098362
860.748168945313 2.65926584452065
863.809936523438 1.30962034636112
865.824157714844 .730276243677041
866.8212890625 .748138226204626
867.888488769531 .690488138796628
