1213.7394 80 1
99.9501876831055 27.6129053050589
100.063941955566 27.3689475797281
129.112243652344 29.9320094116795
154.30290222168 28.4373102690372
154.430450439453 27.2284422423015
355.201751708984 43.7757412678404
467.219268798828 30.1801666589815
470.303161621094 40.2986466195834
517.336791992188 35.3085139605542
584.331665039063 32.3290805819264
630.425231933594 48.5617159373722
669.416076660156 36.6666641413569
680.428955078125 31.6976478499963
683.256591796875 31.0530887965272
697.426879882813 42.2640515677546
710.422302246094 39.4105818371146
758.529052734375 41.9187263707784
808.469604492188 33.3579721669361
810.349975585938 33.5341125265495
822.196960449219 32.116315210427
826.475708007813 59.6474752129921
835.313720703125 31.4644607416565
838.517822265625 35.414611781119
905.5869140625 32.6912171758524
939.556457519531 74.2463936323535
953.59716796875 32.5187593322142
962.423095703125 42.5819989937528
984.619567871094 100
1067.6298828125 49.1388338621605
1085.62548828125 45.4337395696856
1214.89270019531 34.6094855100316
1221.99841308594 39.1230369231145
1222.74621582031 39.6942277068857
1224.17431640625 50.6287939538022
1226.02319335938 46.0336492687017
1226.25964355469 66.6285836296204
1227.45446777344 47.3120392452802
1228.16333007813 45.0437895888383
1228.92980957031 42.6845391988008
1231.55432128906 40.4569610219659
1233.54272460938 38.7788547700877
1280.466796875 28.4709294797269
