1810.9594 80 1
99.9505996704102 52.5929366741481
100.063819885254 50.8743079427228
154.531646728516 53.7401224314121
154.662567138672 51.9693451787991
470.071899414063 53.8809519886583
470.272247314453 58.7218629990703
534.834838867188 55.2210663183959
543.542907714844 58.4441441745068
599.92529296875 53.2507459202427
613.292114257813 56.8842200164844
760.338989257813 57.6704453204361
760.545837402344 57.1257466195744
776.391967773438 58.0260091434336
852.971984863281 56.3825939042994
897.455200195313 64.4918143961372
943.095764160156 56.9792839569409
954.472473144531 75.837211636673
1023.63916015625 57.72576943269
1051.60961914063 77.8717066592476
1055.52612304688 57.9774769605509
1065.55798339844 59.1123102597556
1112.51184082031 71.3177846423052
1183.57043457031 63.2532800486423
1198.66357421875 73.3665027753426
1270.57312011719 63.3528466282855
1357.65197753906 70.60343958953
1361.73205566406 72.6216505156435
1462.80480957031 60.3994508087534
1564.80126953125 61.309569344479
1570.75305175781 64.6386260036949
1665.78894042969 62.3356606389683
1825.40625 72.3520525911333
1826.20092773438 83.1422505801762
1826.58447265625 89.9224013778307
1827.62231445313 100
1828.56652832031 95.9718547753132
1829.33898925781 84.7338499012736
1833.74450683594 70.5212616179674
1836.95239257813 69.4057702493941
1837.4072265625 66.9830360280924
1910.22888183594 53.9983714750002
