1085.6404 80 1
84.0892333984375 2.0788645477994
99.9499969482422 1.53020409744346
129.107376098633 3.09837054312079
154.234924316406 1.55208591078313
154.362777709961 1.46909339151267
175.120361328125 1.79318036272009
197.166748046875 1.69482586312709
227.113571166992 3.42605574336186
230.158340454102 2.52132365846217
244.134033203125 2.05350329585254
254.155212402344 2.1114242742262
258.133941650391 1.77257535371958
260.201385498047 2.15166522803928
310.173370361328 1.94391260375178
327.208557128906 1.91230512818995
355.200531005859 18.5344352890771
371.224365234375 2.19641926915793
383.192657470703 2.14194327245798
389.23876953125 2.75390024968977
399.231628417969 2.22340657997288
450.283081054688 2.11969690357589
456.238647460938 2.32700653980025
468.292541503906 6.08915716950551
470.312713623047 3.44195337776918
473.271942138672 2.84319293161308
484.321319580078 2.11043700301834
502.329284667969 11.431740764944
584.341552734375 10.3600739111543
597.3369140625 8.43464075061183
612.415771484375 2.32039377388334
624.377807617188 3.47954002088491
630.4248046875 21.8950843000917
669.443115234375 4.13364755399754
679.415954589844 4.56822314364214
680.001159667969 3.47113893418938
682.4345703125 2.73415613027016
697.431701660156 25.4494749811871
710.423156738281 10.8497726473408
728.421325683594 2.56972906701793
759.460876464844 3.57322480535593
808.44384765625 2.73217648751661
810.456176757813 2.64616439033133
826.477844238281 36.0459050711269
838.527770996094 4.19297847925025
856.529357910156 100
866.539489746094 2.5455264220463
911.582580566406 6.08523987282614
922.075744628906 2.79970780710183
939.5546875 41.2370234595424
957.549499511719 9.7437522901703
984.573547363281 4.69419662495985
1085.90478515625 3.94691789953456
1087.02172851563 3.77339776421686
1092.97424316406 3.08156101575425
1095.07983398438 4.24100729309405
1097.13330078125 4.22676406594415
1102.01110839844 3.23194803508228
