1085.6528 80 1
99.9500427246094 2.93016853905567
129.110641479492 4.55804096165139
154.232772827148 3.0629519607637
154.362854003906 2.86240916915912
175.122253417969 3.36112874197879
227.107330322266 5.19025615470036
230.159027099609 4.28579082116617
244.105499267578 3.38219139844976
254.158218383789 3.32734927273307
260.218078613281 3.3308032721515
310.180236816406 3.46951734180308
355.198547363281 19.728451310498
389.246948242188 4.0611539887279
456.244049072266 4.28193188708861
468.290008544922 6.76127254725259
469.281341552734 4.64154858226236
470.296844482422 5.05957487857125
483.2861328125 3.91792145262859
502.331848144531 11.99027448745
584.349914550781 9.77303316988989
586.35546875 3.94783486206115
597.334716796875 10.1995222683974
612.400268554688 3.86372632227357
624.380126953125 4.60610495908079
630.420959472656 20.123314144181
669.430969238281 5.13815963384494
670.438171386719 4.26279644742412
679.423706054688 5.93194879211945
679.984680175781 5.4168050416656
697.431030273438 27.7190219028011
710.417541503906 11.4014748476792
759.465454101563 5.07181442779169
798.478393554688 4.39637173659204
810.425109863281 4.46543522325729
826.488525390625 34.2594120766221
838.512634277344 5.56459837001059
856.531127929688 100
911.578918457031 6.85418699608673
939.5576171875 39.0275368683846
957.537292480469 11.6094048840225
984.582702636719 5.49856133862779
1085.92712402344 5.69084004497619
1092.91271972656 6.51786191962577
1094.03454589844 7.84862851084779
