1569.7899 80 1
110.092262268066 4.23776318860266
195.100631713867 2.95235699461649
213.182403564453 2.78818699151719
268.149505615234 2.50889175216421
285.143737792969 3.60759912963113
296.151000976563 2.57428408537177
300.205810546875 2.46274676887861
342.177429199219 4.91166393241322
349.216278076172 3.17776619971726
353.171417236328 3.11867575665663
443.226257324219 3.26888624205494
448.216705322266 3.99498237692531
450.271575927734 6.29898815300838
470.331512451172 3.04081982300912
500.244567871094 5.2288996406821
505.221832275391 3.54143181431154
511.246917724609 3.2422957066724
570.299865722656 3.33735832522705
571.287170410156 4.41823897505556
598.276550292969 5.14523608278153
606.282836914063 4.8804399038328
613.330383300781 17.3167461996486
655.374267578125 4.04836537513002
663.3095703125 5.38520217425884
673.364135742188 5.78232385718281
707.338500976563 4.12316437547283
745.335815429688 5.02302862661425
760.406188964844 75.884100220855
764.382568359375 5.04532192932337
770.4013671875 4.99436377164361
782.437194824219 31.7192484958887
783.428955078125 23.5258039139219
792.431884765625 4.64107674259188
810.433776855469 81.8168898248181
897.469543457031 66.6290674731869
929.512451171875 29.4402323812918
939.492919921875 6.23247559310453
954.491333007813 61.7786665576639
957.505126953125 100
1055.54638671875 28.8899789674889
1092.58093261719 13.17875213611
1112.56994628906 63.0400470940423
1120.57873535156 80.7561301890774
1183.61352539063 29.631446258284
1193.64428710938 6.01380728494651
1203.6337890625 13.3611644865671
1204.19787597656 12.1437810301583
1221.62768554688 43.5995684069074
1270.64953613281 28.2300047998266
1278.666015625 6.18771472544673
1304.68530273438 11.6200234625995
1305.22937011719 10.3216653916527
1322.68249511719 25.6712088057613
1357.6689453125 53.0449602624482
1379.6767578125 5.89104253186252
1405.67041015625 8.7742757424601
1406.22131347656 7.78133606123234
1423.63659667969 14.5223459464475
1441.63122558594 14.2480052734777
1456.63244628906 5.51701587203295
1570.14538574219 11.5422061033675
1582.33850097656 10.8504243710494
1584.37915039063 20.4877759231509
1586.48901367188 17.0153546651838
