1066.6326 80 1
70.0812911987305 6.44694729611615
84.0967788696289 7.62828462839997
86.1132354736328 3.14014896524721
112.10814666748 7.70452618501038
120.115875244141 2.56155259419763
129.123672485352 11.1122094244392
158.1171875 4.7730004312871
175.138656616211 41.5170019907804
217.161819458008 7.80775627847987
229.157760620117 3.78741305663512
231.18229675293 2.59922750075928
232.16813659668 2.66166830751802
233.19059753418 2.87495182428202
245.154205322266 28.5189885163413
254.174667358398 7.40931196251846
260.164733886719 9.29670167899402
261.183685302734 5.30454558826131
262.183807373047 3.70278355631628
270.191040039063 2.85211042649296
276.157897949219 3.2977924012416
286.174194335938 6.51237668455161
303.199371337891 15.2279631421674
330.243499755859 5.36375729671029
340.196624755859 5.0229331132226
356.23974609375 2.91703085927681
358.240783691406 27.4144144017436
365.235290527344 3.07844965294868
373.251037597656 4.51788777749193
374.260803222656 3.03849146348556
375.254425048828 2.9676315404081
390.242156982422 3.3610077956582
401.251098632813 10.887049807969
407.234466552734 3.55297729866917
408.254791259766 3.98753323694624
417.258697509766 3.00362585915703
433.25732421875 13.6376234342293
450.281555175781 17.8839295212751
460.273345947266 2.9534390646028
475.302947998047 3.0781360062583
476.29736328125 4.04383097115073
477.314056396484 6.57711318416094
478.326049804688 4.79755720906768
486.341156005859 7.18338913417711
487.322937011719 5.09199211630207
504.321716308594 4.52681599719975
505.314086914063 9.44552888029768
512.304870605469 3.07253697700943
514.332641601563 11.4205842502405
520.297790527344 4.12551015380265
521.322937011719 3.60563921325508
534.366577148438 3.14592579656479
535.320373535156 3.31245054561405
546.333862304688 7.10221447505212
554.313598632813 3.13036202138121
563.368957519531 10.9532039965284
573.355041503906 3.53104360001609
589.399169921875 8.23523071566888
600.356994628906 5.01887683270867
600.933166503906 3.42973202558629
605.393615722656 3.96785179632182
607.33203125 4.10285623488786
617.388977050781 4.99197161979372
633.406372070313 6.65732119689161
650.414978027344 3.61776580187483
651.391235351563 4.09257104633824
661.40576171875 4.60996339502311
693.422241210938 3.30923969288425
710.446105957031 5.51577917348864
720.432739257813 3.7325918109015
764.471862792969 3.76157362197
765.470642089844 4.71228165270691
790.474914550781 20.9207991964688
807.507934570313 25.2850718960947
834.473327636719 4.13376631567036
892.536682128906 4.45760763151831
910.543640136719 5.83693092833877
918.583923339844 5.29333364243956
935.581970214844 4.98544679356639
952.519287109375 13.2983791554552
1049.72534179688 6.15333513896123
1059.85290527344 5.82483373947945
1064.86328125 7.47151092300675
1066.93139648438 100
1068.95739746094 55.778481840811
1073.98425292969 10.5816040256362
1075.06823730469 14.6309181259752
1076.14831542969 16.0608822885242
