1960.1436 80 1
70.0881576538086 1.56403732789691
72.0937881469727 1.1759628678908
86.1117477416992 1.2446185678651
112.099128723145 3.40443371628827
129.117828369141 1.47795039083408
158.090560913086 1.06311542356991
175.127639770508 34.2179932225623
185.115692138672 .930115643520087
199.144515991211 1.4064897177213
200.147964477539 1.03994970676503
228.146484375 1.93230692773473
271.179809570313 1.25891942720058
272.167724609375 1.40196225994025
286.191253662109 1.00023324598198
288.216522216797 5.596914626594
292.146514892578 1.57948012579321
299.169830322266 2.11484105172878
313.192901611328 11.3974249679452
315.177886962891 1.26087035769205
327.136535644531 4.59291017668782
358.217895507813 2.3533921823905
375.232391357422 6.88775943735161
379.145233154297 2.59452584138369
398.231384277344 6.15846436905134
414.174468994141 3.24537553512273
426.227478027344 11.7135180388118
450.200866699219 2.20134704608286
457.279266357422 1.64084615336597
474.301727294922 8.63338293475516
478.229034423828 2.04435158779745
485.237091064453 2.96765769655229
497.304351806641 6.2185609284807
513.235900878906 5.81489505066929
525.256896972656 5.16691373238097
549.263305664063 2.42256116844673
566.313232421875 3.47539687553517
567.305786132813 2.34802687619516
573.36279296875 100
583.340698242188 2.33626899470025
584.328796386719 4.99235954419769
594.277893066406 2.22452043973853
612.280334472656 6.43330144134163
641.297790527344 1.78387529770631
653.338745117188 1.81165396831491
670.379638671875 2.89765158353764
671.361145019531 6.13838342243131
677.330078125 1.59222259142084
688.38671875 22.3042492982994
729.371704101563 2.79086892839691
747.374267578125 2.41005589369375
757.399536132813 1.59466592429838
764.411315917969 1.54837166317695
785.419494628906 5.50351416530828
803.414855957031 2.72920641748416
857.435180664063 1.9489904476105
875.450500488281 3.60900445063464
882.458374023438 4.36137858398683
899.469604492188 11.0654705707252
969.46240234375 2.92800325996068
974.490417480469 2.59303998551059
986.500122070313 7.40524754442479
1085.56799316406 4.10556725556181
1196.60375976563 1.45888314574528
1213.60144042969 2.42607991885221
1376.67602539063 2.53967074289513
1463.716796875 1.59643523527928
1534.75231933594 1.64594236352663
1744.76098632813 2.34750364557955
1960.43090820313 34.9612535891659
1964.29907226563 14.8740255120468
1965.1787109375 10.190468047731
1974.4677734375 8.05386665771893
