1622.8070 80 1
99.9487152099609 9.04335143048005
112.124885559082 12.8145943104992
129.136688232422 11.1392987184889
154.477478027344 9.37017571390717
154.608169555664 8.7572385243501
175.144897460938 55.4806003737331
252.170364379883 11.3102586679664
258.136840820313 10.5147074444804
295.181427001953 12.3677176428292
312.199127197266 27.8231641772622
409.219207763672 17.1998992306238
426.239562988281 13.2071880198395
469.355133056641 9.55686017874771
469.590301513672 9.7024960130746
502.335754394531 14.0774043118382
525.316162109375 12.3528081560726
655.3505859375 12.2764213122815
673.408020019531 11.3459639217953
745.40283203125 11.4217222023311
819.473510742188 12.3109254801792
865.464965820313 12.2481539728281
870.482971191406 11.8406931858183
882.46435546875 12.4366075024449
891.462890625 11.2815600011708
947.529174804688 47.6511195312371
951.37744140625 12.2598380129046
1062.57580566406 16.6023121111171
1391.74389648438 15.7807807779507
1507.68713378906 20.2657214726794
1623.18420410156 40.4594780903482
1635.39770507813 100
1638.55578613281 71.1973447764808
1640.90734863281 43.3377437886372
1641.33337402344 38.8398407227779
1645.23413085938 24.4397611498673
