1205.6663 80 1
99.9512252807617 15.6667231887785
100.062156677246 15.6927777222512
154.3056640625 16.3271335172706
154.427474975586 15.7553777778885
175.128845214844 20.6137078355267
276.179809570313 19.135782279604
301.175537109375 17.298470511892
333.214904785156 18.472351296217
359.2431640625 19.7333221399109
413.228820800781 18.566464146135
447.255310058594 53.1879956425429
460.265594482422 18.8084106076368
467.205322265625 17.0137085805836
467.3974609375 15.9439670223902
472.296264648438 20.1426845134716
478.972351074219 18.2385929745778
503.275817871094 19.9311913561129
515.270263671875 18.4545507838478
517.257873535156 19.1262624402948
518.267578125 19.5245010657908
531.28466796875 23.7028702372415
545.293029785156 23.3450039356255
546.285400390625 20.9725354043393
548.310852050781 100
592.377014160156 21.7413335503501
613.310913085938 19.0345934849538
630.360595703125 21.776495566456
658.377014160156 24.2143554217722
661.393615722656 49.1426383007757
705.478759765625 22.3043498436674
729.46044921875 22.4574033457513
741.413818359375 20.5404140566515
759.399230957031 20.7394727287119
760.390319824219 20.6861646231823
792.440795898438 26.0633340085961
840.552307128906 21.7296803566767
849.481384277344 29.3905618678036
856.472351074219 21.4856089256959
866.512756347656 22.454817207586
873.4765625 31.178145127318
875.47705078125 21.5115769151749
906.491638183594 80.6857906573022
930.474975585938 22.0444399634553
1019.58758544922 32.4530142176988
1031.57104492188 24.6819068024322
1059.54333496094 27.4060008850606
1109.65979003906 57.2921717561802
1111.21313476563 28.0862803968858
1167.64782714844 43.7953382721425
1188.7001953125 26.4765225849518
1192.75439453125 25.521095460816
1194.32971191406 23.1235004231732
1196.84692382813 25.9922403637066
1197.53649902344 23.5223256911733
1200.2470703125 24.4655462192121
1201.04992675781 24.2090789332969
1202.77380371094 26.8869483416326
1206.04382324219 41.175939662941
1208.02380371094 39.0331894359263
1210.0439453125 32.2148211901669
1211.03527832031 39.8786398067969
1213.04541015625 57.2112935491772
1214.09008789063 67.9688425331974
1216.11572265625 63.4918384881372
1218.13452148438 55.2508055718568
1218.35229492188 53.0933716140875
1220.88415527344 32.627470738188
1221.35974121094 35.8237464548705
1222.48034667969 34.4579205254707
1224.26513671875 30.7423191576707
