965.6163 80 1
99.9480743408203 12.0789703396311
100.058090209961 11.6566905940915
112.095840454102 13.1174609805035
154.158645629883 12.1662314692267
154.282867431641 11.6426491819116
175.124938964844 20.7021088072715
227.194396972656 16.5009465550967
237.154205322266 27.0508380613525
258.166656494141 13.13912011304
276.175842285156 14.54348622228
350.245025634766 45.8511795805443
359.226928710938 14.2169959700906
374.284942626953 14.2643184073016
435.324859619141 13.5204731956569
463.323974609375 26.6977503749103
465.436065673828 12.9322356702218
465.596496582031 12.7261052224118
472.301483154297 14.2068588029996
503.308959960938 48.0496322720038
506.292633056641 15.2115672326204
577.380432128906 44.7658814258809
581.361511230469 14.4874958336403
582.159973144531 14.184805944595
616.40185546875 63.2910774707869
662.487731933594 17.4226581477831
690.468994140625 49.462708873678
706.444274902344 14.781073306377
729.488647460938 43.0162150714416
802.509399414063 15.0503370435235
819.530395507813 36.7936509180101
837.518127441406 18.086257950648
866.528869628906 22.8892154580684
930.028076171875 18.4996878376471
931.427734375 19.7729813424367
931.648742675781 21.2364464356629
932.882507324219 17.7451641689306
935.315246582031 16.9491475101565
945.698974609375 15.5835812351341
956.850891113281 18.6024877341873
957.252624511719 17.3901674548688
965.871398925781 20.0177441192555
966.825622558594 21.4049114760672
968.879150390625 19.3223294050733
969.944885253906 18.3033039330081
970.802185058594 25.4746016371622
972.060302734375 28.84605519738
973.998474121094 100
975.744995117188 34.2055527498187
976.262878417969 32.0948913995487
978.484741210938 23.6823672460066
980.580749511719 17.9131807562359
