1456.8513 80 1
70.0806350708008 3.8729039192128
86.1063461303711 5.38928676186581
112.102630615234 14.1152480797229
129.128677368164 5.73913692143432
157.132995605469 2.20992006000905
158.11003112793 2.88841314782467
171.126098632813 1.98663737732703
175.132873535156 61.1060467906053
181.1201171875 2.47387654539688
185.146392822266 6.43607682079585
187.163131713867 1.46822759245767
199.129089355469 5.10217256702514
215.144302368164 1.72824929695298
227.185363769531 1.22070539034405
228.151458740234 1.77697969095339
229.148529052734 3.38898762879683
232.152908325195 27.9374152309609
242.163940429688 1.39115911375841
244.149353027344 2.69137571343271
246.176116943359 8.73318721425126
256.163818359375 1.20386381342489
268.184875488281 8.12280953267249
273.133972167969 1.25213054728687
282.194030761719 1.18482772672249
286.193145751953 20.5639162947221
293.125091552734 1.35999018413305
298.224609375 3.60720636815472
310.117828369141 1.90966892540141
312.185211181641 2.73294350542788
314.194885253906 1.16300546801633
330.154998779297 2.653708100045
334.194030761719 2.39038725329167
341.216857910156 1.70144511390168
342.2314453125 1.95612178644974
344.177734375 4.55513402676661
357.199645996094 1.5063003846057
359.261413574219 7.26143789764889
361.195861816406 4.2199195721121
362.183135986328 4.69667541429023
369.240966796875 1.39973425583019
371.279510498047 3.77664310762233
381.264038085938 4.32242881118864
383.258819580078 2.27144800804573
399.278625488281 4.45280275582341
402.180572509766 1.5653288805013
412.271942138672 1.83802404551456
413.261077880859 2.2955648743121
422.190246582031 2.29392392670547
430.292572021484 31.66597418638
447.287384033203 1.79812323567702
457.257293701172 2.06775181459495
459.199951171875 2.2130410008371
474.269226074219 6.659330168963
478.266387939453 1.97237880148048
491.233093261719 13.8252435256483
493.215545654297 5.86710381291631
527.290466308594 1.97572729104655
541.324951171875 2.40494539553034
542.330444335938 2.13202339857449
556.207580566406 3.23776750134647
559.339477539063 26.8160915118888
562.296630859375 1.76381245643615
569.33447265625 1.87650900855946
570.352905273438 1.85790289261027
573.231323242188 2.62456637609212
578.301879882813 1.82330233867336
587.361938476563 4.14259059913391
592.28759765625 3.02782715413332
597.366027832031 2.6960550080996
602.266296386719 1.80647850075055
604.312805175781 2.23441018735243
620.275817871094 15.3349951720555
628.325561523438 1.79027109337337
638.33349609375 2.48760606873699
641.308166503906 2.65701135035231
647.336486816406 2.45195597752123
658.384216308594 7.37880430437852
663.325561523438 3.91422952902362
668.283752441406 2.09241847648082
669.290771484375 6.53697492013611
671.38037109375 2.40471331610422
686.311950683594 6.85839664835156
688.390258789063 6.39460636421034
691.319152832031 20.8681934663953
720.358703613281 2.30169682930297
733.360168457031 2.16983441162159
754.395751953125 2.66580321146511
757.359252929688 2.03499834781088
771.45263671875 5.49530194206314
776.407470703125 3.46064570853916
782.363403320313 5.33999168521629
799.396545410156 2.14388244085807
804.399963378906 5.93045238077267
830.466552734375 2.12989359648438
851.446716308594 7.2704386302452
853.408081054688 5.85118389460446
870.414123535156 3.8198974110695
884.564758300781 4.24898992758412
981.585876464844 3.47216636928186
998.587463378906 9.30114421194387
1032.51806640625 5.17818104052738
1049.55615234375 11.3875120694285
1089.56726074219 2.32134210928393
1162.63598632813 5.63809162206645
1184.64953613281 2.708435282381
1263.67858886719 3.26518419623631
1403.6474609375 5.25255335407549
1448.02416992188 17.7361221307063
1457.10131835938 40.7508829102017
1467.16613769531 10.5534952143989
1469.25378417969 100
1472.14270019531 45.4734609851396
1472.42260742188 42.6240570888815
1472.84704589844 35.3951588365874
