1109.6161 80 1
72.0912322998047 .966036223863274
86.1017913818359 .763023120326729
110.083160400391 10.2971933608506
112.096229553223 3.38361072718015
129.120986938477 2.067367296223
158.104934692383 1.12003651997472
175.127792358398 13.8907178219653
195.093872070313 4.03867966539946
212.115112304688 .613973569922169
227.182754516602 .947247737238039
230.123260498047 .664570150384592
237.142776489258 .823015851937001
257.136779785156 .785391071997123
262.158264160156 .886932966894842
266.134216308594 4.84228237365907
276.170867919922 8.6280012984688
284.204772949219 .884924763149386
285.148956298828 2.07877921500851
298.192626953125 .699602447221492
300.166717529297 1.74203488811653
313.144439697266 1.08534491625968
314.162689208984 1.00777669099261
323.151763916016 5.78980913661753
337.202331542969 5.88937851777837
342.162078857422 5.91337417087408
359.186889648438 2.07880625230983
360.207855224609 1.25899191651369
365.198516845703 23.156871852149
367.181274414063 1.74690559146346
369.200408935547 1.90870316198984
370.171813964844 3.02346155944031
371.204467773438 2.61301692159662
384.204833984375 1.25938177011712
385.214508056641 1.47872572162114
387.204071044922 4.74294383092575
399.233673095703 1.34872897010568
404.2265625 18.917397105474
409.215209960938 7.20119191678502
413.248779296875 8.49898199453713
414.226806640625 5.30036287257363
424.197967529297 1.98716180672043
441.219360351563 1.5518178378262
442.2197265625 1.88199391197829
451.230255126953 1.50781704845263
470.232452392578 6.5243154486769
479.209869384766 2.36416588934907
481.258728027344 1.40390156082043
484.275421142578 16.424259280466
498.333282470703 3.50121967328241
499.27001953125 1.8234856737068
508.284484863281 14.8531116414919
512.26708984375 15.0582026955685
524.256103515625 15.5104220066782
526.324462890625 5.778802546099
541.281860351563 21.9610202822233
546.249877929688 1.74966181597054
556.264221191406 1.95816870449678
564.244934082031 1.84424134080224
569.279479980469 16.1283182689122
579.321594238281 17.2827582323977
581.27978515625 16.5492871618399
583.354125976563 8.68637959196284
588.297058105469 1.8171233322745
597.373474121094 14.8020280619977
598.308776855469 26.8175210099295
607.284301757813 2.59328836361419
625.41455078125 1.87821637894815
678.338562011719 14.4974296410408
679.326721191406 11.6513639010009
692.408935546875 10.0769089622036
694.416748046875 2.21584717473575
696.435363769531 6.12280705324604
706.332580566406 18.7847698538661
723.359069824219 5.75966422223254
725.374389648438 2.68917199981771
728.340270996094 12.0861775109717
745.358703613281 19.9699113956609
755.347595214844 1.85775692736129
806.403137207031 3.37637363365851
807.411987304688 6.55675593208026
834.385620117188 19.5306120989098
862.422668457031 2.37702714623678
865.390258789063 10.3521664960638
878.469421386719 5.15614359482593
882.410766601563 9.69267957994386
891.41455078125 3.07240298684826
907.445129394531 2.61658977666719
908.434020996094 2.9066746205281
917.426513671875 5.66910317653102
917.995178222656 4.80242689591646
935.428588867188 12.0280550601094
953.435668945313 21.4151590991207
981.454162597656 3.95630042890294
1065.42956542969 6.97110552322231
1092.58166503906 11.5923756398224
1109.80578613281 100
1112.83239746094 32.7927445588847
1115.96655273438 9.24221123761356
1116.97021484375 13.8982301640791
1119.10717773438 28.8350528363212
