1404.8917 80 1
70.0728912353516 1.99753979063487
72.0921630859375 1.8625081842787
86.1073913574219 2.90648190676922
112.096389770508 8.93586170882997
129.119369506836 3.9135873920304
136.085403442383 2.38013690212735
157.112380981445 1.34909816335914
158.099594116211 2.46036157559814
171.118118286133 5.930229383744
175.122833251953 88.4069271862835
187.149749755859 1.33912857354636
201.127990722656 2.33246735866929
215.144943237305 4.16493243930219
228.139465332031 4.07633406706976
242.147811889648 4.22493668391011
244.135482788086 2.71774422955147
249.16618347168 1.6942968654499
254.152465820313 6.73750558318744
257.161560058594 4.83520811287891
272.161956787109 29.2064999092516
274.187408447266 14.3872549698761
277.157684326172 3.74262951982403
299.174682617188 5.09263222016308
313.204132080078 3.87290975506872
314.207397460938 2.73781214560548
315.196655273438 1.54112306384891
325.18310546875 2.81080264640687
334.170532226563 3.88315575662195
340.206420898438 1.67908504013767
341.214538574219 3.74763330669319
343.203857421875 3.52643837082937
357.236907958984 6.15147852288603
358.207122802734 8.735741224018
367.234405517578 15.726333586484
370.209075927734 4.3416616700847
375.233459472656 8.78289997443271
378.201477050781 7.10336215790954
385.240753173828 35.5819670266089
390.223907470703 2.98177240836459
400.219635009766 1.64027252882076
405.2119140625 6.36647163788738
411.249267578125 2.60836865577522
412.244506835938 4.53848158323476
414.236022949219 2.0922383796431
424.256225585938 1.85464064921746
429.234130859375 4.53500494666944
435.227813720703 1.79645726840683
442.255981445313 1.84423725832965
446.26611328125 11.7623143986501
449.236846923828 5.55301917888165
453.249328613281 2.54715963298729
456.259155273438 2.13086152085866
471.251312255859 3.47965183291075
475.263427734375 2.76610029530812
476.268127441406 3.41608655781614
477.259399414063 3.41652378094146
483.28466796875 2.3606751776149
491.279937744141 3.51681080286955
495.286682128906 1.92120537220131
500.280242919922 3.72698473854164
504.264495849609 4.79867553631904
506.255157470703 1.87138741395284
513.283813476563 2.65808663353753
517.2978515625 14.1495374760167
520.301330566406 7.2330288553408
530.287963867188 3.86870281467249
530.900451660156 2.34367374905961
544.296203613281 2.03581972768326
548.295532226563 26.8330295107758
552.299560546875 2.131666959925
555.327941894531 2.03522638912528
560.306396484375 2.45688389826327
562.318176269531 4.08396999343819
574.322143554688 3.67303700671453
575.29736328125 4.31647078395678
589.344299316406 1.91004246099975
599.329284667969 2.47689433313535
601.330078125 2.27595032484533
605.315979003906 2.93107392577129
616.359008789063 8.05713809515233
618.36865234375 2.33485841430976
619.318359375 4.74647946127716
626.376525878906 2.16658356274448
633.381469726563 2.03068936658439
643.357788085938 2.69083257407668
646.35009765625 2.18723439561057
661.374877929688 7.46446293200496
670.36962890625 1.97108779155269
676.349487304688 4.84229333893633
687.384216308594 6.70689620099198
690.379760742188 4.97933114933144
700.393981933594 2.63810795462599
701.000183105469 1.99268722341841
718.39794921875 11.8487696098968
727.399597167969 3.64126266201901
732.407104492188 1.58318307174371
744.412536621094 12.1766458559827
761.437438964844 2.00616547219405
771.41357421875 3.00281871700777
789.429870605469 14.0401824704487
795.367004394531 2.17646219762464
840.468200683594 2.54058465044691
857.479675292969 6.85065718285923
860.487060546875 1.97842891370116
861.431030273438 1.73890411102707
888.509826660156 4.61727696371799
959.529663085938 2.04767465904856
1003.51916503906 1.64417942784465
1020.54418945313 4.22668993931737
1133.61730957031 5.96349682476364
1234.65344238281 2.2531025856539
1360.6796875 11.1331938837574
1405.10070800781 100
1411.06530761719 5.87660665510614
1413.08227539063 6.03490234177878
1415.14721679688 9.26022326781576
1417.19958496094 12.2751546107297
1418.39794921875 11.5249431396787
