1447.8436 80 1
70.0880737304688 18.587590737547
86.1452560424805 18.7670625454958
99.9454650878906 17.1061146496248
100.067085266113 16.214067315752
112.107444763184 25.8292485500313
129.137954711914 19.9182949799345
154.412002563477 16.727293009062
154.561279296875 16.7213873019874
158.116744995117 21.6851191090472
175.141342163086 88.9876602523767
185.151443481445 18.5150814865809
199.138458251953 21.0556960252678
229.144622802734 19.6396614393407
246.176452636719 29.879669819888
268.198974609375 22.5170125406078
286.201507568359 39.4260986599283
288.242065429688 18.6984742587693
334.202301025391 18.4779384862491
342.235076904297 18.9116332286226
344.189361572266 21.0600870601789
359.258544921875 26.4655060472413
362.176116943359 18.7197263361665
371.274627685547 19.4276787278539
381.265655517578 22.8972462475071
399.264373779297 21.1155708520927
430.305419921875 82.0267845217799
468.584808349609 17.5184302935323
478.285491943359 18.9578404648009
491.240631103516 35.8817633248995
493.219573974609 22.3921387766804
542.307556152344 19.1113381639333
559.353454589844 65.7497002302771
579.348754882813 19.854562235824
592.2958984375 20.1403145192487
604.369689941406 20.9430743860599
620.278747558594 35.8265552088825
622.141418457031 19.4167264829793
647.378845214844 20.8959443155457
664.373657226563 19.5687911001239
688.419860839844 24.0125283198264
691.335266113281 43.7416404065802
720.403198242188 20.972599521842
732.455322265625 19.2806266526028
733.364990234375 19.5180475737974
734.341491699219 20.1851952969643
777.25244140625 20.0388175768776
804.430053710938 24.3203105688007
835.487487792969 19.1190858310353
851.48291015625 33.7484546697099
890.519287109375 19.8649467490592
905.476745605469 20.128197760048
1020.59075927734 19.4580355271316
1032.55749511719 28.6181225230273
1049.58776855469 37.6664989700106
1068.76049804688 19.6329503383347
1089.62622070313 21.2128040896754
1162.67431640625 27.0022575259891
1263.734375 22.7507288351499
1264.70983886719 26.5611352961424
1403.77075195313 26.5859016231154
1439.06127929688 23.5833652317955
1448.21716308594 68.16731356138
1450.43591308594 40.8527894172894
1450.99719238281 34.4091570780491
1452.58520507813 25.8285284549199
1454.2607421875 23.7119977067721
1458.25915527344 29.1738301192656
1461.38427734375 100
1466.01965332031 34.5922349245214
1467.19689941406 29.7449044833703
1467.50390625 27.4923635304178
