1687.9500 80 1
70.0791091918945 4.55853054400261
86.1170120239258 3.28162081601796
112.103950500488 11.9742566012139
120.09693145752 3.33545751063777
129.124313354492 6.718776383467
158.108489990234 3.60754440217913
169.115341186523 3.16134519506773
175.131973266602 100
211.156051635742 2.81625811673992
214.131057739258 6.08635881123322
216.110733032227 4.67524991086484
246.164352416992 3.57564773899383
256.142486572266 4.29567631164256
273.138885498047 6.37477276870301
277.133697509766 3.60732887675477
282.170776367188 3.13381867358156
290.156921386719 8.12043870636592
300.161224365234 4.70795310266916
316.127380371094 4.0651376975019
329.184936523438 3.2213621742757
333.212310791016 3.6583811655979
334.192138671875 3.62354268187346
348.178192138672 3.28506034126546
356.21337890625 3.9473288614616
361.199401855469 5.75931065265571
366.179260253906 3.55503300282966
367.181976318359 3.32118301140771
384.203826904297 10.0995558964985
386.224609375 4.44212279239287
403.237884521484 8.23345590808951
413.23681640625 3.74313408572887
419.233367919922 3.73984909931587
429.209503173828 5.26440709811771
445.215515136719 3.35309244709658
462.253326416016 3.42309853912401
463.190063476563 4.88968265177123
469.277679443359 3.84525067464364
490.242980957031 8.27408075885845
497.278869628906 8.76669456722796
499.285034179688 4.09900547095557
500.260864257813 3.43145843875724
513.285217285156 4.12001970734706
514.279724121094 4.50633042156117
524.287963867188 4.72442963226511
529.255493164063 3.90158181383342
531.295959472656 9.08934323272397
534.219665527344 4.7479156441474
542.270080566406 3.4792845285382
547.259094238281 5.99306015577149
558.278015136719 3.55719570065147
576.283020019531 4.59727149278911
584.273132324219 3.46995459532314
600.331665039063 4.03728365857338
601.304565429688 4.53613789225974
605.265502929688 5.85566269774398
612.318725585938 14.202569903506
614.337463378906 3.57351633803506
615.348388671875 3.89802429095367
618.333801269531 11.531745687118
629.327880859375 4.06293812013338
630.317504882813 5.67814807481762
642.323303222656 4.71058085495843
647.325439453125 4.75664662307288
648.309326171875 6.04401635478649
658.294799804688 4.49106499597854
676.304443359375 24.6892774693869
689.373596191406 5.49209482179427
699.359130859375 3.52851508619437
718.359802246094 5.20250088800197
725.387756347656 4.05742395121116
726.398681640625 4.71640697747761
744.400695800781 8.16919279042892
751.381958007813 4.18449818125978
752.374633789063 4.88256709849503
752.871765136719 3.79797439461869
761.389587402344 6.46905685241974
769.399658203125 43.5089186146156
772.024169921875 3.66269471918523
773.404235839844 3.87755512749567
786.420532226563 38.8585481873131
789.391845703125 24.5692961235354
831.438537597656 3.88910620753891
839.415283203125 6.39267592773663
847.464904785156 5.04458148477989
882.488708496094 6.41547493118226
884.489562988281 3.94086563631439
899.512023925781 11.8007094054869
902.485656738281 8.46245454739664
903.457458496094 8.19152352513465
962.494079589844 3.65903290162407
995.551208496094 3.50825688051045
1012.59704589844 24.3254881469847
1022.58703613281 3.4651099255115
1090.60656738281 4.02697667112882
1141.64489746094 4.27596808488689
1181.66174316406 3.63572984951135
1187.61242675781 23.0935336559935
1198.67504882813 35.8229297654612
1327.71362304688 5.90290201363611
1474.7646484375 4.74203893913067
1545.77136230469 4.41225019038474
1557.68713378906 8.65944038678078
1672.03649902344 7.05642182904024
1686.20739746094 9.52843416096517
1688.29736328125 54.6659417162817
1698.43408203125 7.23252454051316
1700.51245117188 12.693204755399
1704.60925292969 24.5687141710551
