1447.8527 80 1
70.0810470581055 12.0819057603275
86.1144256591797 9.66512229637725
112.107894897461 19.8873427773843
129.129333496094 10.1580645665766
157.135986328125 8.29166986574737
158.110275268555 9.50155488193767
171.140548706055 7.46835017792788
175.142196655273 100
181.124969482422 7.51360201921469
185.152038574219 11.6832960137642
187.165390014648 6.85746339307768
199.133056640625 12.9465589518763
211.16911315918 7.24145102127528
215.157821655273 7.44250801470275
216.157592773438 7.14865783735408
229.154098510742 11.2692960879035
242.171859741211 7.05026941300854
246.179458618164 22.8774926764918
268.188568115234 14.7468784909667
282.206359863281 7.54811166659094
286.201995849609 32.9507817384095
293.166717529297 6.84326683557384
312.214599609375 8.86968911306874
330.149932861328 8.00514673628124
334.19482421875 8.9615547512929
342.241180419922 9.40729435772907
344.176086425781 9.09588838701847
355.253967285156 7.11857736146216
359.260040283203 17.3246969202201
362.188751220703 10.8692198055156
371.295715332031 9.92692830395156
381.278594970703 13.1796906846674
383.261474609375 9.61512372188547
399.278686523438 11.1549831197946
413.243499755859 7.22268612020941
422.190307617188 9.2101587185949
430.299682617188 74.5155621091034
463.245880126953 8.79243734746579
473.23681640625 8.03677620544257
491.239593505859 33.8115473631058
493.217437744141 9.97766457090143
494.224212646484 7.91725092123871
517.304321289063 7.91757149969514
541.343017578125 7.78103263010836
559.346801757813 66.8022497673172
574.298583984375 8.14079747885196
579.369201660156 8.28394661989798
592.288330078125 9.47720218172907
597.380798339844 7.99262828833854
604.352233886719 8.78320090694501
620.28564453125 34.1890560484088
629.359008789063 10.1154421122029
647.369689941406 9.81455409137591
663.328430175781 10.3609838915641
664.305908203125 9.22773221014012
671.376953125 9.10241418987563
673.311462402344 9.50659283070407
688.401245117188 17.0748926943058
691.330749511719 40.5700141579031
720.386779785156 9.84709059243092
733.415771484375 9.58673141134066
760.41552734375 9.24377038428484
776.409362792969 10.0172296641116
804.414245605469 17.2866852448251
834.442932128906 9.00850642263854
851.474243164063 17.4914073711196
875.487426757813 9.49919096777399
887.441162109375 8.05139731822968
917.544250488281 10.1892077379289
952.521179199219 8.57283909365222
1007.55596923828 7.67725732122357
1014.54528808594 7.69970988011701
1032.55822753906 17.6619181046494
1049.57666015625 32.3440341161765
1089.63549804688 9.07073886633032
1162.67663574219 15.676643701075
1263.71228027344 10.9608585852085
1403.74780273438 16.8546741996141
1448.20739746094 85.5265640721216
1454.94970703125 13.3166126796993
1457.27209472656 19.7502136331616
1459.38806152344 20.7658222723978
1460.3896484375 34.669766058334
1461.46728515625 39.1880173259422
1463.84729003906 26.1572218595346
1464.11584472656 23.212375287338
1464.55969238281 24.527730414579
