2174.1782 80 1
73.4150543212891 98.892541533122
175.139099121094 12.0116756246101
235.13264465332 9.73154543211212
334.145324707031 12.4336957859585
369.215362548828 10.5072016858182
388.254028320313 9.80393273572118
433.238250732422 10.6686166400986
471.353607177734 8.52815827232767
482.309539794922 10.0285217954568
485.175506591797 9.52426980433752
514.274230957031 9.45381703566814
525.276306152344 15.6844012874702
540.28955078125 10.3723106482085
542.312255859375 58.2429175549779
553.330017089844 9.85936056108526
644.309448242188 9.61666906012541
662.349365234375 16.6364825148191
679.373413085938 100
688.305786132813 10.3453001205517
783.423095703125 11.6690963649665
791.373229980469 10.083058405161
808.411315917969 16.0927848844421
865.427551269531 9.79458959374145
914.516723632813 9.76815612520946
939.478698730469 13.3752976919589
985.53466796875 9.73764073217841
1026.494140625 15.3525959086134
1030.51513671875 9.78822068805563
1172.57275390625 10.3813961637399
1187.56127929688 9.91010392659972
1189.56848144531 13.145231394438
1260.599609375 11.9011172467644
1373.69482421875 11.0972422290155
1486.78649902344 12.5365127076138
1632.82946777344 10.6572937391099
1684.87548828125 10.9962960763622
1741.94079589844 12.1272526681779
2058.927734375 23.1358946139774
2126.04736328125 42.5004298698538
2174.58032226563 67.6291369682213
2190.8232421875 48.0369919862708
