1561.8848 80 1
99.9478149414063 12.531910114957
100.064575195313 12.4811613945168
112.091804504395 14.1649956660558
154.450836181641 13.0434725971591
154.577728271484 12.326885051346
175.135528564453 18.9650365027256
272.174621582031 16.2481335236994
284.172821044922 15.6312455706288
379.207641601563 14.6576386803893
409.234649658203 14.6502196147818
458.241973876953 19.0334223114748
469.108215332031 13.6431116945838
469.315704345703 13.1711074641994
471.267852783203 14.9677636391075
480.259582519531 30.8446013242043
499.283416748047 15.7175632541932
508.298889160156 16.4359863994594
510.33935546875 19.7266944584704
512.286254882813 16.3915414495927
555.243469238281 14.8746996556614
573.269165039063 26.1387199582256
581.361206054688 18.5827955790506
593.344421386719 41.5217266277179
625.3662109375 18.4497827807954
627.366638183594 25.6215474441288
641.329650878906 15.1673073049355
670.336242675781 16.2681948523425
699.314208984375 17.7861370272079
706.428588867188 32.4743675559416
769.396057128906 28.0450793583917
775.5087890625 15.3891477831635
793.463745117188 62.9256467802369
838.450012207031 16.0560063601179
847.406677246094 16.0065481753857
856.439270019531 23.5987070593934
892.565246582031 16.2924614910949
951.502563476563 21.2531180955291
969.499145507813 25.7254381319792
989.589599609375 100
1082.60278320313 23.0187349990954
1104.62072753906 27.8196257064273
1153.64392089844 18.3080023560549
1187.64733886719 22.7762690197885
1274.73583984375 20.0276591304166
1375.76977539063 18.2127814209092
1411.62390136719 21.4934196660864
1446.71533203125 18.228668199774
1558.14538574219 25.6839955768508
1574.28869628906 29.7749108113522
1577.41528320313 47.4455278813039
1578.54895019531 44.2060297146662
1583.06921386719 24.4214839287058
1586.80004882813 24.784698189419
1591.3642578125 28.499731499595
