1685.9230 80 1
70.0804138183594 2.02817370803571
112.106460571289 4.00200792058488
120.111755371094 1.77768573516515
129.132553100586 2.58389430125071
157.135345458984 1.90601001213425
158.119384765625 1.80913870146288
175.137252807617 28.8870807894243
186.154724121094 1.93102124197349
211.136291503906 1.88972849205203
214.13346862793 2.22256756397951
216.12321472168 1.9037425366222
226.141235351563 1.89444756833258
228.162689208984 1.80145039389376
256.156921386719 1.86561157708866
257.155700683594 1.80596574783305
273.157531738281 2.93378076261941
277.132598876953 1.90362577293304
282.194122314453 2.15433329865905
290.154571533203 3.04263039561787
299.211029052734 1.87885773254458
300.154327392578 2.06206771232781
301.171691894531 1.85410246574342
316.156463623047 1.99361749695858
333.211822509766 2.06403599112164
341.169036865234 2.48666502990068
342.174011230469 1.93985821711116
361.214294433594 2.35015370228345
362.22265625 2.45689471079157
384.212432861328 4.12738035253704
402.236999511719 2.69833407092612
403.247924804688 4.01101351799268
429.248748779297 2.68602109698782
444.236145019531 1.99203712035043
450.233215332031 2.23655163974868
478.235748291016 2.88210308621224
480.24267578125 2.34493645609768
481.274932861328 2.54012052763955
490.252197265625 2.46981426636331
497.286102294922 2.79879331305106
499.285797119141 7.30239828141318
512.307312011719 2.05113308488379
514.289672851563 2.12763497271081
524.308837890625 2.28383918704261
531.292724609375 3.89776605897581
533.280700683594 2.20591926725987
534.251220703125 2.28275168530562
547.290588378906 2.55960199510769
549.320495605469 2.25372621918323
565.253479003906 2.69637763772394
576.305603027344 2.41154842124138
579.282348632813 2.23980584758669
596.316772460938 2.15605844259008
601.310791015625 2.20319767434244
602.302917480469 2.17809555551654
605.296325683594 2.21136174345099
612.312377929688 4.61564777983698
614.310241699219 4.80254981764558
618.335205078125 3.78674109497549
620.335754394531 2.7645615183389
630.314819335938 2.59777362268631
648.319519042969 2.24432775208358
676.319946289063 7.42452851488291
689.38232421875 2.31309026528623
711.322631835938 2.38656907078244
718.356628417969 2.29217690051546
726.415344238281 2.32994288481491
744.418334960938 2.94090634999699
752.352844238281 2.54004203012435
761.412292480469 2.25578200250895
769.407043457031 11.4970341913778
786.434020996094 10.1088086920135
789.40966796875 6.50763801566317
819.482971191406 3.0869446994067
820.450317382813 2.82103736900959
821.42626953125 4.34769241760731
839.434326171875 19.0876339709122
847.471252441406 18.9531953488945
865.489807128906 2.84664961250832
882.498107910156 2.57351450603512
899.522216796875 4.19113758468015
902.490966796875 3.08512397192274
903.457397460938 3.61868097186169
962.540832519531 2.94804613024937
978.515014648438 4.98903633175063
995.551513671875 4.33653921989148
1012.61389160156 6.67226597412425
1022.58221435547 2.90498844175947
1050.556640625 2.75093679524188
1066.5947265625 3.59848986065392
1072.60546875 5.03856880972089
1089.61376953125 5.79513069978209
1090.61645507813 11.1302104991114
1115.64233398438 5.6386149518486
1119.025390625 3.27901065094463
1120.60192871094 2.97420414437184
1137.63220214844 4.36193769686063
1187.62963867188 100
1198.68005371094 11.3103381686056
1284.70031738281 4.53166613781832
1324.70971679688 3.92767634166555
1385.74951171875 3.04402861213686
1411.75073242188 2.98689836076227
1511.75720214844 3.87104698959518
1539.70788574219 3.65236415737514
1557.69567871094 32.3955963396183
1583.86254882813 4.4377510119083
1669.07604980469 5.79039006124946
1670.86437988281 6.37084741594041
1686.31896972656 28.9542882002535
1689.30334472656 33.3952317355825
1698.55407714844 13.9217070368797
1701.50842285156 14.1085416039451
1704.83984375 8.29308736251581
