1447.8776 80 1
70.0792388916016 6.96257011950215
74.0706787109375 1.27323102436867
86.1122436523438 7.58720299697199
112.101699829102 15.2941535677324
129.126510620117 6.16530816148822
136.089019775391 2.19436306012377
157.132888793945 3.55024712982113
158.108306884766 3.70623296972434
171.123397827148 2.78647498972327
175.132034301758 100
181.109603881836 3.08253377507199
185.142486572266 10.784570319015
187.158737182617 2.43358492818601
199.120223999023 10.1787043305821
201.108856201172 1.55394180250083
211.149353027344 2.49070772639797
215.157684326172 2.26969376446036
216.145416259766 2.34031594567688
229.147857666016 6.36889622406534
232.137603759766 1.23118646003204
242.162170410156 2.74429619755832
246.167495727539 20.6887505060986
256.172210693359 1.85369632728748
259.122283935547 1.29390380256666
265.140899658203 1.56996621806687
268.179504394531 13.4996146476941
282.186218261719 1.55236114421371
286.189331054688 40.8831554220058
293.129058837891 2.68712244275484
294.183563232422 1.63551892241708
296.174987792969 1.10253445602933
312.202453613281 3.42681050449433
314.186706542969 2.11238829942944
330.146087646484 3.84937547131297
334.188323974609 4.56315300002753
342.224151611328 4.12717587143402
344.171112060547 5.75077366944793
353.260223388672 2.33958100519743
355.244201660156 1.63423090335399
359.249206542969 12.1454644580531
362.182281494141 8.75397321350529
365.234649658203 1.75356244999692
369.232696533203 1.77312162710461
371.270843505859 6.00402638662283
379.215148925781 2.04490553765501
381.253387451172 10.2487108516154
383.24072265625 4.09155684666613
394.169799804688 1.79898032202082
399.275115966797 7.94617597407396
404.214385986328 1.64291715346985
413.256591796875 3.67611233503571
415.230895996094 1.91780920796667
422.168548583984 4.30048061042582
430.285522460938 71.7161985696713
440.2685546875 1.9766450940602
443.219543457031 1.7414032669764
447.244873046875 1.91101988492024
463.227935791016 3.96668944546292
473.210266113281 1.7829057334341
475.260467529297 2.93227817957593
478.300964355469 1.90810916409689
484.293212890625 1.93255929247282
491.219055175781 26.4027343245301
493.199676513672 9.84050442874633
496.3173828125 3.09825528235078
517.306396484375 2.63081660897352
541.312683105469 2.25868914247174
542.296691894531 2.46899505174228
559.324462890625 59.3296234858248
569.318298339844 2.45179513298917
574.24853515625 1.89157932084922
576.266906738281 2.34790326216919
579.3427734375 2.56353307008644
592.271179199219 4.05119276172671
594.262145996094 2.26479702823548
597.355224609375 3.49798831702139
602.259765625 2.44393748455533
604.290832519531 3.72086635114776
620.260681152344 28.5829286209508
629.334594726563 3.66940807839915
647.319091796875 3.76675529616905
663.296630859375 6.0632140470526
670.346618652344 2.10519353968719
671.34716796875 2.09437805823293
673.293029785156 3.72016380642544
675.330688476563 2.03320541696003
688.361450195313 10.9873540461197
691.295715332031 41.7426925299582
733.367065429688 3.15915342896204
742.419006347656 2.73265243886935
758.38037109375 2.39405394433931
760.396301269531 3.20940363136035
776.374145507813 5.67261465696377
786.372680664063 1.86676755004171
804.381164550781 10.7711170442573
834.396850585938 3.35423019810105
851.417907714844 14.889223279053
861.42431640625 2.36326715199948
871.448974609375 1.9677814630943
875.395263671875 3.38664490784459
887.429870605469 2.324644798129
889.469970703125 2.71720605372104
905.418762207031 2.59003823543638
917.46630859375 2.06263535843535
952.468139648438 3.27212025001019
958.461853027344 1.82672872046274
976.489807128906 1.8771304458732
988.483337402344 1.64970679484193
1000.49694824219 1.88376381383488
1014.47491455078 1.92311057895158
1018.48461914063 2.82002379583203
1032.48962402344 9.9934801812484
1049.5087890625 22.6501304892282
1089.53515625 3.05152781857896
1145.56372070313 1.86954670442287
1162.60095214844 11.3776700774017
1263.61535644531 4.75172532309545
1403.69934082031 8.95981487480587
1405.59729003906 9.04693619920922
1448.10424804688 90.1224979025572
1451.99072265625 14.9175018611179
1456.20617675781 7.24246539627736
1457.20910644531 13.1204056351939
1460.26098632813 19.1350821208495
