1687.9850 80 1
70.0814361572266 2.67777000432213
86.1091613769531 1.28725683129105
112.102073669434 11.6522698133054
116.089752197266 .521765157296366
120.09349822998 1.23311285471517
129.126083374023 4.90506119677718
141.117416381836 .541577241931641
143.102005004883 .673226362982857
157.124450683594 .973821549493057
158.106414794922 1.99498478381824
169.113021850586 1.95591785467027
175.133117675781 100
187.098556518555 .577685451122715
211.160049438477 .751897226898396
214.135070800781 6.68861006896818
216.111755371094 3.18432258425297
219.12776184082 .721812363113308
227.179946899414 .637635647295772
229.138702392578 .515302398566
238.130798339844 .685031535790847
242.159469604492 .608361979168613
243.147216796875 .559919625307155
255.136154174805 1.17235014060355
256.141723632813 3.69110069341966
273.138214111328 6.19952675650715
277.131225585938 1.79172638501641
282.193603515625 1.01950982355234
287.148559570313 .772884946438122
290.159790039063 7.96276043268496
298.152984619141 .816046962321664
300.1650390625 4.50531032874651
316.132446289063 2.81544919811449
329.185821533203 1.68469556967597
333.200714111328 2.57664336343489
334.166351318359 1.92015213421088
343.177307128906 1.14093602494903
348.166442871094 1.78547117731746
356.208190917969 1.9992983716876
361.198211669922 4.52772133410508
366.184417724609 2.51924211310473
369.215393066406 .891124501803328
384.198852539063 11.8125545856697
386.210571289063 3.53686808594525
400.202301025391 1.3428684682866
401.218353271484 .949629800689021
403.236480712891 7.38815108536974
405.197875976563 .901316207869504
413.235992431641 2.69292785086236
419.197875976563 1.78258745495292
429.211242675781 3.76462664539362
444.225860595703 1.04424659478083
445.214935302734 1.06959868476613
462.243560791016 1.4143114246786
463.193817138672 3.68907151651903
469.283721923828 2.5358465631009
476.219635009766 1.18009528844004
479.259490966797 1.22638498910669
480.259490966797 1.09117945975027
490.237365722656 6.41691027113982
497.276275634766 8.49207459186705
500.236022949219 1.1922494908394
513.2763671875 1.66159504472707
514.276916503906 3.25483229706219
524.286437988281 1.13395973791604
529.230163574219 2.82669846620493
531.291320800781 9.88355347380638
534.223999023438 3.31770725114123
541.282470703125 1.30214186585217
542.285339355469 1.95216682120109
547.259033203125 4.33270955670519
558.282653808594 1.55722698104776
571.27197265625 1.02640784119599
576.278686523438 3.59186428606461
584.279296875 .919835792709351
595.284301757813 1.01571462656602
600.309997558594 2.34691534298574
601.294494628906 2.98427767520141
605.256958007813 4.73211630366021
610.349670410156 1.44370520926029
612.298400878906 12.037795715271
618.321838378906 11.3650528892097
629.321899414063 2.50979069170595
630.307922363281 3.28820280184139
642.309265136719 2.33119554576651
647.311401367188 3.47917235966995
648.303649902344 4.39602398480884
649.286682128906 2.53818693639862
658.28857421875 2.03279614789234
660.339294433594 1.27128590355788
661.348999023438 1.19289148269816
672.330993652344 .954391865903267
676.292419433594 30.1735362353931
689.350158691406 3.54408047170961
699.335693359375 1.39491792279941
718.340087890625 4.4802337456117
725.38671875 2.55911976980798
726.375244140625 2.64381378499814
744.37939453125 7.03484119828535
751.374084472656 2.40551757849481
752.362365722656 3.02794103121929
755.389099121094 1.10153952528092
761.382202148438 4.65242867702313
762.376098632813 2.93252116545681
769.377746582031 42.7500065705864
771.975646972656 1.65128929660394
786.405395507813 41.3658580537805
789.373291015625 22.2895675246054
831.416931152344 1.64767827395227
857.463073730469 1.03591947722082
882.456176757813 4.9283097296619
899.482971191406 10.868967281582
902.45361328125 5.97450968621189
995.532104492188 1.0680017809838
1012.56298828125 21.6636153653004
1022.54998779297 1.41978234606027
1070.54174804688 .57337554245276
1123.59313964844 1.23326539821577
1125.59094238281 .587993181026259
1141.59216308594 3.35233186856364
1180.61987304688 .855321516872514
1187.55993652344 2.3828273564628
1198.61303710938 36.1954646683841
1309.642578125 .618948818563208
1327.65588378906 3.10955692582322
1474.69848632813 2.52512564729306
1545.66528320313 2.43564932035498
1558.59167480469 1.03193112007873
1582.73046875 1.39687065459865
1670.01025390625 1.81719873801175
1686.30383300781 4.010082215192
1688.22204589844 48.4042700616368
1692.19189453125 14.5753802604208
1698.32360839844 3.32204914390964
1700.36352539063 6.50786211015406
1704.51623535156 7.48276087979562
1706.28271484375 6.25312648827772
