1582.8613 80 1
70.0899887084961 6.06230459198538
86.1146926879883 5.53244024663312
101.091354370117 8.69787235829558
112.110260009766 24.9057255531628
129.13410949707 15.7985268519372
157.137481689453 6.47627984324971
158.112167358398 11.2342972521128
175.142059326172 57.4406341867565
187.109909057617 5.45244729594456
201.14811706543 5.19173692724894
215.134353637695 8.87956936150411
217.12809753418 5.45117270722805
232.165939331055 19.1253537959803
272.185150146484 6.37712858340191
286.211944580078 5.85441373500272
287.168426513672 7.07509388515788
300.143798828125 5.42568512657525
315.154113769531 16.9022937830566
318.14404296875 6.75613550624362
332.185913085938 5.87373559758133
337.204528808594 5.4400507854914
341.167999267578 5.66689981199368
355.217620849609 8.35151393721548
362.203460693359 14.7489465713697
371.190307617188 5.64303923357022
373.237823486328 8.1899494778137
379.231079101563 26.8213065837566
384.174072265625 11.1420299860545
387.202667236328 6.43405659750026
389.201293945313 5.84580093384924
401.216827392578 8.54120437880543
402.18994140625 19.3478801533296
417.224822998047 6.15921960950142
419.189422607422 6.25486842565578
428.225921630859 6.50514796173163
438.199920654297 6.5171071728566
445.227203369141 8.90268722519555
455.215881347656 31.5371442743497
458.266052246094 6.76305116952813
462.273620605469 6.994861027199
463.252380371094 11.0467033600137
473.225952148438 41.9294280328397
480.284393310547 30.6941347100349
483.292419433594 7.35284894959313
500.263244628906 7.21726359875968
502.257354736328 6.43624844469519
548.259765625 7.26425968324165
556.286743164063 6.96817419941368
563.319213867188 8.0601667304337
564.306945800781 12.7946364959746
569.281677246094 6.94887749889958
581.330017089844 86.5217417359219
583.33154296875 12.5076420371356
586.312866210938 30.1699044979915
601.335510253906 7.00355524353824
627.395812988281 6.52310789141575
637.352478027344 6.57806184032586
653.362976074219 7.0367477664879
669.3505859375 32.2689444547484
687.364135742188 29.2494186232688
692.350036621094 6.52947895507395
693.37060546875 6.84452983889985
710.377319335938 19.0716261361916
751.432556152344 8.01478015042357
755.393798828125 7.39903203909391
762.355346679688 6.67949417147094
768.431457519531 17.7294856638009
780.392517089844 11.2084757679717
786.430725097656 10.3137705974925
788.435974121094 6.77632733997251
793.51904296875 7.33026411676271
797.41455078125 26.5085693083803
855.448059082031 7.80888909913192
879.466125488281 7.04979964749509
896.491455078125 18.6600759873525
979.55908203125 7.22001031286014
989.694396972656 7.8906400683168
997.537536621094 13.4103727493198
1011.60217285156 14.7073418207349
1110.63049316406 13.2719614383437
1181.69140625 16.923902212096
1268.7197265625 11.7489722424598
1396.755859375 9.18917526133378
1467.70324707031 75.3285309537586
1538.80432128906 17.2149665625663
1565.98278808594 16.8423811721214
1583.21142578125 100
1588.28137207031 13.6572233033619
1595.40734863281 24.997479166042
1598.69750976563 23.3164884012485
1599.48010253906 21.9155141052865
