2030.1785 80 1
70.0815963745117 .955918467024663
72.0938262939453 1.01051216517346
101.086494445801 .523379627219314
110.086532592773 7.91362172368717
112.10228729248 2.7973836726115
129.132995605469 .873212422662943
155.107437133789 1.62730616488154
175.129257202148 6.0087882860388
200.144058227539 .5886135124311
209.144317626953 1.03549946191318
228.146423339844 1.75704333718842
235.107971191406 .528909040090744
237.140563964844 2.43914228916947
244.102355957031 1.48304722659313
246.153747558594 .847974365856308
255.157318115234 .591519028231901
263.124450683594 1.05553128056951
266.133605957031 9.4373914381994
270.197509765625 .591527371400159
286.173248291016 .915014147559032
303.177093505859 2.82339036681847
306.160400390625 1.02433835007491
315.1435546875 2.82208703288558
327.212493896484 1.88924079597573
337.217376708984 .943188160142635
348.179473876953 .844345730839537
350.221130371094 1.281598370123
357.186767578125 1.49436094926158
365.199493408203 14.2238299513295
367.214965820313 .946530923127048
374.2119140625 6.74406487434671
377.157379150391 2.19699873118426
393.200714111328 .933283288479688
426.264709472656 1.05213457385388
428.223175048828 1.7739299308816
436.26513671875 2.00722598016316
445.249633789063 9.49550813048855
447.23193359375 1.17308838594299
462.226104736328 1.06206598784364
464.263153076172 12.6983081292084
478.268188476563 2.44510516330054
480.288482666016 1.19941413462024
490.171783447266 1.09326957603364
492.263549804688 .938492457156513
497.319915771484 1.51570788887842
500.256317138672 1.18872222106527
506.188507080078 7.78652134886347
535.320007324219 1.94497639092219
549.276306152344 2.36504845684103
559.210021972656 1.13208407226205
560.210632324219 2.57358990617345
560.830383300781 1.92425764990273
563.326477050781 8.41287832547297
575.297302246094 1.15729482580144
577.221374511719 19.8113162259934
591.280700683594 1.56065973200735
606.361206054688 1.12162106891315
608.308776855469 12.0631773403718
615.249938964844 7.11856919437027
632.338500976563 1.32494860274988
634.356994628906 4.98542474896522
648.413330078125 1.33232956787736
662.349182128906 3.03198795664465
673.28564453125 2.34763499947033
673.884887695313 1.61310113733335
676.393127441406 1.85686881395533
679.343078613281 15.5924244060231
690.306518554688 10.8971976961379
733.414611816406 1.79616907918892
747.451171875 1.61235290340313
772.337463378906 1.49024790923138
778.411071777344 12.5591598570663
789.3720703125 3.11895938916113
797.426025390625 1.86577964377313
817.383361816406 1.28763652904272
868.454895019531 1.5574926254775
877.469543457031 11.0120454927466
899.418334960938 1.44254626896579
926.419189453125 8.18394763440463
939.477172851563 1.53456406514285
943.446350097656 4.1004000608304
976.533935546875 9.62647056786397
986.512268066406 1.61353052514602
1026.50720214844 1.93449589802187
1054.47351074219 11.9714752257663
1104.58898925781 10.4306479686704
1153.5341796875 10.4092544788248
1224.61450195313 4.50965851103954
1241.6416015625 11.8087809444856
1252.61401367188 7.66533344492633
1340.69763183594 6.45317766480777
1351.68615722656 5.25987842330623
1422.70336914063 3.27053490554235
1453.77917480469 4.4201478565517
1470.68298339844 2.84553590737478
1524.80981445313 23.3061609091914
1585.74963378906 2.08474641178566
1653.85339355469 6.17946212683829
1750.84143066406 4.74222910629003
1767.86828613281 2.82753331301531
1874.76049804688 2.80878736440708
1914.78149414063 15.4898844222417
2013.20837402344 9.98857037523386
2030.44934082031 100
2033.35668945313 70.8813014718464
2042.59692382813 9.32738455133584
2045.60546875 35.6746095280819
2049.40893554688 22.8111654409371
2052.71411132813 10.5898655976867
