1549.8792 80 1
70.0808639526367 4.66442971589713
86.1240234375 4.34272930010873
112.106758117676 6.07402536694398
129.126419067383 5.02872747876305
154.452865600586 3.35840698692276
154.606842041016 3.31523120240371
157.11555480957 3.90954465075331
158.115615844727 4.65238684003022
175.133071899414 24.5006014643628
212.112548828125 4.04276869626899
219.130584716797 4.4478835261513
230.128265380859 5.49735297050307
242.137115478516 4.83617133073259
271.18115234375 5.49496820611477
272.172607421875 4.60425932139774
284.172302246094 3.85361019246285
288.210418701172 6.92960978064684
311.187744140625 5.50638878256763
314.177917480469 4.1277278012579
329.205383300781 5.32643478126939
332.21826171875 4.38237610021123
343.160827636719 4.35969503736207
354.241058349609 5.87251314472056
355.228393554688 6.46697728413262
371.262512207031 5.2319922140846
434.252685546875 4.62798336543661
440.243133544922 4.7666795913279
451.288757324219 4.97673740357007
454.282470703125 5.6772472605446
458.237182617188 6.85218197291998
470.321258544922 4.81969470976105
472.221649169922 4.50575860028479
480.262176513672 4.91987877228997
491.257385253906 5.08252375804014
493.330261230469 4.97474641403311
508.296478271484 29.6781340636251
510.330627441406 5.95075946354247
529.252502441406 4.98107347285353
543.307373046875 4.52321738542532
566.413635253906 5.91577014146324
569.3349609375 7.30359956508778
571.33642578125 5.65992411578969
574.337890625 4.90271326033826
585.293090820313 5.21171053628125
587.391235351563 4.57315712841264
609.429382324219 16.9162737260528
620.315979003906 5.67047040149618
626.432678222656 6.21544422956091
627.3984375 6.23660511261737
637.369201660156 5.83285356690057
706.414245605469 5.30933401794378
776.419982910156 4.84325448641264
793.4384765625 100
890.457214355469 5.13166747380068
891.458374023438 5.79168449834
892.463745117188 5.37823712230548
908.463928222656 6.46546631904002
979.49169921875 5.12891928164006
989.568603515625 8.38953550937764
1092.61901855469 11.1221680959748
1351.91064453125 8.52812189604363
1369.97082519531 6.77657449848405
1394.62023925781 6.66283118903822
1466.89904785156 9.04022553732894
1483.90356445313 6.14500411322098
1508.05627441406 7.83911051045355
1508.97839355469 12.1806825670912
1509.99536132813 19.5470809277376
1526.02600097656 8.10447175832268
1550.1748046875 35.1668704294872
1555.28173828125 9.45804682434871
1561.39135742188 12.8975144838008
1562.40881347656 24.327566105632
1565.76379394531 15.7236718534518
1567.46081542969 15.784327678353
1568.68322753906 19.2343207368579
1571.12268066406 13.931935585698
1571.44860839844 14.9697651437343
1572.64721679688 13.8402832297063
1573.18249511719 13.3717007399001
1575.314453125 12.160943942281
