1525.9762 80 1
70.0815200805664 3.5759882559892
86.1048278808594 3.95561160820213
112.106422424316 4.05631649428936
154.435821533203 2.98648092422615
157.116836547852 3.36468924676896
175.130615234375 6.10479881141617
219.133117675781 4.03509649146371
239.155960083008 3.42519530715473
242.143753051758 3.60334495375101
256.195220947266 3.287866324179
327.225158691406 3.61121471798661
332.207580566406 3.70648877096011
337.227752685547 3.57567606548148
354.224395751953 5.07851071460202
355.221405029297 5.32171149423968
371.247802734375 9.12054304359838
454.269439697266 4.60285444946525
470.327575683594 12.3641320258764
510.327056884766 4.2259403086541
527.347229003906 11.5709170818024
566.379638671875 4.4976086105385
569.304382324219 6.81619603908634
573.330383300781 3.89664391765937
584.401428222656 6.9528575609945
609.39306640625 17.343806419864
609.999816894531 5.99357862882413
626.421997070313 100
682.38330078125 4.78946340089259
706.447875976563 4.26798999987785
724.431823730469 10.5302722905874
741.451721191406 6.48735781232973
752.394348144531 5.48521285500781
793.43017578125 4.18736072325953
840.53759765625 4.12335037782966
841.529418945313 4.15503654453866
865.47802734375 4.63022162478401
953.611328125 4.57133470298128
1022.60528564453 4.62770314560836
1040.67370605469 4.56298215733492
1155.69445800781 11.0462980740525
1194.72448730469 5.97753921843154
1323.82580566406 5.82776508485613
1351.78295898438 7.0787943369826
1369.77795410156 99.2257720167102
1465.79333496094 7.29195443497245
1483.8857421875 13.4973402345291
1508.01916503906 8.84878125749222
1509.0888671875 18.4617092574542
1510.95593261719 19.1239132362582
1526.29699707031 42.266739817782
1530.22216796875 10.8995093321423
1536.43566894531 8.55985357103502
1537.34460449219 11.8679299836178
1538.36584472656 15.1627082402238
1540.48266601563 18.1911649024319
1541.84326171875 14.1187216169594
