2802.6731 80 1
86.1070251464844 2.0552827411595
94.7311706542969 49.1597538779442
112.102340698242 2.0524940232851
129.115188598633 1.6380506467984
175.134048461914 10.9654715379731
215.169021606445 .942607325524463
229.139068603516 1.18667992214746
246.157760620117 3.93043737854391
261.182312011719 1.22970745234912
300.178802490234 1.84923747059306
317.199737548828 5.4880212868183
328.200561523438 .973272039509349
357.20458984375 2.93811891740009
358.169891357422 1.91505589021825
413.215393066406 1.16802353605851
430.280944824219 4.06354597228257
441.270050048828 1.17026804679419
457.22119140625 2.75219782851679
489.284942626953 1.42305252444455
514.288879394531 1.47887635651337
559.296325683594 3.32884435073312
570.287414550781 2.46093456346133
577.339172363281 7.19375440597414
585.313720703125 1.53492924124895
623.20166015625 1.27815398965289
649.359008789063 1.34088334882751
659.26416015625 1.57162946815667
672.360900878906 4.42454203916112
688.324768066406 1.86473934693314
690.421569824219 12.5722095919727
738.395385742188 1.56653475908102
742.376403808594 1.67903869225389
774.796691894531 1.69251163206433
787.439880371094 7.68338315088149
801.394897460938 1.91713186139117
804.454772949219 25.3460385368182
872.381408691406 2.37676602375651
915.468994140625 3.46608538056795
916.468505859375 6.3862580447166
933.491088867188 100
986.517517089844 1.78133165697754
988.464660644531 1.82905009237142
1001.46179199219 3.53082879646236
1015.48358154297 6.06292727379773
1031.47802734375 6.26530652230979
1048.51550292969 8.02476223832281
1115.49731445313 2.2129716477594
1128.55603027344 5.49019828764303
1161.57763671875 17.0322001451808
1241.65698242188 3.62341181811409
1284.59399414063 4.5804295860092
1290.62963867188 4.1411391698995
1301.51318359375 3.4785660409695
1347.65380859375 9.54527206757291
1448.66552734375 4.18649157141737
1561.75476074219 3.79427670605731
1674.85510253906 3.08065201132163
1725.76892089844 3.4217871646299
1788.95874023438 4.03426888048918
1886.98596191406 37.6982318381889
1890.89599609375 4.08792601479653
1984.9716796875 2.71426008113514
2002.00817871094 5.47147896673326
2316.1455078125 3.41621304176319
2446.13525390625 14.9735463874901
2754.34399414063 8.28249693700994
2802.98583984375 28.3793229072033
2806.79248046875 30.3484665136382
2832.28247070313 45.3592630532091
2835.07421875 69.3291948308642
2836.17553710938 56.7639795015437
2840.62939453125 22.1961882108162
2841.92822265625 18.8994590051908
2843.37158203125 15.6780341004525
