2045.1656 80 1
70.0038909912109 16.7282645639476
72.0920181274414 10.5803016304096
99.9535751342773 8.65142757272654
154.598190307617 8.88013971118157
175.147064208984 10.416884515623
255.119247436523 12.5916382012134
266.159576416016 10.6763665525979
272.139099121094 11.0125079234069
347.199401855469 12.535951545356
354.189208984375 10.479142050058
365.220581054688 11.6710726483346
374.200653076172 10.2492115851165
385.218170166016 10.6954830410505
401.190826416016 10.9899244997821
446.265441894531 10.7706929948416
470.769866943359 9.24011581665432
483.212463378906 11.4273307104707
500.245269775391 22.3279964241123
517.2861328125 14.7481074498574
518.251525878906 14.8030875248594
543.325561523438 11.3818805841231
557.30078125 10.600699342363
563.343322753906 11.2687480962739
575.294616699219 11.4152916721792
577.24853515625 13.5839396583959
598.266906738281 15.3347609996239
598.664428710938 10.5524207906369
615.272583007813 100
616.813354492188 11.9832617365893
629.315551757813 10.760493168731
634.355529785156 10.562056483886
679.387023925781 12.0074937410841
686.325988769531 12.5261276461308
690.333435058594 12.7302412311667
716.366149902344 11.0122637730427
747.365234375 14.1143538993614
752.30419921875 15.0966539228153
755.359619140625 10.7488391119079
770.327331542969 15.5624656540262
778.428344726563 11.2039243959908
787.327209472656 11.9273936656931
789.403869628906 10.8940442264124
831.392456054688 11.5039340999168
846.364440917969 13.4562299386011
847.475219726563 11.8648808243541
865.384460449219 13.7617994798944
933.443908691406 15.0280302080552
982.509948730469 12.2257509082135
1046.54309082031 13.3130223297918
1112.58911132813 12.3389150871033
1279.68688964844 12.4314154139737
1355.69873046875 12.5908510992445
1373.73645019531 16.39588116848
1430.81677246094 22.9147780315533
1470.76867675781 57.3508739923349
1524.96313476563 13.4537774401079
1545.83288574219 11.7189710692619
1599.81176757813 14.748736743379
1827.8759765625 14.4300089526543
1829.87622070313 14.8828008402032
1916.82849121094 26.7096139337926
1929.87707519531 19.1367933551157
2000.10144042969 16.9796847882332
2030.291015625 25.3581132867003
2045.54675292969 57.6456485303713
2066.74853515625 36.1183844564578
2067.94091796875 53.6134383257941
2069.74633789063 44.2114580936564
2071.611328125 31.5870933955406
