1162.6912 80 1
86.0976028442383 10.6501730574443
99.9497222900391 8.79889237362629
100.075622558594 8.72783240620691
112.096755981445 10.8970719818993
154.279388427734 8.93613435832798
158.097290039063 11.0617096397678
175.130905151367 48.6528615360918
229.15299987793 9.94733028500937
230.155975341797 9.95643297777266
235.142608642578 10.7360480715345
243.144912719727 10.1920923950094
262.135284423828 10.9819786137692
274.215179443359 10.8762410859282
285.191375732422 10.2004446082367
288.204162597656 13.6533337141903
328.207916259766 12.5575051190446
330.177734375 12.2985639846039
345.23583984375 100
348.213928222656 10.3990887663458
363.177551269531 15.5383387593215
414.222412109375 13.590638473552
416.244079589844 11.2249384383205
425.206115722656 11.1523207837182
434.249847412109 11.8832995311655
442.250793457031 20.1553355824806
443.247985839844 16.3042790414391
444.238250732422 15.7983083410411
460.261779785156 31.4943766091179
462.256225585938 13.0702454852266
466.9482421875 9.3837535228991
555.331848144531 12.1383868247161
556.319030761719 13.4229928910334
557.313110351563 12.730431087592
572.36474609375 22.4399374442438
573.355773925781 26.0222876071169
591.300109863281 13.7207667531626
605.266174316406 10.8733739804707
659.353637695313 10.7534283967441
669.343383789063 11.6381069549131
675.393676757813 12.3637435827993
684.381042480469 11.195524912884
685.390991210938 11.1172718210184
686.381103515625 11.1506543120405
701.3935546875 10.9576913073781
702.392150878906 11.3913019655356
703.383850097656 12.1286896547214
704.384582519531 11.72104378656
771.3828125 10.9881606430645
800.487243652344 12.2522581625578
802.4619140625 10.5983916379294
875.45458984375 11.7477136736037
1012.51910400391 12.8841532558632
1109.58520507813 12.7797828754919
1154.67822265625 15.5147188424689
1162.95422363281 38.9472784288422
1163.94213867188 51.1761118859874
1166.93786621094 20.9638846822956
1168.98547363281 18.5974748782898
1170.15307617188 22.556226066994
1171.07861328125 33.3031917971419
1174.19934082031 60.7218285031794
1175.83117675781 36.2677040925595
1176.02758789063 37.1699233162746
1177.70874023438 29.7351658159341
1178.4580078125 25.3119004964911
1178.89611816406 24.1697473923923
1179.30310058594 22.3256012695885
1181.49206542969 14.7060102365542
