1582.8776 80 1
70.0785980224609 2.87693096529934
86.1101989746094 1.78979001097014
101.085601806641 5.40624164159812
112.099876403809 27.836558192806
120.091842651367 1.36703399714449
129.123825073242 13.5675409070467
157.118041992188 5.34230612141273
158.102737426758 8.96950900002055
175.127792358398 68.3410430842693
185.113906860352 1.70026500214677
187.089431762695 2.339962316382
200.115463256836 1.70820662978619
201.135009765625 1.91659459070395
203.108764648438 1.67182158914372
204.109405517578 1.71152930596098
215.132949829102 6.1847602426635
217.096267700195 2.14786870374414
232.149841308594 17.3650317934611
242.141571044922 1.55611569616014
249.137466430664 2.06708096902475
268.170562744141 1.50845461960148
269.130096435547 2.17210945899801
270.142242431641 1.5837371301547
272.170227050781 2.88576523069374
286.178283691406 3.85389192799401
287.143402099609 3.99924862030126
288.153015136719 3.5830044059027
297.143920898438 1.58879883355341
300.129333496094 2.26705829175135
315.142059326172 16.1461651342295
318.135986328125 3.19212504032945
332.168487548828 2.29228739712583
341.162231445313 2.19147136752761
355.207763671875 5.95667426734577
358.177551269531 2.27776197555721
362.187347412109 13.0393799211488
368.155944824219 2.18239679734002
373.212066650391 6.71448487305856
375.192596435547 3.73143434708756
379.213623046875 28.6532942897811
383.185211181641 3.54750145373385
384.156616210938 10.404932179337
389.199310302734 2.63309051429722
399.192962646484 3.56390812192008
401.188201904297 7.44949111130179
402.165435791016 20.1595211968646
417.203369140625 3.27359674846209
419.191375732422 3.61549444783057
428.203338623047 3.25744184364376
438.188385009766 2.97719420368315
445.213195800781 6.31929696511319
455.19189453125 32.2698809245971
462.242584228516 4.2566381927364
463.234252929688 9.05946178331196
473.200378417969 39.6005808292674
475.237884521484 3.27219350922551
480.254791259766 32.5026231176214
482.238830566406 4.45036776826315
483.239776611328 4.01340136466462
484.244201660156 3.30115309775231
490.241241455078 3.84085042881316
499.266723632813 4.2301918614523
500.244934082031 6.12743376223481
518.242614746094 3.90244190903008
537.269897460938 3.733132552215
538.251586914063 3.53817024104332
539.268188476563 3.28292015453655
548.240905761719 4.25001711777994
558.279541015625 3.26649716342584
559.291442871094 3.46755383953413
563.297119140625 6.3497756501558
564.281188964844 9.11259018202871
568.280090332031 3.76853147531077
574.274719238281 3.91519537660592
581.301208496094 82.0870173306498
586.278442382813 29.9810648398415
601.281066894531 3.81150252027847
628.326782226563 3.81932368503088
637.304992675781 4.39321612350661
643.311096191406 4.41495973744865
651.30322265625 3.81612397784427
652.307006835938 3.44620144351049
655.316650390625 3.26140949711464
669.314575195313 28.5357743196056
687.331604003906 27.6774045929322
692.333068847656 3.17382482419122
693.321166992188 4.03757543840631
699.35986328125 4.69464506448889
710.340393066406 15.0052951448753
751.361877441406 3.4608512682373
755.337219238281 4.18480147519873
762.340270996094 3.20971136508551
768.379150390625 15.321880926641
780.342102050781 8.1832184543256
786.382263183594 5.48668552297212
793.463012695313 3.57673563406642
797.370544433594 22.5218111411709
815.415954589844 2.66443248096567
846.427734375 4.39693538464834
855.411010742188 3.83740008193824
873.427917480469 4.08470599034864
879.406860351563 4.42289924340359
896.436401367188 16.4338279949075
955.464111328125 2.93932909960515
974.494934082031 3.11495607874792
979.476135253906 2.9819688365186
980.448669433594 5.31106611388129
997.474426269531 13.9348489346931
1011.52398681641 11.419694979992
1093.52880859375 2.39020729044828
1110.55224609375 9.87017791476712
1181.58447265625 11.3674634550065
1268.619140625 8.7507389494369
1385.64575195313 4.73349847433173
1396.63220214844 5.08647843402915
1423.62585449219 3.92715038112562
1467.58129882813 74.6600668178204
1538.64270019531 15.2876981205605
1565.85803222656 11.438892099432
1583.1005859375 100
1587.04992675781 20.5067616082394
1593.16320800781 11.5975684311877
1595.26171875 20.2637108969914
1599.35290527344 9.70978010588837
