2030.1813 80 1
70.0855865478516 .955212901589392
72.097785949707 .867863441220002
110.08975982666 7.89401131118121
112.108299255371 2.75894168408265
129.120315551758 1.13553294843596
155.102920532227 1.66299352927722
175.134628295898 5.80596316665985
200.137481689453 .803477190070914
209.174728393555 .985459109062445
228.158767700195 1.67856992680508
235.116348266602 .976266423643229
237.142349243164 2.40063192648391
244.105194091797 1.67172698870855
246.174926757813 1.27839894849543
249.122253417969 .748051408009043
266.136077880859 9.14776378257128
270.1865234375 .63467282062172
286.160888671875 .946068605538467
294.123748779297 .69972328217882
303.192749023438 2.79790972132112
306.142272949219 1.06526694359129
314.172607421875 .717601919666316
315.139343261719 3.08918640472247
327.205200195313 2.23183699235693
337.205535888672 1.32306187308661
347.190338134766 1.11779379580987
350.2177734375 1.34580177493916
357.186614990234 1.18807739363613
365.202758789063 15.3301291452334
374.220367431641 6.76062225431199
377.158508300781 2.65315243172874
421.268188476563 .989250131194581
426.269500732422 1.45198068156094
428.221893310547 1.96696710492821
434.239532470703 1.04797067584991
436.273468017578 1.84854962158766
445.252990722656 10.0593175953432
464.264709472656 14.5662990617522
478.257202148438 2.43811704972993
490.200256347656 1.21227318028821
497.311492919922 1.90018318298607
500.251373291016 2.00884982096045
506.190948486328 9.29671862047042
518.260009765625 1.34989673323285
533.244812011719 1.39367298648878
535.33154296875 2.46629967790398
543.258972167969 1.31402688878225
549.293090820313 2.42502345428342
559.232727050781 1.77607034283842
560.206604003906 3.06117002031084
560.806823730469 1.69528330022062
563.323852539063 10.3731472381632
575.290893554688 1.40813371851371
577.22802734375 22.9902007146214
592.299194335938 1.12332559043502
608.311950683594 13.8688506275798
615.243835449219 12.0495584429102
634.363220214844 6.38079045205175
645.300842285156 1.51689773982503
648.382446289063 1.64836170246104
660.360900878906 1.33323474373566
662.362060546875 3.35029589124948
672.309265136719 1.406390164859
673.273132324219 2.54407973703415
673.880981445313 1.95664498334355
679.342163085938 18.8074103472057
690.305969238281 16.4121297599194
733.454162597656 1.49838766482595
747.424926757813 1.52712510274963
769.393615722656 1.3573640172343
772.331909179688 1.94828277699007
778.410217285156 13.8935357350923
788.420227050781 1.45400112084543
789.358032226563 3.04958764126697
797.419555664063 2.56265940509208
868.448669433594 1.73423720403637
877.477966308594 13.3920177096091
887.467163085938 1.86504549535545
898.453308105469 1.75556980962016
926.430297851563 9.19283769315391
939.483642578125 1.54642656406593
943.443664550781 4.29528256798556
976.540283203125 11.7553500594365
1054.46923828125 13.2631428022345
1086.58715820313 1.85396568858939
1104.58190917969 12.7239901820685
1125.5478515625 2.0928331936753
1153.53430175781 10.8646903533837
1224.61584472656 4.80250489124828
1241.63659667969 14.2296327667948
1252.60375976563 9.30161067677658
1340.69982910156 6.99868076142759
1351.67138671875 5.21262230669968
1422.67834472656 4.19718708293102
1453.7841796875 4.80791277836268
1470.6591796875 4.77959813392
1524.80786132813 25.5382879136065
1586.75451660156 2.25996425336315
1653.8349609375 6.35150343950634
1656.82446289063 2.82524647801536
1750.84790039063 6.25759304087803
1768.86657714844 4.10314119691667
1856.75134277344 3.03643210629098
1914.77502441406 18.0998574333554
2013.18872070313 9.97464486440145
2030.42504882813 100
2042.58447265625 11.0712990003874
2045.65661621094 62.5842259241567
2048.50537109375 53.6339307958702
2050.73901367188 22.8073609139415
