1561.9133 80 1
70.0822143554688 1.44330409720801
86.1008682250977 1.09873466686405
112.103759765625 4.29298178172044
129.128372192383 2.06728930608159
158.107299804688 1.12350227985263
175.126968383789 13.6185726253555
197.140594482422 .993438062139936
230.123016357422 1.70631940279508
232.14192199707 1.00050366498668
262.14111328125 1.89603220465762
271.165802001953 1.28453692093484
272.161712646484 2.36867443475734
283.148986816406 1.3967209201536
284.152587890625 3.05624392040142
286.15576171875 1.07684336869539
288.176086425781 1.60691769398581
301.165130615234 1.03564985413011
311.169799804688 1.09101376006748
312.148834228516 2.13697507001562
314.197845458984 1.47961207594847
315.152770996094 1.34374334994496
329.190338134766 1.72745113376387
330.173370361328 1.60276303810487
345.14111328125 3.25629513246581
369.229187011719 1.63282250117051
379.212982177734 3.44438666798483
381.194580078125 2.1494388985227
385.227233886719 1.98755003447024
387.186584472656 2.80629461639877
397.235748291016 5.05882344607914
398.212677001953 5.3722493247364
399.194519042969 4.16943287875248
409.201202392578 3.53142558611808
412.177062988281 2.59537159204759
430.223815917969 2.77763015337209
440.211334228516 2.03906925994064
441.212615966797 2.06788565917496
458.223663330078 8.924206650647
480.237609863281 15.9295980333596
482.282867431641 2.92512717257899
484.265686035156 2.40618892890488
494.255523681641 3.80503123875214
499.244079589844 10.1136681670726
508.292419433594 11.4335684608968
510.318115234375 8.66938063961349
512.262634277344 4.56963712493184
555.243713378906 3.6509845193043
563.272216796875 2.07406538488432
571.310241699219 2.6451419320963
573.243103027344 16.1954891288454
575.283081054688 2.40833263090875
581.331176757813 8.64749074545074
583.302856445313 3.37762603495474
593.317016601563 29.1228347825541
597.306701660156 2.44004990874215
625.338317871094 5.49611123248243
627.333679199219 6.31579614421018
628.271789550781 11.2469303371223
642.336242675781 2.30151247106356
670.289428710938 4.07640251083817
687.328186035156 2.91422485162314
689.337158203125 3.15815349999195
696.384704589844 4.76191811291081
699.305969238281 12.1854111490921
706.399597167969 19.4478424704352
725.3154296875 3.08031030200344
751.357604980469 3.24592790219659
769.361389160156 17.5071840073456
793.426391601563 80.9409687104507
838.380859375 4.16572354572055
843.448852539063 5.3237259190218
846.351379394531 10.5666450491918
856.387512207031 16.3585727892826
872.361999511719 2.86938009318956
892.463684082031 3.54744006969131
951.455078125 14.2539594231666
969.459106445313 18.863300013954
974.407531738281 5.93245653880718
989.537658691406 100
1072.4375 2.79590034320482
1082.53332519531 12.4376123015001
1092.60485839844 3.41236781979991
1102.447265625 4.79996927883274
1104.55346679688 17.8667840736045
1153.56115722656 8.87644717593444
1217.62683105469 2.92016058387218
1252.61853027344 2.54916790767298
1274.65051269531 6.61367474439756
1300.63977050781 3.96995209784793
1310.48791503906 2.73358453992674
1375.673828125 4.45164300060805
1385.55261230469 12.251502741682
1411.53063964844 3.80274794567372
1446.62426757813 5.13177549221918
1562.08679199219 11.2122400577914
1565.10241699219 7.63439260983905
1568.19323730469 8.39123143410881
1571.17492675781 29.6308038189366
1576.30725097656 15.878102536854
1577.3701171875 25.3365747740158
