1525.9702 80 1
70.0773086547852 4.45665254512095
99.9534149169922 3.22192681106163
100.087295532227 3.12934550568569
112.100021362305 4.03218894793066
154.444396972656 3.37966011675091
154.574813842773 3.0766194535617
175.128234863281 6.82334588569147
219.116088867188 4.32611707456975
242.137237548828 4.17057107041138
327.205383300781 3.7736542388572
332.220672607422 3.78091329039994
337.188110351563 4.15537926488751
354.220855712891 5.00291359346012
355.212677001953 5.103067119071
371.243896484375 6.88045862015611
454.254730224609 4.59748801078617
470.311401367188 12.0505163485887
476.259460449219 4.08104873826922
510.321746826172 4.24996025619743
527.349548339844 9.63440995100654
566.393371582031 5.07746202312816
569.302856445313 5.51381948520061
573.319152832031 4.31224542116549
584.39501953125 8.22869083828662
585.369445800781 6.44243159943533
592.333862304688 4.05705250706134
606.284545898438 3.96098136117054
609.38427734375 13.7790906640822
626.412170410156 99.7033814668912
636.455871582031 4.04299258351797
637.41845703125 3.92066655978826
682.392700195313 4.06461705130137
707.416137695313 4.51991523911726
724.423645019531 10.9852289199233
741.436889648438 7.37019852117447
752.394653320313 4.46401733498139
777.391662597656 4.26088599365752
807.456481933594 4.18321349355841
953.598510742188 4.80288228301731
1022.61273193359 4.42709282419528
1023.65216064453 4.63501636650646
1040.63854980469 4.62531628907341
1155.67785644531 11.0434803198058
1194.73083496094 6.15834790653697
1323.79431152344 5.02092195358731
1351.78442382813 8.18969583200092
1369.76403808594 100
1466.82421875 8.29542153488976
1483.86096191406 12.8049076555675
1509.05212402344 17.0426704583083
1511.92309570313 11.4747612715595
1526.27062988281 27.6782391251455
1530.29541015625 8.49293738014261
1538.36157226563 13.1300846980467
1540.25158691406 13.2686965053368
1540.48095703125 14.1328573959423
1541.4912109375 15.1362613105369
1543.25036621094 10.6569245938059
