1549.8743 80 1
70.0877227783203 3.70918151598044
72.0971374511719 3.0839276348774
86.116096496582 3.60562962267926
112.108619689941 5.39644432551069
129.128463745117 3.74315824526849
154.448181152344 2.64668170299294
157.127456665039 3.32650229693036
158.100006103516 3.40322673494123
175.131195068359 22.9033471896014
215.137802124023 3.06458254053058
219.133392333984 3.83270680981411
230.127716064453 4.82960254368564
242.137603759766 4.32035633291623
256.202819824219 3.08976265757562
271.188751220703 4.40704062885148
288.213500976563 4.46242647505749
301.189025878906 3.37663113793829
311.205322265625 3.7773587382729
315.161071777344 3.18088543010412
327.230590820313 3.35897306384299
329.195434570313 5.37690458929501
332.209136962891 3.43099009011628
343.185272216797 3.65265433525946
350.13916015625 3.38871837938634
354.240692138672 5.23743754954715
355.234649658203 4.7640288889918
371.265777587891 4.30692567180064
430.245147705078 3.64036575298722
434.242095947266 3.62634576988436
440.244750976563 3.63988668463981
451.276977539063 3.91482269733496
454.316467285156 4.28792687622815
458.229797363281 6.63159845425625
470.359039306641 4.0098835717097
486.2666015625 3.65357190605808
491.274291992188 4.20840115839527
493.324401855469 4.02173430281806
494.296539306641 3.74933635682495
508.297607421875 27.3494825496159
543.324401855469 3.61179656931015
566.415710449219 4.62010685786497
569.344299316406 5.03916149741778
570.3486328125 4.20411345481755
571.328735351563 4.52262403201398
593.332458496094 3.63054052545683
609.432800292969 19.5288340380411
620.338684082031 4.27786206800354
626.435241699219 4.72688262342047
627.398254394531 4.62444945566001
637.343078613281 5.17530808830527
642.350891113281 4.10283334474389
686.377380371094 3.63465107888239
692.346923828125 3.51902543508487
776.43017578125 4.19838659233565
793.439025878906 100
807.496704101563 3.80232193011849
814.413513183594 3.95916847906903
873.409545898438 3.89554859330647
891.441101074219 5.52132364569118
908.459289550781 6.09966157919714
962.462829589844 3.63431352596641
979.53759765625 4.23121854459003
989.583801269531 3.928177902162
1092.6025390625 10.6015355970652
1351.94104003906 6.16815839748365
1369.99035644531 5.64974857406409
1465.89575195313 5.9712574920186
1507.95483398438 6.46997127026469
1508.99377441406 13.3823214538972
1511.0390625 12.9351137102264
1525.955078125 7.36936370925504
1550.14135742188 26.7026180246886
1562.337890625 11.7423877872506
1565.50439453125 11.3724011346959
1567.48913574219 13.6313324164101
1570.0068359375 12.6986681270985
1572.88696289063 12.75111908654
1576.13146972656 10.2615345850763
