1685.9565 80 1
70.077392578125 2.22772490212523
72.0995635986328 1.79137910712808
112.098403930664 9.81374115134197
129.131149291992 4.84308631294648
175.130279541016 84.8612186144611
214.138336181641 3.75371613273263
255.143997192383 1.86946390454219
256.142517089844 2.70004383321653
273.132293701172 4.86092006404062
276.175903320313 2.481178555836
277.143920898438 1.82217836980061
290.156158447266 5.7887986898339
300.170623779297 1.95088149995119
316.120971679688 1.59347795936042
333.187225341797 1.79272914911335
334.152526855469 1.72799788529613
341.164611816406 2.29663933744422
361.188385009766 3.59291113262544
375.203704833984 3.15726760321373
384.190979003906 7.53747806135101
386.228942871094 2.28513165718281
402.213409423828 2.1681823058462
403.222991943359 4.71493984179302
429.213897705078 3.69303932326506
444.2626953125 1.99146483223662
463.191314697266 3.28777923345859
478.219329833984 2.79060505545727
480.231872558594 2.67775627362767
490.227142333984 2.96794510725438
497.260406494141 6.15518955656274
499.264221191406 6.44680900772716
524.280639648438 4.16144667687934
525.277587890625 2.6153098036064
529.224731445313 2.95989707882805
531.291748046875 5.34346618496917
534.219909667969 3.07579771906725
547.238525390625 2.92273045882587
576.244384765625 2.84257939350215
577.272216796875 2.38354941448678
601.295471191406 2.84112018101427
602.300842285156 2.44980266700286
605.259582519531 2.90268583376703
612.282653808594 8.17638573448629
614.298400878906 4.09250935617489
618.299865722656 6.83985495017217
620.299194335938 2.44810431256858
629.315673828125 3.1301853723037
630.29345703125 3.03597381326665
639.250854492188 2.30511426368084
647.304565429688 2.43378227366442
660.319702148438 2.65477692505149
676.278259277344 23.0025463310115
689.332458496094 3.17220933470954
726.36328125 3.36551189392162
744.371459960938 4.01112406783943
761.370727539063 4.34605941633913
769.380126953125 24.1253736252151
772.377380371094 3.27310444133286
786.395080566406 24.4878695465196
789.362731933594 14.2873966730466
791.402954101563 3.78458382317894
819.422546386719 2.86986109304029
821.394409179688 3.1723282966625
839.393798828125 13.9736352471309
847.42626953125 15.0662343728887
882.439758300781 4.27763448466076
899.470947265625 7.42717376607164
902.452026367188 3.20353634966866
903.406677246094 4.93432836181027
962.447509765625 3.0373186604543
978.498657226563 3.47408593370667
995.476745605469 3.37520424798692
1012.54656982422 11.9194765739032
1022.5283203125 9.2223589959226
1089.53991699219 4.32492896619963
1090.52978515625 7.30003212030732
1138.54699707031 2.83169649187639
1187.55053710938 78.9551347203806
1198.61242675781 20.7372459097969
1284.62255859375 3.31693893390045
1557.58813476563 28.9457428162989
1582.80065917969 14.3422820408215
1669.80395507813 11.3664288927924
1686.18041992188 50.149609707351
1688.21008300781 100
1696.310546875 15.1254813695953
1698.40795898438 29.6093946046514
1702.31982421875 22.89797164012
1704.6259765625 21.3281615412142
