2045.1710 80 1
72.0956268310547 1.75259859617031
112.09513092041 1.33088898125009
230.118759155273 1.26202716371639
255.123260498047 4.14819195791033
266.148071289063 1.76661688310182
272.128051757813 3.18948989102894
290.146331787109 1.50725992830839
302.075103759766 1.64232149630541
344.141265869141 1.93143886931664
347.196716308594 3.7298528644364
354.174743652344 4.08537863162252
371.196441650391 2.68886834312885
385.242126464844 1.94237327179923
399.160064697266 2.12975921240689
401.171875 3.46755422078097
473.228363037109 2.52987753240902
483.214050292969 2.28897211065409
488.203582763672 1.85924114427165
500.233825683594 15.5954390338983
517.268127441406 7.48638778861263
518.263916015625 9.26207178444735
543.288330078125 4.00801036474019
575.282775878906 2.86887560413209
577.220520019531 3.45669736385604
579.008544921875 1.85692764912779
598.240417480469 6.26806375736487
599.377380371094 3.47550727095497
615.261901855469 100
617.10107421875 4.51710448788277
629.274780273438 2.56556514345843
669.27197265625 4.6132459433673
672.286437988281 2.32056332039752
686.305358886719 7.55256679753075
690.293273925781 4.44106505899172
704.297546386719 2.79525131185746
744.762817382813 2.14813645130391
747.323425292969 11.8114232215597
752.279113769531 5.97572993406441
770.315734863281 6.91496031094049
787.378845214844 3.80365289120654
846.45166015625 4.89789158001635
865.367248535156 4.26275436923448
872.425842285156 2.57885029589768
873.44873046875 3.34960416181026
883.414672851563 3.45908239973296
901.431091308594 2.91161700696018
933.422546386719 7.33682434897519
982.457275390625 3.61207004509772
999.474365234375 4.09206132141115
1046.51806640625 5.67456834823197
1112.54223632813 4.5187932705744
1145.54638671875 3.34973984977627
1199.57995605469 3.07249616022976
1270.65478515625 3.28842340798014
1355.66564941406 4.94717465981464
1372.71325683594 5.13857130847603
1374.69604492188 7.17585501798907
1430.71215820313 12.4335451139257
1470.68505859375 54.1348141018016
1545.73559570313 3.0690199126894
1599.75769042969 6.78332681780816
1827.74853515625 8.37048106169424
1916.6962890625 17.2169680732851
1929.74938964844 8.71180885212231
2028.19421386719 11.7614531208742
2031.00305175781 11.5528540576125
2045.400390625 26.9421424643472
2047.29809570313 29.4353600350926
2064.5947265625 10.5220557946281
2067.775390625 18.1365864823778
2068.5986328125 20.5090967740763
2071.13598632813 17.1207915848686
2080.71142578125 5.72641816013045
