1570.8348 80 1
112.098419189453 2.43048855171216
129.130035400391 1.33173284899199
175.128295898438 6.7261270157012
232.150955200195 .762690617076675
261.153900146484 1.28417100642018
283.137298583984 .975587531514622
375.199981689453 2.34945590794268
379.200256347656 1.29903607458182
398.206604003906 2.51502904520642
412.191925048828 1.4280209433685
480.234344482422 1.61607356463323
499.267639160156 6.06291023488144
507.524688720703 1.32385716063284
508.290344238281 1.55573891192501
532.322692871094 1.44045255151764
540.242309570313 1.34248746893386
574.292419433594 2.0256604380657
581.275573730469 3.40346853559424
588.338134765625 3.53986607901395
597.271240234375 1.46073894109381
603.36767578125 1.33905809930029
610.320434570313 1.52553414976361
628.306762695313 7.27912884645686
687.354919433594 3.22639497809724
688.376403808594 2.93355810423655
689.372680664063 3.5960973294378
699.324951171875 8.02480326872737
725.328552246094 2.11700013523818
758.398986816406 2.72140201347058
780.331420898438 2.08531834321475
791.420532226563 2.34833994806661
791.599426269531 2.25487479402884
793.4404296875 6.0021553229095
815.387756347656 2.27868304396712
846.398071289063 7.43166110310486
873.40625 1.55159436274601
887.391357421875 1.89736090193424
888.430847167969 1.62890305008502
889.51708984375 1.97191830541352
944.411743164063 2.0235139460049
974.432678222656 5.41123262693968
989.588684082031 4.30823426210017
1072.48254394531 1.62931715270614
1102.49633789063 2.42230882781991
1310.55590820313 2.15923172767584
1376.58349609375 4.52518100748109
1385.57116699219 9.55679539452926
1583.23071289063 100
1586.2705078125 81.3997418610061
