1549.8806 80 1
70.0745315551758 1.12464069842235
72.0831680297852 .765787059166021
86.1034774780273 1.86629216735109
112.09684753418 3.58061053823128
129.120574951172 1.64046149819203
136.089324951172 .558622812231036
157.10758972168 1.05381224842838
158.096130371094 1.22695133593571
175.123748779297 23.5936814235439
201.121826171875 .690918264882354
219.140075683594 1.16584958131057
230.114959716797 2.85386854391259
242.135757446289 1.41232578943538
244.124923706055 .756867457359756
271.178405761719 2.68242173960385
284.142150878906 .56309671734737
286.135894775391 .699168856014118
288.202667236328 2.72915411996653
300.16357421875 .790105484011776
301.180541992188 1.0598118564961
311.173645019531 2.24260287604938
329.187164306641 2.50064286942277
332.224090576172 .823194353144323
337.178009033203 .974496063449781
343.164459228516 1.41786910617871
350.129486083984 1.36393742862873
354.222808837891 2.62908809383456
355.214080810547 2.20045562726769
357.194458007813 .849875858528811
371.253967285156 1.31345954002939
429.217803955078 .913948635107806
430.204376220703 .940375126613522
434.235626220703 1.75631423575991
440.204406738281 2.01783322851741
451.265441894531 2.79028875395678
454.253265380859 1.82516187416484
458.212768554688 4.88494826145158
472.226257324219 1.15637372672216
480.214172363281 1.71883162475916
486.240020751953 1.19650808985491
491.252777099609 1.70411932525542
493.300750732422 1.00265129927417
508.2763671875 28.8621446271662
512.255737304688 1.24049386054445
529.247985839844 1.10715244783214
543.281799316406 1.33930365097915
553.27783203125 1.31263056760461
566.395446777344 1.47268497178742
567.349670410156 1.45418299356156
569.312133789063 3.43890064309531
571.28955078125 3.15822883724348
574.324462890625 1.25826724983038
585.278625488281 1.53153904880632
593.320434570313 2.50987668093749
609.400695800781 11.6581089027002
620.285827636719 1.73994279187249
621.260498046875 1.79750881184506
626.428161621094 1.79451693113842
637.342224121094 3.40332402442739
642.34130859375 1.48035986066837
664.304992675781 1.09632140945917
668.38916015625 1.04327849571887
689.368225097656 1.11461737780773
706.391235351563 1.62593265328069
736.359558105469 1.91532170273314
758.358520507813 1.08713160332551
769.346618652344 1.272646954912
776.387268066406 1.93015208221953
793.397338867188 100
807.488464355469 1.24496816325917
814.394714355469 1.5751386099418
890.420166015625 1.36616084262479
891.393493652344 3.61513114231624
908.41015625 4.40719220389725
969.395629882813 1.61465250394069
979.4541015625 2.5509633932969
989.489196777344 6.37404388437097
1092.53100585938 8.07545882624999
1104.47375488281 1.60270809573235
1221.55822753906 1.30647559628154
1320.62060546875 1.86625076994591
1351.83288574219 3.06825779378158
1369.8818359375 2.30392804727452
1422.55541992188 1.71970020876584
1465.82336425781 3.3572210625318
1507.875 4.39537940749473
1508.89587402344 10.8710720830569
1550.07006835938 19.894093482654
1560.27893066406 4.39932034881762
1562.22338867188 23.0591427091893
1565.431640625 13.5209530496468
1566.5615234375 10.259756715395
1567.30310058594 11.0869077891271
1569.15551757813 12.7286105692736
1569.76086425781 12.2268134757701
1573.94421386719 7.86737006197559
1574.73864746094 7.21007830348503
1577.4609375 4.38883636666581
