1417.7800 80 1
72.1029968261719 9.66222764668736
86.109504699707 13.9496455729875
100.116836547852 8.41358675056236
112.111061096191 15.6961389718594
129.129135131836 10.0677632203476
154.402099609375 8.57541291362045
154.531616210938 8.34282230588209
158.103866577148 10.8458130727663
175.133773803711 70.0789684397628
185.116592407227 9.40347281976681
200.141677856445 10.4486417149749
228.159576416016 20.9623712230184
261.108123779297 10.2184354054879
271.187591552734 12.3950336778642
288.223541259766 15.9694725910719
300.20458984375 10.3188801487295
302.116851806641 11.5266294108551
312.1845703125 11.5191792710504
341.230377197266 10.6248345108779
344.175140380859 10.6230203020144
345.237182617188 10.4170651324242
359.190704345703 9.67400907151332
398.247131347656 11.0638597463743
399.250213623047 10.721811500828
401.190551757813 11.4864896040223
402.221466064453 15.9354307442673
414.227508544922 10.8922206939418
415.201080322266 15.6551787306602
419.259490966797 36.5549706806735
421.236999511719 11.5215965261091
473.210418701172 14.7036035239294
486.269958496094 10.8136684606282
500.322387695313 10.9353579857773
512.219909667969 10.5850521586474
514.269714355469 11.2704374510409
529.257995605469 12.0918985487559
530.260009765625 15.1795619322865
548.303039550781 41.2557097510206
550.29736328125 11.5717647091333
585.339965820313 10.344136471249
587.377990722656 12.7089257187407
602.358093261719 12.0903380122408
611.286682128906 10.4894816955167
625.308837890625 13.0940662574048
628.315490722656 12.9202621962465
642.328552246094 17.3988219994852
659.294494628906 10.9420505943526
673.371459960938 11.2256551708717
677.352783203125 18.7596852609692
713.380859375 11.4737235945782
724.410400390625 11.7128496322724
741.421142578125 11.9602443427834
760.435913085938 11.3229290889799
772.360290527344 11.2727494978302
776.423645019531 100
779.410827636719 12.9347470299484
870.440979003906 12.6049875539251
872.523986816406 11.5174293913396
873.51025390625 11.4761839470003
874.439086914063 15.5855847279777
891.465087890625 30.3676127775925
959.584655761719 10.6405276552168
1016.59210205078 11.8125851703722
1077.54724121094 13.9478627364694
1190.62365722656 17.7854104194239
1287.55932617188 13.7052746495465
1377.73706054688 18.0383111350011
1394.09704589844 14.2806954347736
1418.10205078125 54.9647243644112
1421.12280273438 29.3076153788986
1427.25512695313 20.2040490302478
1430.35461425781 81.4710833740424
1432.73522949219 47.8223124100747
1433.58837890625 37.5442186870751
1434.30017089844 46.9047004608388
1435.63012695313 53.6406389985227
1435.99743652344 49.6161707619957
1437.02001953125 51.4976897848487
1437.38195800781 49.1763447394604
1438.1162109375 59.9459759338999
1438.65161132813 62.4749691464074
1440.78857421875 60.0399960010717
1441.2822265625 62.321078602277
1441.87133789063 63.1110881314843
1442.68371582031 59.7354922137831
1442.96252441406 50.0505170815322
1443.46166992188 33.8585568870683
