1713.0265 80 1
70.0854644775391 1.53896560534038
84.0943374633789 3.70274412856126
86.1189956665039 1.34665671077597
101.086608886719 1.69001283730158
112.109573364258 5.15314233543956
129.131576538086 2.91115992520564
175.130401611328 27.7763433809076
199.156234741211 1.27516384202417
201.075485229492 1.03926523082906
242.158248901367 4.00587665546982
246.172805786133 3.55495700884505
269.125946044922 1.30142539747089
270.174499511719 2.00026474185795
272.160003662109 .98792858364396
301.164367675781 1.74070091331182
302.115264892578 1.20398174623422
304.172119140625 3.55206996269319
312.215270996094 1.52678368948511
313.212310791016 1.10657013030331
341.226531982422 4.65910866234816
358.180145263672 1.73611258911756
359.225006103516 1.48308662626241
375.204956054688 100
385.190032958984 2.24314103691705
402.216705322266 1.88294851293372
412.182098388672 1.75132384684117
429.219909667969 1.45478437173825
430.201080322266 3.50263388045349
454.318695068359 3.3357273351212
455.211517333984 1.58128427764937
461.251373291016 1.71948460412319
473.210235595703 9.25852477481802
483.230651855469 1.92380774181062
486.223266601563 2.01374868377704
490.238647460938 12.1353677950603
500.237915039063 3.85045020447222
508.264587402344 1.73898664688434
515.277099609375 6.94742476635712
543.271423339844 5.34212919348391
557.260559082031 3.81423672808522
572.255310058594 2.6721261125925
582.310729980469 1.90281374834994
586.322570800781 3.37117582118593
589.284729003906 9.24787278878065
597.301696777344 1.7608102705372
599.278442382813 2.6316751000615
614.316589355469 6.92997957610603
642.309631347656 1.91321052075288
645.384887695313 3.09060988143845
656.328735351563 5.18127894158396
657.341125488281 4.18285257993158
658.359069824219 3.4673199368642
668.360900878906 2.32778529686259
671.3466796875 2.22033361860877
685.341064453125 15.2599749951607
699.34423828125 2.66645857616347
713.36279296875 2.17519879459905
716.416687011719 8.67025467543664
717.373718261719 10.1810746870303
756.412414550781 5.72456087650229
784.412475585938 20.5006476608261
793.376892089844 5.33417400512437
814.415588378906 1.9631478872748
828.451721191406 1.99602313958266
830.423950195313 9.27224657379971
831.426513671875 12.3535146696407
855.495178222656 2.81363607824253
865.517028808594 2.08941678465015
883.471984863281 8.96801035945043
887.378479003906 4.93063772987439
897.336242675781 6.35716400527423
929.496398925781 4.80869180387008
959.511657714844 6.61504218714836
970.48291015625 2.21710153217366
996.552612304688 4.08765129554043
1002.39971923828 8.03152019244885
1025.40637207031 3.30873119747936
1028.55932617188 3.79041672691202
1043.47314453125 3.28238066854529
1073.42272949219 7.64221521404797
1088.54724121094 6.89276583142314
1099.5595703125 4.87842033251374
1124.63696289063 3.64021262905543
1126.45666503906 5.01814282685127
1158.48010253906 8.06326993961727
1170.63842773438 4.80144047445334
1186.51538085938 16.1744658584029
1203.55895996094 2.6862740653678
1257.53295898438 7.98759156885829
1274.61376953125 2.5426652789241
1283.7109375 12.9770162630864
1338.71081542969 6.99453951748176
1358.56970214844 5.30859285793436
1403.69055175781 3.11323527647542
1412.73486328125 37.1865886882008
1457.630859375 9.43484544803211
1510.69897460938 4.04281722583553
1527.69287109375 5.91997542841047
1706.23913574219 6.64621435779415
1713.27038574219 44.9072037462938
1716.11633300781 25.4168756720107
1718.22399902344 15.6818116261584
1721.12341308594 11.4646957328738
1723.29284667969 12.4810501088234
1725.31555175781 36.8946555183056
1729.37707519531 28.3372029457817
1734.013671875 16.2217667221652
