1681.8793 80 1
86.1325302124023 3.99879179596567
110.094947814941 6.3871999140542
112.106452941895 7.89899045906415
129.13117980957 5.30935919068219
158.107528686523 3.97385443391981
175.140167236328 43.1119852310955
214.148284912109 5.0535995069081
245.162490844727 4.16367745491945
253.123291015625 5.41592053591476
262.173156738281 5.28908219533616
273.139038085938 4.8337862255026
290.160980224609 5.04557551056407
300.169250488281 4.22320533202504
361.239929199219 7.07736242384465
371.217193603516 4.64768017275336
379.234466552734 6.17241380305303
384.213409423828 5.222359988345
403.27783203125 4.36298495453197
416.190124511719 5.17480534877947
439.221343994141 4.91187477881773
444.240997314453 6.35849617165615
490.258941650391 5.11341832631617
497.287811279297 5.00835028452955
506.2841796875 5.38868569147199
514.321716308594 4.39166837905848
515.277587890625 6.86132886766554
524.309265136719 100
531.304565429688 6.21800398095631
534.280883789063 4.9655418516655
560.349365234375 6.17555141140439
568.316955566406 5.68472333142305
602.307861328125 6.23903333866968
604.3583984375 4.72412249757761
605.307434082031 5.11342253415939
612.320007324219 7.04764711593704
618.35205078125 5.6596337656768
620.289855957031 5.10657601257179
621.338745117188 5.17345390976201
622.317260742188 9.76251654223393
639.337036132813 16.755554749787
647.328552246094 4.81021713384707
673.42431640625 8.4010022649738
674.430419921875 6.22442659239575
676.306091308594 10.1013354444043
759.382385253906 9.78272476939937
769.401733398438 17.2159206898016
771.392517089844 5.73710496827984
772.422607421875 6.37498947438075
776.412902832031 10.3574406522186
786.423522949219 14.491191685725
789.406921386719 10.396513482098
839.429016113281 5.29434199935839
866.509582519531 6.10820596272062
867.515075683594 9.78319460515066
875.468811035156 9.16790405309558
884.547180175781 33.0288060290555
899.500854492188 6.18785586631773
902.502197265625 5.80920455845514
903.43896484375 8.50963314772497
940.487243652344 5.05782321970602
944.481140136719 5.26747263615511
962.510498046875 81.2419668065129
997.642517089844 6.26991626295817
1012.59619140625 11.4039663659157
1022.57550048828 24.2209159046423
1054.67529296875 9.20641038705377
1060.5224609375 8.88233240124396
1077.53344726563 8.84350458806393
1110.74597167969 5.21013944984782
1148.55395507813 5.44067900451182
1158.55126953125 9.1942076417222
1184.67309570313 5.37043447207509
1187.62377929688 11.7043962728416
1198.67150878906 11.9205125431959
1311.65710449219 5.68972417275125
1321.70556640625 5.68815717193695
1368.70349121094 6.29835190563121
1481.74584960938 6.39003624083117
1510.71057128906 6.18973520932289
1552.72705078125 8.440593982034
1670.06030273438 8.82073606863661
1682.20959472656 33.4408062977804
1686.3115234375 20.5835456210274
1688.37097167969 48.4337739097466
1692.44482421875 21.6775175321591
1693.51013183594 20.1287869326607
1695.39892578125 16.4379529953616
1698.62280273438 32.072651322578
1701.78942871094 16.0744256378165
