2129.2166 80 1
71.8914031982422 74.3437755359016
112.104270935059 6.13444288378833
129.121566772461 2.63945990216406
175.125228881836 26.9722337026293
214.143829345703 1.72094164540879
304.165618896484 21.75381337391
313.19189453125 5.99019618784117
328.194763183594 3.06204093086482
384.247283935547 2.20350611844362
386.159301757813 2.49079897123365
412.255096435547 3.56414474409505
415.180084228516 2.31408964159038
427.295379638672 1.67511223657839
433.199066162109 59.0692166898573
459.230987548828 3.21555613077432
470.257659912109 2.22888913995342
485.244812011719 4.60976085931865
531.203918457031 5.52145965750814
548.213928222656 8.43646410176693
558.256896972656 2.14875798914678
584.30078125 10.0330827955708
599.289123535156 3.11888549256163
616.322937011719 2.09672205129722
643.326171875 1.78178064617436
644.318542480469 2.10525245233409
655.391235351563 2.17078767798626
661.297180175781 100
665.305236816406 2.03747177474195
673.311462402344 1.76312199086396
683.359985351563 7.46139382010426
685.322082519531 2.107095560471
713.314147949219 2.32949859236085
730.328308105469 3.34183582823836
759.323547363281 4.92253638552309
776.3056640625 7.30798770086624
782.460876464844 2.25902357342859
812.394104003906 2.27844351491399
889.396850585938 4.95666250692174
911.451477050781 4.19576280564299
944.405517578125 1.96452788898353
988.477233886719 5.57419106299382
1010.52233886719 2.05077210449412
1119.51586914063 2.89301808720114
1121.51257324219 2.11227823311449
1218.56579589844 11.444516239331
1446.63708496094 2.78398538414919
1470.79614257813 1.8927348276915
1504.00244140625 2.18460898410977
1545.71618652344 22.4527010368218
1548.11657714844 2.6304198875331
1643.65905761719 2.80347645741608
1661.69763183594 1.94317272325644
2080.8876953125 9.99814438484822
2129.4267578125 22.1866944019787
2145.5556640625 14.4049003523042
2149.61450195313 16.0725711090559
2152.654296875 16.2880724079627
2154.45556640625 14.4671436958221
2155.27563476563 13.4265193036113
