835.4772 80 1
70.0753326416016 10.8920491047199
86.1113510131836 7.86064716938769
110.087280273438 25.6158108156945
112.100746154785 14.1953438352344
126.073127746582 6.69981782904465
129.123260498047 9.92807510315817
154.052352905273 5.84947545397431
156.092971801758 8.1106016413395
157.1298828125 7.04225317424732
158.112686157227 8.10003863294908
159.118850708008 7.14089050943834
169.150955200195 14.4248372582915
175.131713867188 80.6415356967983
197.143966674805 22.1396378291943
211.138900756836 7.41272173352004
215.148544311523 8.3874767267721
228.191955566406 6.91032877377658
239.133834838867 17.4643562090294
251.177658081055 9.37478682356671
271.188049316406 7.26285486622635
279.166870117188 7.27157149773599
288.221832275391 35.8044971600989
292.224487304688 8.48560464212051
305.184936523438 7.22799244492783
310.226928710938 9.49520434147725
322.200042724609 9.31611150907406
348.223663330078 16.6656701510062
352.224548339844 12.3625147569725
370.229858398438 8.1079860577795
371.262664794922 11.1220471947628
372.248016357422 10.3355254258227
380.230682373047 8.47473550653883
389.270721435547 32.3877132807801
419.299926757813 31.9345301050017
431.270233154297 8.94240949484615
439.261352539063 8.0099745874248
447.297607421875 43.7745944140935
449.287048339844 13.1616203626354
451.267425537109 8.11908441068645
465.313507080078 10.0251452918105
491.297210693359 12.8823532939554
491.879272460938 9.51287827188612
503.31298828125 8.53425553332352
504.315856933594 11.3061426250775
505.717895507813 9.02566226437474
509.3173828125 53.615141336915
520.342102050781 12.3499857941428
522.301208496094 9.20302052005345
526.336181640625 35.1651342102222
530.334350585938 15.0564759515725
548.349548339844 29.0518048783911
562.39990234375 8.79843530593543
622.409240722656 12.1786185145691
633.438903808594 16.8462139009934
639.432495117188 17.3922514813661
643.427001953125 11.9925320692969
643.998352050781 10.1460815192384
652.293518066406 9.50025403587978
659.367492675781 16.5608173752419
661.438903808594 17.344531069918
677.382019042969 35.7082466232205
679.436706542969 18.8044855631281
681.447509765625 10.3740296156907
694.467834472656 9.06443066987785
701.458312988281 9.57641424670061
706.399597167969 13.0898051271642
712.434387207031 10.8814588754219
719.456237792969 25.919217644499
724.524047851563 10.109652815557
736.474609375 23.7396715450969
775.506652832031 13.6828683377239
778.44287109375 14.6057288309871
786.519775390625 10.7754887462114
787.471313476563 11.4806571600657
789.406372070313 15.0062235636378
791.446899414063 25.6884033593054
792.471252441406 27.4759199962489
800.467468261719 10.8586702228867
801.445007324219 14.8437078318976
804.496948242188 11.4857600000498
817.575805664063 14.0742358568417
818.576599121094 18.3401910721057
819.147216796875 14.5096878518896
820.556213378906 14.0675161813605
824.908447265625 10.8104654521141
835.796081542969 100
839.77880859375 33.5522280295604
840.759521484375 29.3958201164305
841.851989746094 33.3759791338867
843.167175292969 26.5907703978316
845.735168457031 15.9058348093258
846.920043945313 13.2846506555996
