1861.8842 80 1
99.952507019043 14.4618499468048
100.06421661377 14.1219212037434
129.116119384766 17.3076062219662
154.552154541016 15.0405475696375
154.679870605469 14.0599003818261
175.129013061523 20.941180026813
178.404891967773 16.3172328273305
228.18473815918 21.0876325489478
272.26513671875 16.2949868885201
272.842193603516 16.1463217031273
274.206115722656 23.7307823777153
284.203857421875 19.7952051914331
291.598785400391 16.1121910493672
297.197662353516 17.1064567410671
355.284332275391 17.7419221379606
362.222534179688 16.3250361146009
383.265197753906 17.4041205645215
470.256500244141 16.4738560682151
470.404632568359 16.4437974955632
504.265747070313 26.5101744243903
556.160766601563 17.2874442936116
580.334228515625 21.7283306511607
586.288391113281 18.2469528363885
601.553466796875 17.4726600699814
608.404235839844 23.007161496719
609.526977539063 18.2278228794428
624.02490234375 17.8927133933791
637.356750488281 19.3489207162482
639.262023925781 17.4708366639198
684.359252929688 19.0263375597502
766.425903320313 23.7321689690277
770.947509765625 17.9327238650574
794.514770507813 20.2726709273982
800.257202148438 19.0038785740985
867.466064453125 23.6792695758049
908.557800292969 21.0434557057529
909.557739257813 20.0833341378715
920.526245117188 18.5437287355886
951.536071777344 18.7021440440317
954.503601074219 31.8861714753602
995.606262207031 20.5947570662332
1068.52587890625 30.5223165219161
1096.62878417969 22.4792083326727
1254.67065429688 20.9547292561156
1282.7333984375 23.1825850904685
1334.70764160156 22.8503502248158
1336.66564941406 19.5017443010822
1351.69079589844 100
1355.64294433594 26.4389678473776
1429.82177734375 23.5052644616691
1451.16931152344 21.1234222190779
1462.81311035156 20.2093523065941
1479.78063964844 37.4108493809744
1501.86865234375 20.6319300288857
1578.86267089844 23.4501317877521
1614.86755371094 21.3471961749169
1835.11804199219 53.2389684455581
1845.15502929688 26.0650626689791
1878.64270019531 43.9238051250042
1884.82336425781 36.9801208988868
1888.36267089844 28.0110303173957
