1331.6479 80 1
70.082275390625 8.29965242022982
86.1161880493164 9.25804132863512
99.9517135620117 7.52541627801847
100.060508728027 7.14193362335846
110.09504699707 9.02395528184376
112.10213470459 13.6614876971823
129.117645263672 10.006470364014
154.363784790039 7.37948427882274
154.50732421875 7.28507067264229
157.122863769531 8.4173710742117
158.111175537109 9.80040737837026
175.133605957031 72.694355385228
185.183120727539 10.5858848028841
213.171447753906 12.4176352297556
216.11213684082 10.7240323922222
242.161437988281 8.4359234992255
274.120941162109 9.65459250838222
284.197814941406 9.45141337141172
286.158325195313 9.3948099692477
287.150207519531 11.7170679302499
299.151641845703 8.43540829357962
302.178863525391 8.86773274206039
304.166229248047 12.5864055243248
316.159484863281 8.46627217911445
317.164520263672 11.2714457200287
357.207427978516 8.76489194047467
369.206390380859 9.16703369866209
373.214874267578 8.58719295290751
387.198486328125 9.33559959394195
399.240203857422 12.3989635039613
400.233123779297 13.9071636994332
417.256988525391 11.9488458666055
430.249145507813 10.0650610267331
441.239532470703 8.6517698274857
458.267364501953 10.3547594241536
468.257873535156 13.9621723528251
482.291412353516 9.00898364464748
486.273406982422 22.4044466166928
488.229919433594 9.62217350527876
500.284606933594 9.72195958255682
511.287567138672 8.68566550009052
528.279663085938 9.61201556635498
539.270690917969 8.98359931589377
545.309631347656 13.4891370219654
553.349853515625 9.26603353086466
569.306701660156 9.13277849503621
571.375122070313 11.0782921917647
572.687377929688 8.80558314297507
581.344604492188 11.0583066644288
599.359313964844 11.9407616439788
614.353759765625 9.1464017212494
615.313110351563 10.5097331738559
629.362731933594 8.80213509254472
632.346496582031 18.8562112182886
700.386901855469 11.7988471901792
710.439086914063 9.02151674131702
716.368469238281 10.8186779495219
733.397155761719 15.4203329963559
770.472290039063 9.45936662105423
804.450378417969 10.4942267868586
805.5400390625 9.05024827808935
816.437622070313 9.2916247019272
846.5048828125 12.5972346149659
874.389221191406 9.25231190525914
915.51171875 10.7250674181061
933.534423828125 100
952.290588378906 11.3330917856719
1030.52368164063 9.3273280731615
1048.5908203125 13.1437907144112
1053.45812988281 12.3721624954047
1169.7275390625 10.5331725877241
1213.787109375 24.1830005676708
1228.73205566406 11.6005049601654
1240.69299316406 11.3621401006259
1290.68139648438 12.864234647735
1332.11218261719 44.3276205840171
1335.38806152344 21.0176340831651
1336.19140625 17.1776288783394
1341.12475585938 16.0378566376718
1344.31787109375 40.4804752478378
1347.46520996094 20.5451104291456
1349.70983886719 13.2571090832916
1350.99536132813 13.8551824899658
