1456.8723 80 1
70.0765380859375 1.64465300775121
86.1065216064453 3.58603602145274
112.102378845215 14.9966532015886
129.127136230469 6.36184893780576
157.126159667969 1.58916829537709
158.106430053711 3.61039740085803
172.093063354492 1.24254890140886
175.133666992188 34.1101721502613
185.137985229492 2.1159830372561
199.20378112793 .84243804647738
200.155197143555 .968995719702929
215.1318359375 2.61846525677629
227.192855834961 1.98854438098663
228.143020629883 3.23820379691355
232.154373168945 67.7220898818903
243.152359008789 1.40750893951754
244.11555480957 .868911732311551
273.137268066406 2.23050315035041
288.127807617188 1.13858404111406
298.226684570313 7.57472406955208
301.129516601563 2.60972738179081
312.146118164063 1.20496383777072
319.169860839844 .704395733080076
326.154968261719 1.973528923479
330.154296875 2.03626783919115
341.222839355469 3.55124608658331
344.169830322266 4.76159326082062
356.218658447266 1.92470627544326
357.183227539063 1.85530227751021
361.191833496094 10.1983344632075
371.187164306641 1.22866338568677
384.186370849609 1.22272661792215
386.20654296875 1.373884971175
398.201263427734 1.12309472769164
402.173217773438 2.87299498088904
411.312866210938 3.26767853677555
412.268768310547 5.37461269774419
414.207611083984 3.10090926644913
427.266204833984 2.00004773247782
431.197723388672 1.13559687830099
439.247985839844 1.48028504237413
441.195739746094 1.68710916841564
442.166595458984 1.51076332757906
457.248596191406 4.53843991509694
459.198638916016 4.06136877512185
470.249114990234 1.79647667246111
474.271942138672 16.444172600814
484.283294677734 1.88074022247842
487.258575439453 1.5516679187167
497.249267578125 1.57655985798981
499.291870117188 1.84364752682262
511.209991455078 1.35835794586265
515.250610351563 3.68188931499784
525.314208984375 3.04822764754615
527.277954101563 3.09776006573212
538.192749023438 2.05505585403708
539.192260742188 2.02947421129376
541.28369140625 2.02718232563067
555.230773925781 2.72723246547966
556.201599121094 9.93719773633659
570.338500976563 2.95055283532982
573.240844726563 6.97578429222618
583.297668457031 1.46187215480411
587.351379394531 15.1200816382408
597.343139648438 1.79482174806957
598.319580078125 2.47766222742625
610.311889648438 1.44955690157022
611.308044433594 1.57152179594098
612.264831542969 1.44273033308205
613.2822265625 1.40404426709214
614.3037109375 1.40872237545604
625.301147460938 1.91225863656841
626.312744140625 1.71525725428207
627.265380859375 1.55233303495166
628.33984375 2.47612566850687
629.283508300781 2.36881538244469
640.319641113281 1.75157543770001
641.312622070313 6.73057247116583
651.292297363281 2.60626909975405
652.245239257813 4.39839199756722
652.884582519531 2.52444422807168
658.374694824219 19.4757139119818
668.307006835938 5.1157172492433
669.284362792969 18.1108853680691
681.32666015625 1.33342951259879
686.30908203125 17.335710822312
699.371520996094 1.61971466831033
711.397216796875 1.44134611185784
712.355224609375 2.29709672413387
729.403747558594 1.71272588665536
737.358581542969 1.79021897751618
739.368103027344 1.97694384114081
740.323059082031 2.47755952270475
754.401062011719 5.72258913229256
757.349792480469 3.39107102390959
764.359619140625 2.2332722447331
765.340942382813 3.29410034368668
771.465515136719 11.3845084306271
781.396301269531 3.47714497389503
782.369323730469 12.1826914703949
799.398742675781 6.15413425522681
826.413818359375 2.04782004276771
835.401550292969 1.83775312403921
836.376831054688 2.57414339814784
836.994812011719 1.8294597177777
853.400695800781 9.6631128785045
853.986083984375 3.93047622125267
867.506713867188 1.81453870476948
870.430114746094 7.9220206011366
884.547302246094 11.6677237496635
936.49267578125 2.27950879848424
938.457397460938 1.71828073914717
965.522521972656 1.98069757835472
966.478210449219 3.71673405533041
981.557678222656 7.58434610352225
983.517150878906 4.82757250476495
998.58544921875 22.8011348972597
1127.63549804688 2.21757524367979
1184.64672851563 5.96061448849271
1285.65454101563 5.35599345506826
1412.64025878906 3.98521829631794
1439.87280273438 4.68435741892324
1440.75317382813 5.47112613562995
1457.09765625 100
1465.20361328125 5.55970528990205
1466.17504882813 6.95148814923231
1469.30041503906 15.4368901127705
1471.13916015625 11.6200720257208
