1960.1750 80 1
70.0781402587891 1.54011626940925
72.0965194702148 1.0883111572314
86.1099853515625 .710867921217683
101.086349487305 .658922533402329
112.100898742676 3.80238871427795
129.119216918945 1.39522305625316
157.122787475586 .593037581021278
158.100158691406 .874984598809635
171.159118652344 .600384808914466
175.128433227539 35.0513505253764
187.116943359375 .438750906007817
199.154479980469 1.59428858668589
200.14567565918 1.18540179051317
201.135726928711 .774213693383197
212.112899780273 .861676986593126
214.130187988281 .545862929033358
228.145385742188 2.02759636352995
271.176086425781 1.34692854434976
286.178863525391 .61329793190269
288.206481933594 5.89885917200646
292.134490966797 1.32163993705862
297.166046142578 .517099063010175
299.179534912109 2.4603684364573
304.139923095703 .435375269843797
313.193786621094 12.616383342257
315.185089111328 1.27378418887862
327.138763427734 5.15392051627384
329.146545410156 .692343736916353
357.224212646484 .920660262707615
358.215240478516 2.14244606480249
368.177642822266 .813897814896762
375.239166259766 6.99080371296819
379.164245605469 2.18095895595248
384.229766845703 .848101900724969
386.204925537109 1.17633547208414
391.199981689453 .906802823123943
398.241882324219 4.97355108351953
414.166687011719 4.0339604900313
426.230285644531 10.1235921473652
450.206451416016 1.57668764729635
457.277648925781 1.63379299449833
467.249359130859 .984027846957064
471.259765625 .865293036670376
474.303558349609 9.71240420155795
478.225921630859 2.57855936419653
484.279418945313 1.49451050938515
485.237915039063 2.55718529457854
497.300506591797 6.66624365107091
513.224975585938 6.15206499695369
525.265747070313 5.03173624056679
531.250427246094 1.29783827689533
549.276062011719 2.05478379667559
555.339904785156 1.11882097716965
566.315307617188 3.34662116359181
573.364868164063 100
583.346984863281 3.15885444395948
584.326965332031 5.16939166095314
594.270812988281 1.38656775905557
612.296997070313 5.41643894092024
636.289428710938 1.10221407648727
641.285522460938 .962562349614941
648.318664550781 1.10592963924345
653.341918945313 1.61513196765324
670.378540039063 2.46346612707968
671.359375 5.6570057188837
677.33544921875 1.27615350577913
681.319458007813 .999949601764123
688.386169433594 20.3134455289784
699.320983886719 1.28179285542673
712.356994628906 1.1636031959157
729.3759765625 2.22394739560968
740.357604980469 .840038325660314
747.386169433594 1.92357541436232
757.397644042969 1.17889544835988
764.415100097656 1.04772841316838
776.388427734375 1.41919630192772
785.396667480469 6.68721559146656
802.45361328125 1.09888739140986
812.409118652344 .931115449548136
857.454833984375 1.3206667016175
859.425170898438 1.04775253832762
875.446411132813 3.5244614898978
882.444702148438 4.73383808254742
899.468383789063 13.7354705032325
957.460998535156 .863279219988188
969.47265625 2.71412336098165
974.507995605469 3.16666427970746
986.502624511719 6.84455342357581
1044.49719238281 .764170788796483
1061.51916503906 .940320855140729
1085.56665039063 3.61432130926788
1095.56323242188 .690265871106961
1196.58349609375 .837754124166283
1213.61047363281 2.8937425646951
1376.65698242188 2.90900043086093
1446.66625976563 .489585936611916
1463.69787597656 2.15000149109049
1474.68151855469 .414336167397167
1534.72668457031 1.61700934892175
1647.8173828125 1.50445411026235
1744.78759765625 1.73973360160987
1943.203125 4.50229025180726
1960.41394042969 40.9473365840343
1963.32116699219 28.0953582354292
1973.47473144531 2.21608662896997
1976.60534667969 3.18376480939473
1982.67565917969 3.05856912581819
