1163.6700 80 1
70.077262878418 1.19853174421871
86.1066970825195 2.56835691005953
101.0810546875 3.11321181605575
110.080711364746 3.989467061968
112.096519470215 4.52406250754772
129.115158081055 1.70729577494711
158.095413208008 1.22652635862125
172.116790771484 2.23162407454644
175.12353515625 16.8848769307304
195.090606689453 1.95073464483314
200.110000610352 2.51615472404617
215.143997192383 .691721028225859
228.14274597168 .601059541987114
238.132934570313 .943640306859586
243.140502929688 2.1514066528417
246.15983581543 3.36753256988851
255.144958496094 1.88661312799603
266.128356933594 2.39271900769933
283.145843505859 9.49082275698424
285.157196044922 .753048066497548
286.158813476563 1.5326720195215
288.194213867188 1.99440720437305
300.18115234375 .569162531834058
301.171630859375 .53672853127297
303.176055908203 15.9794556126717
306.092803955078 .521029125052665
313.157043457031 1.78595067575546
317.147033691406 .910164069699294
323.141784667969 .945695769515716
329.155944824219 1.20631397132111
345.234100341797 .796257514343211
351.148193359375 .937738992658229
354.180633544922 2.11917847133451
357.149078369141 1.47076914022936
371.192718505859 10.3463683329699
375.198364257813 .782191380224028
380.196472167969 2.41567938372203
392.202239990234 6.38613419075849
394.198181152344 1.05692002252681
398.221343994141 1.42025911615419
408.163787841797 1.01702393016469
420.194549560547 6.86836078015507
423.206695556641 23.8307767106731
433.188507080078 .865594384188408
440.227661132813 20.6070480378199
442.227874755859 7.75542323783964
450.216918945313 2.03322567295025
452.203430175781 .867797835939434
454.205200195313 1.06096092638645
463.224731445313 1.24841311580811
477.211242675781 5.13988978239253
480.190216064453 1.39846007690866
491.234405517578 2.24564481345093
520.254089355469 1.82340363913135
533.264343261719 1.58261178286319
534.252807617188 1.89763265709106
548.242980957031 7.50947483731689
550.262634277344 2.32744330681408
551.264282226563 3.2578191933327
565.273559570313 3.21807592032945
566.261779785156 6.18126031642452
568.278930664063 7.54574316976488
574.259826660156 .994590284582826
579.277404785156 1.43780897102072
591.278259277344 1.48926184640751
596.287414550781 1.34816782013031
608.270935058594 2.51659324714844
613.317687988281 1.55173560035156
619.277893066406 2.31879298744972
625.296508789063 2.94282421951311
635.273193359375 3.09000975308369
637.282348632813 1.66740096254702
662.311889648438 3.04694145145895
663.831420898438 1.51497641114988
680.329345703125 4.27881504840743
687.321533203125 1.93288816310828
688.293212890625 3.59845066000208
688.8671875 1.56822051521985
705.322570800781 35.619384606151
722.346557617188 36.4415273198137
725.337768554688 2.22630309281603
776.351379394531 7.13905857296064
793.381652832031 13.6218224378319
833.39501953125 2.72781376401406
861.39208984375 4.21580079139935
887.500122070313 1.62542390674664
904.402526855469 2.50354944940421
904.941345214844 1.8803289603535
918.41162109375 3.17196286122757
921.432922363281 40.8280545675695
961.455871582031 2.222049865842
962.417419433594 2.39382591423567
989.444152832031 8.48009307778294
1007.45147705078 9.66177728983406
1012.45269775391 3.05849349688657
1033.40283203125 1.45693121002052
1050.41430664063 2.23645850853562
1121.46826171875 2.27628495011287
1145.6806640625 3.24273019000369
1146.57946777344 6.43148003714032
1148.197265625 4.42209698734902
1163.84326171875 100
1166.853515625 25.5102671405362
1169.95141601563 11.1170086407691
1170.95983886719 10.5510271736816
1171.93957519531 11.5154723831184
1172.98657226563 11.4245783521026
