849.5361 80 1
70.0689315795898 2.15641259748497
72.0885772705078 4.1917170450509
86.1044158935547 10.3644054526032
110.074119567871 1.86815524815932
112.09058380127 9.6312036925634
129.11767578125 4.02531543685368
136.076934814453 1.54651997459795
157.113723754883 4.11459355604877
158.096206665039 7.35847943751376
175.123092651367 100
213.153182983398 3.2314005955234
216.099746704102 1.63620696391611
218.102005004883 2.94216272101453
226.122543334961 1.48215476832088
243.137557983398 7.36491713832072
246.094665527344 7.56213116351554
249.155227661133 4.15710737837831
255.161056518555 1.7730200539424
257.1650390625 8.89236691297034
269.128173828125 2.24886167394427
270.187530517578 6.92922343896976
272.157958984375 1.97436465914877
274.187133789063 4.11520944574449
277.154602050781 7.5205068148966
287.137817382813 12.3052727410661
292.179412841797 1.95556153920875
300.178405761719 3.15380708580237
304.163177490234 7.24202782370551
311.187957763672 1.77383748931321
317.131896972656 5.42524417577963
320.161773681641 9.3978604097753
329.192413330078 3.42206213897719
334.177154541016 40.1055854809004
352.197845458984 4.93712486682418
357.180389404297 2.25202058863382
370.243499755859 4.53260566547279
374.157806396484 4.32723515411056
375.182067871094 2.19447457975699
382.210235595703 4.49717311262842
387.270416259766 2.68383464806751
400.217498779297 29.4264060289705
405.250946044922 14.2245587010111
417.242492675781 6.95854197619764
423.226593017578 2.53833523554338
433.2421875 21.3669902379385
443.183563232422 3.35736741388232
444.164825439453 3.33977913658654
457.281860351563 1.96979152953129
461.182220458984 6.26603095343642
474.276641845703 1.95150640197792
482.225036621094 2.78262062247062
499.277496337891 4.37682587604586
514.307678222656 4.02339124868356
516.303283691406 2.22540395800906
517.290344238281 2.14857425332061
518.310241699219 2.52861300218141
531.309326171875 2.83799776688482
546.306823730469 4.10925363269683
556.278991699219 9.57424563109841
562.286437988281 3.05322428719865
573.318176269531 7.78272315665597
585.330200195313 3.36123742713077
602.3408203125 3.55113570139344
605.332702636719 3.25652356810593
719.34326171875 5.69014374360052
736.369201660156 4.2615981241097
742.387634277344 4.8937397801547
831.392578125 4.3849623513067
847.638244628906 14.0645502725872
849.687866210938 53.794015705538
853.720397949219 16.1188895268498
854.880187988281 23.2776905027145
855.896118164063 41.1682046045522
857.515380859375 21.3656893627159
858.753784179688 12.1802183590716
859.273986816406 10.5316380585031
860.296813964844 8.77148802928279
860.762512207031 8.3301823146063
