1000.6082 80 1
70.0755996704102 .773034522070929
86.1048049926758 2.35686841428854
101.086944580078 .469513969466985
102.060821533203 .392666958317414
112.095039367676 2.86704084484892
115.101387023926 .329442126515246
129.114959716797 1.09693915234234
143.08967590332 .348180175537486
157.115600585938 .907620833023176
158.096298217773 2.03925421043241
175.12385559082 14.3060607918293
185.122573852539 .908705017736363
201.096527099609 .477220703799921
211.149185180664 .333513529148039
215.141525268555 .404783500820622
225.173843383789 .62862346703071
240.111343383789 .447913765266895
243.138732910156 2.69766109209085
253.177795410156 .371419370579372
256.168395996094 4.51044932111688
258.118194580078 .767006224653544
268.148529052734 .683168149515474
269.131530761719 1.01540753738933
272.131469726563 .463349343948354
283.158874511719 .519522968812818
286.148162841797 4.09758719666834
303.179473876953 13.8845292479239
314.179138183594 2.28956617841705
316.1455078125 .387033865564308
320.1669921875 .410883561515193
327.207275390625 .353121086791463
329.145416259766 .625191271259107
342.161651611328 .481194201185305
356.216766357422 1.24335792454809
357.221466064453 1.23017765659951
358.225189208984 .527279054026787
367.191864013672 .475726249906091
380.159515380859 .647823964639506
385.206481933594 10.9568840833352
397.182830810547 .64327692026432
398.176177978516 1.0024618064526
399.196105957031 .600695079888989
400.246459960938 .473412409454779
411.236450195313 .582506253376299
415.197937011719 1.45878689605709
427.252136230469 1.28038189598945
432.207702636719 1.63041093724737
442.223937988281 .655214204642543
452.276763916016 .494246390602933
456.24169921875 1.6195459232109
468.215118408203 1.11953101953663
469.197143554688 1.27883658059439
470.285491943359 1.70964591697875
471.262298583984 .74842007200275
473.253967285156 .553289084995318
486.231750488281 1.94860112252942
490.257019042969 .452106445272867
498.293121337891 4.23652582660788
503.246337890625 2.1781698504706
508.269927978516 .519811263509627
514.210327148438 .681068341916066
516.307434082031 .498250240199064
561.357543945313 .549378626422215
565.274475097656 1.07693315138808
569.318725585938 2.27471086964259
573.324462890625 1.48200181215217
585.265380859375 .95927166744793
599.303161621094 1.75348992140784
616.328186035156 8.66053744370209
691.392761230469 1.19747208236901
831.439453125 14.7591567879216
849.452026367188 43.8995101879668
853.885681152344 4.22752544184282
854.498840332031 6.4532187019331
855.446472167969 5.06750183911002
945.496337890625 3.61019956428755
963.508361816406 9.66854253042888
965.034301757813 6.54943738534704
966.067260742188 5.37704546400802
988.657104492188 16.4791665380614
990.339599609375 12.4999435231346
1000.77136230469 13.5142985632417
1003.86492919922 4.97985187825637
1005.87890625 100
1007.94329833984 71.9620969308501
