1389.7832 80 1
84.1010894775391 34.0828434188505
99.9501266479492 29.8623783148397
100.062835693359 27.8812705894074
129.102432250977 32.9399412525898
154.387725830078 30.4343827224549
154.527236938477 30.5922464486203
216.144271850586 35.0788698194515
459.340942382813 41.7669683093607
468.268371582031 30.2755187237431
468.448120117188 27.8122991239974
530.256530761719 32.5672545165202
557.416564941406 34.2140172446987
588.380615234375 43.8815890280661
659.424377441406 78.1320059456735
694.389282226563 34.7945456897989
731.354919433594 39.4376031099431
774.446960449219 67.3557668251969
802.360412597656 45.246209178688
830.391540527344 38.2602567033521
889.470458984375 39.8010596027434
931.423950195313 49.598396142058
938.498291015625 34.5166592830661
1002.46899414063 53.1886550112563
1088.59362792969 35.2304718171985
1115.55810546875 54.1044747025281
1243.61096191406 53.441911098895
1261.623046875 46.3300089382929
1391.01403808594 52.9441229042229
1396.14025878906 47.8280451738231
1398.34106445313 82.0658350428934
1399.33093261719 90.4777283859482
1400.5751953125 75.9316246658388
1402.248046875 93.0107348180348
1404.39147949219 100
1405.95715332031 78.9085649751427
1406.79943847656 82.9383935034771
1407.97399902344 63.3869716305329
1409.58520507813 60.5816337574029
1410.70239257813 59.6303077324009
1412.20849609375 53.0182923338176
