2960.7134 80 1
100.09432220459 100
100.240859985352 49.565020987814
154.76155090332 10.2771202947063
154.91064453125 9.60191316681782
285.122283935547 10.9873288202749
313.200561523438 10.957619761649
384.227813720703 11.9438381303266
386.214996337891 11.5343162773473
454.243438720703 11.5259998263948
455.289398193359 11.6693459769717
472.860260009766 10.5503644170378
473.01708984375 9.84640502247865
525.275634765625 12.8416899822798
542.311157226563 13.3854312218563
545.336730957031 11.4821755082481
576.279663085938 11.8430533707108
595.900695800781 11.3101586379395
597.309997558594 12.1464700514837
604.318298339844 19.0201929395232
630.320129394531 12.3833461487436
641.406311035156 12.1186193845775
654.2734375 11.7308761026531
675.360534667969 26.5794368289704
720.347717285156 12.2021965941858
726.349914550781 12.6409571308238
734.436828613281 13.1527291056288
746.3837890625 12.5525772457487
766.413940429688 12.310626522574
774.413940429688 22.9113225889123
839.588745117188 12.3510529879329
845.460388183594 27.1055669853256
849.456481933594 12.8598266326589
863.469970703125 13.4717716695483
911.436889648438 13.0986346475672
925.465515136719 12.6796080882372
944.534912109375 17.9669273268422
964.540771484375 17.1297584290908
1015.57659912109 13.9277481591571
1017.60546875 12.9697360555135
1092.64099121094 37.0371301203676
1221.681640625 32.532446648574
1233.58703613281 12.4933823799531
1235.66967773438 13.8545992179545
1332.72290039063 12.7398842626256
1350.72814941406 27.8433402860725
1403.70910644531 15.1893686839174
1421.76037597656 35.3378607328159
1475.75964355469 13.8736361312632
1476.53564453125 13.3386992874386
1492.81213378906 40.5367565437179
1604.83203125 14.1438574785315
1621.85083007813 28.05965318633
1716.81359863281 13.814015578987
1817.96789550781 34.8671068683752
1857.02331542969 15.6242827641144
1875.00756835938 60.0164097650347
1889.02221679688 14.8000116510905
1928.03649902344 15.0551619017651
1946.03967285156 44.9741429743271
2017.06372070313 54.9639294780237
2032.07763671875 13.9527989205034
2098.15991210938 17.0097178971682
2116.1572265625 27.3571455946537
2187.20947265625 37.8904418744839
2227.16381835938 19.1478477020351
2286.29956054688 21.7739242161645
2357.32470703125 23.5348935074512
2375.24975585938 15.8308822207742
2428.34350585938 16.532082005802
2489.26586914063 30.2697547536346
2499.39916992188 17.4305489928625
2511.15893554688 14.9103459965201
2514.27465820313 15.0048300614881
2562.3251953125 13.1157205455836
2570.44653320313 14.913165572653
2588.3310546875 14.5164246268212
2657.37475585938 16.2026785881595
2701.26611328125 16.7931700958918
2943.87744140625 22.36877571598
2957.04174804688 16.3036699842813
2961.1630859375 24.6855723817086
2983.59936523438 41.4487683436784
2984.45043945313 56.35379488249
2988.03540039063 38.5611190412592
2991.19409179688 28.4044111096005
3000.67797851563 27.4811939581075
