1244.6860 80 1
99.9440002441406 7.16090476356323
147.131240844727 7.93221312572856
154.324493408203 6.99419624259178
154.449783325195 6.73503824335931
157.146987915039 7.71107171269877
175.139129638672 10.2432510951662
185.148712158203 9.28840485331363
229.123123168945 7.75890632696251
246.208770751953 14.6657123122219
258.129302978516 8.10887460965796
259.113159179688 8.40524010122236
300.186309814453 7.83970204395206
301.201263427734 7.77507041926208
311.165863037109 7.95523002917646
312.175170898438 8.43941690679665
314.199798583984 11.8836207418284
329.185607910156 12.0008488809781
330.154754638672 10.2836627435692
331.147766113281 8.45709531145387
357.212677001953 10.432754076766
358.197357177734 11.5720791340098
360.200775146484 9.05685579698566
372.214660644531 8.61803256249447
375.248809814453 27.0792743318266
400.222747802734 9.2072882309819
428.240509033203 12.9306572889929
443.244079589844 24.0024818535633
458.223754882813 15.7674723705398
474.321990966797 97.3609456064362
486.256958007813 15.8249141690333
499.304443359375 9.5429067608987
514.282958984375 27.4920663435735
516.2724609375 9.39366515636498
529.277954101563 14.6495072368305
542.328735351563 10.1221532757739
543.304809570313 10.1255651826127
553.30517578125 9.58351353006001
557.290588378906 24.4034171217439
571.310424804688 30.5243099431951
585.335571289063 15.2065571544838
587.262084960938 15.5182750669241
594.403503417969 14.7469325521822
603.372680664063 76.7400425881857
613.355895996094 9.52312223772672
614.342224121094 14.1724815745689
615.320861816406 11.4698206491231
624.348815917969 9.61120289261653
626.385559082031 9.64063622749845
628.342651367188 9.86793541452382
642.350769042969 51.1322798317679
656.362426757813 14.2912165511727
658.330627441406 12.0886393034058
659.34814453125 12.9956095612698
674.407348632813 36.844723405783
681.494873046875 10.5776081706696
686.319580078125 11.3652748437493
700.361145019531 15.4401453129499
731.435974121094 85.2660712024464
741.427551269531 11.8118013529844
744.428771972656 12.1086697251291
753.36474609375 12.0971983257288
757.403503417969 11.4316746697624
771.40234375 100
799.427917480469 13.7707127257645
802.472534179688 70.5765443630165
815.407348632813 10.9482110534997
852.427429199219 10.1360063340992
870.466003417969 44.8716521943255
931.529846191406 35.6309898077576
981.568603515625 10.6973081830976
985.486022949219 10.5919875653072
999.529296875 45.2818192261489
1060.58447265625 29.4675152960756
1098.56140136719 14.1685688491921
1236.22631835938 9.90325046748047
1243.12170410156 11.4212912554619
1244.99328613281 15.12154507638
1246.01782226563 14.6160779216114
1249.15979003906 10.3370026242994
1251.10632324219 11.2009911557147
1252.27783203125 13.3587805856815
1255.224609375 86.8877221440811
1259.70385742188 30.5447566397197
1261.0732421875 26.6333973659347
1261.37451171875 24.7043984951297
1262.24206542969 22.4678014147631
1264.38500976563 16.416473912102
1264.9248046875 13.4446718670963
1265.81860351563 12.7438130532601
