1389.7823 80 1
72.1070175170898 5.86201764563478
84.0942993164063 13.0457749089379
86.109504699707 6.11439443258508
99.9519500732422 5.01431304088124
129.11376953125 15.2868495091768
154.388961791992 5.24195330291129
171.128356933594 5.86984277424294
175.1279296875 6.32261695352272
198.136627197266 6.47044387926609
201.09880065918 6.03240906520028
216.149993896484 16.785379538731
242.193893432617 8.60346269192533
272.148010253906 7.40138759970102
275.213928222656 12.5927062495039
286.150726318359 6.46410046191612
302.105926513672 7.1721069641915
314.185363769531 6.66884959519422
316.185272216797 5.88522725064213
345.227020263672 6.73958549434222
355.192108154297 6.48292799490291
373.167236328125 7.05947022490428
385.211090087891 7.30853459004204
387.161376953125 10.5289578460989
388.303405761719 9.50078288336062
430.211090087891 7.39669895349125
431.153350830078 8.2314209955934
459.340026855469 32.0531819026027
473.324310302734 7.13268636107449
474.3046875 7.09564521135455
501.275421142578 8.69268787501731
502.201416015625 16.1035600777025
520.292785644531 7.46832155657157
559.234497070313 10.2122534628083
588.385314941406 36.8942521152026
598.312927246094 12.927885327109
603.318481445313 8.20636868198108
614.356750488281 7.27192805770742
616.310668945313 19.4386511030539
619.291381835938 7.34050469168316
630.289184570313 12.8962611532631
646.290893554688 11.4659138376869
659.426025390625 100
678.366577148438 7.24930242181938
694.401489257813 9.99225067987482
713.343017578125 10.8742417779125
717.340759277344 14.8720816987925
731.347045898438 28.5590723618673
743.383361816406 14.868325253123
756.432067871094 10.2215328511348
774.448486328125 72.5656191432956
784.364990234375 10.285856608099
786.7451171875 8.05720334969601
789.511840820313 8.0909299659465
802.384094238281 28.6354836269073
830.431579589844 16.3208273050968
855.545959472656 9.73592701419569
871.459777832031 10.4732792125138
873.424560546875 9.83052348458497
889.485717773438 47.5448483100475
903.448974609375 11.9362992355748
913.4560546875 11.6790863703688
916.503784179688 9.07481062142538
931.433410644531 47.0710393404062
957.454956054688 8.79234195566874
974.495361328125 11.5324817100373
984.489501953125 10.6516677647411
999.559753417969 8.9921496198146
1002.47711181641 55.1380885783864
1017.59381103516 21.6781623093062
1069.57727050781 8.53833036233445
1087.56372070313 18.7376401361753
1104.63598632813 30.3149880285563
1115.56823730469 59.8600843776635
1119.00048828125 10.1370360517962
1141.62048339844 8.84427028658617
1203.67724609375 11.9529156718107
1240.65051269531 8.78016460618992
1243.60473632813 44.782205971798
1256.70300292969 9.80157190050865
1260.65783691406 20.7991632371375
1261.61083984375 46.4141727531466
1371.93859863281 13.3061821351384
1372.84033203125 17.1678413020572
1390.06860351563 21.309839432757
1397.22668457031 20.9073568583226
1399.2724609375 22.0985071975519
1400.31848144531 25.9602062939831
1402.3349609375 72.8981006751858
1404.48461914063 91.771334524702
1407.14013671875 41.0701884117813
1407.74157714844 34.5304572300057
1408.17053222656 37.1584925745965
1409.79272460938 31.2962669307564
1412.29675292969 18.6424838847367
