964.5649 80 1
99.9480209350586 7.6478147104873
100.062995910645 7.39007252865515
129.114028930664 9.62430231381197
147.124374389648 9.06495815508507
154.156890869141 7.79215694616051
154.287506103516 7.58121168750337
175.144393920898 9.06150638881822
231.1162109375 11.5865692669389
242.180114746094 8.69903578192094
260.209777832031 15.725470907385
269.223907470703 8.15932563995474
362.189971923828 12.1133466721763
373.298492431641 46.4454959062043
378.17431640625 10.7372429110015
445.205749511719 9.50398448266083
463.250183105469 9.20582343446224
465.421997070313 7.83716903860473
465.580963134766 7.81636368548686
472.367584228516 33.1132886648114
475.264984130859 12.0448043098523
489.358154296875 8.9010404841144
491.224548339844 11.4020660697911
493.220092773438 44.4225590606889
503.302581787109 10.0693122984951
558.300476074219 10.3912722125824
564.29443359375 24.2988797665965
566.299865722656 9.77363158944948
567.293518066406 9.6029528853544
574.278503417969 12.393034495308
574.841430664063 11.0369852193462
587.400207519531 18.2474638239254
592.288635253906 100
604.344421386719 10.2616346564468
606.307861328125 18.1078354921442
616.380126953125 10.1810180687376
653.710754394531 8.95614704139417
655.382629394531 9.57609987488054
660.398254394531 10.0655222242782
677.3837890625 12.7825168684445
687.373657226563 14.5684249123484
687.953430175781 12.8904669810796
690.460388183594 10.5314889951617
691.486328125 10.3075924001612
705.387329101563 46.0032480375122
719.398559570313 11.9620489129208
734.492614746094 23.6316544749073
790.533081054688 9.65170804039136
818.463073730469 14.9330927634775
821.458740234375 9.41095360417239
863.493835449219 9.92925925110559
930.654907226563 10.9436224768686
969.739501953125 13.8225692374607
970.110168457031 12.3529414883307
971.920043945313 25.2537792922987
972.153991699219 21.0886753349814
973.927551269531 16.4551317367643
976.63671875 11.7374651573567
977.188049316406 11.9160321483823
