1113.6556 80 1
86.107048034668 1.63954949399711
99.9515380859375 1.37215768853107
129.119155883789 1.58727349435168
154.256500244141 1.37393792688194
154.411178588867 1.3326006730534
175.128967285156 1.73199729815972
201.143005371094 1.6335533121728
229.139251708984 3.06991926426279
240.148025512695 3.87906532015876
260.215240478516 2.2021823975751
270.113159179688 1.76387758619
288.131774902344 1.74105900553667
311.192291259766 2.04402830456919
316.170196533203 1.78004537054266
325.242828369141 2.38155678502528
326.215911865234 1.79516999705186
328.203491210938 4.5536622482037
331.247711181641 3.76661894818292
342.189270019531 1.66914379678644
353.232696533203 5.85438198754852
355.202575683594 1.70590270083158
369.207946777344 2.3605606700829
371.255554199219 2.31726644284227
387.204040527344 1.75894279616403
398.218475341797 2.56379602121592
403.174072265625 1.72077974845771
424.269409179688 2.58808716160192
457.250671386719 5.9509746330914
468.271636962891 3.05236001737054
481.326202392578 3.6925116099878
483.279266357422 2.44546736506591
497.303863525391 1.90733774593251
499.344879150391 100
511.2998046875 2.29737872507766
516.247863769531 2.0327160726029
526.2763671875 5.82348406029401
544.283020019531 7.34603272262856
567.346069335938 1.80706395932927
570.380249023438 17.6946694936893
579.328735351563 1.88373391717141
581.363220214844 1.86602962510836
587.33349609375 2.88660324330341
597.318481445313 12.0091692598174
615.326782226563 9.59452182406873
622.371520996094 1.87675108726749
623.328674316406 1.89587705961405
626.323791503906 2.05193667555948
640.380493164063 1.98771022969994
657.4208984375 19.5406798376249
712.387268066406 3.41544661397813
725.43798828125 1.8293857809343
741.40771484375 1.85027058093967
745.461303710938 1.89433802084476
755.376403808594 1.98886697526797
766.419677734375 1.96066731175541
783.427612304688 4.34076703332695
786.470336914063 10.2590463774247
836.450256347656 2.75980452770608
837.044372558594 2.43065912091825
854.467895507813 7.65996605223976
885.5439453125 4.82745701281603
967.5517578125 2.62479206111498
998.595581054688 4.77897142882456
1074.47546386719 2.09500527697886
1113.88513183594 3.64791838133854
1114.92578125 3.2585637323873
1116.03198242188 2.96745817788827
1116.93225097656 2.58359551349914
1121.00952148438 6.32060138256809
1122.02355957031 8.35153150902405
1123.09765625 8.93783632168191
1124.42150878906 4.43216470632058
