1244.6724 80 1
99.9522018432617 8.54990631648706
100.083793640137 8.5380751397882
129.122970581055 10.1501718544592
154.324829101563 8.73975415198841
154.465087890625 8.6166647167442
175.136825561523 10.4944008610574
185.14582824707 10.5482469775591
246.205932617188 13.582219928447
258.127868652344 10.7635462635183
314.201110839844 11.3483840924659
328.210876464844 10.6145366505059
329.172821044922 13.278057940941
330.169158935547 12.2895123594953
357.22412109375 14.494102835194
375.246917724609 25.7188646035113
400.220520019531 10.6861302432065
401.224517822266 10.7857744630585
428.242065429688 11.7912694516145
429.230194091797 12.1601433057737
430.253265380859 10.4639590292759
440.217437744141 11.0350545826157
443.23486328125 19.954436544765
458.229095458984 16.6926678102559
468.249694824219 10.4480970505617
469.281127929688 11.2473681419821
471.230346679688 11.3351955661823
474.320373535156 80.1393632808216
486.266693115234 21.1875010129946
500.252899169922 10.9645021145006
514.287048339844 25.1137152051043
527.272216796875 10.8802541486887
529.280517578125 14.7091099172433
540.293395996094 11.4140255120658
542.341674804688 11.8957118840749
557.288818359375 20.7572352595912
568.31640625 11.2677769020335
571.302124023438 24.2163524147681
573.254821777344 10.9501890219525
585.356689453125 14.717708202982
587.258056640625 14.5933061416287
594.388916015625 16.9089328388293
597.646362304688 10.9837480641847
598.330688476563 11.0719563490786
603.370849609375 65.9561123065326
614.344604492188 13.9570570180508
628.352111816406 11.5299297969755
629.31298828125 10.6648884886666
642.345336914063 52.8199418836291
655.344360351563 11.089477837397
656.363830566406 12.0550504074976
658.307434082031 13.6536093418876
659.333801269531 14.027895210703
674.415893554688 31.1117496225718
681.396789550781 12.4377695750955
686.349731445313 13.6849315782025
687.356384277344 11.9965144893568
700.358032226563 13.3107844627851
731.434143066406 73.2271367713547
741.427490234375 11.6304536311935
743.417785644531 14.0110911943971
753.381713867188 11.6734975270036
757.386535644531 12.8546720171831
771.405639648438 75.369634627346
784.442993164063 11.850427705611
785.414489746094 12.3426400557835
799.440612792969 14.1527656832997
802.475708007813 49.6299450035894
815.394592285156 13.0291665837518
870.477844238281 38.4984103475166
873.454895019531 13.7793363559618
931.5341796875 31.1286920762088
981.5361328125 12.4952959753474
999.521240234375 44.6489483402704
1060.58959960938 29.0761936566068
1098.56506347656 15.7687952192267
1218.93823242188 11.9065321205835
1244.984375 19.0538492392432
1248.00524902344 14.230191343654
1250.18872070313 13.6111049723883
1251.08312988281 14.57335441441
1255.25158691406 100
1259.65234375 32.6779164339676
1260.54626464844 27.4013484832743
1263.17431640625 20.0677889049926
1264.45373535156 16.629803355018
