964.5568 80 1
99.945930480957 7.05347621413195
100.061218261719 6.68715846994535
129.117111206055 7.88467882047117
147.126693725586 8.27691407964632
154.156951904297 7.05337002604762
154.284027099609 6.68883881752734
175.13313293457 7.82961924737881
227.222793579102 7.5426477893691
231.115142822266 9.78044798755181
237.156341552734 8.69445955784754
242.200088500977 7.76434669358167
260.208618164063 18.4281167122697
328.200378417969 8.47624370165354
362.188781738281 10.1950485863054
373.299957275391 51.9498429520287
378.17919921875 10.0632576086128
429.255462646484 8.36485148124492
463.303100585938 8.52251187387799
472.373474121094 31.6512099921936
475.270538330078 10.3469322420142
488.319183349609 8.60603156204249
491.260040283203 10.27834104774
493.213348388672 46.061132795559
503.30322265625 9.67270230275695
547.266540527344 9.35834930097225
558.310119628906 10.2731281064614
564.288757324219 23.6934912486825
574.297241210938 12.2171288739595
574.876403808594 12.41406203592
587.400146484375 17.2520962947192
588.385375976563 13.5444457586534
589.376586914063 10.3014498353296
592.289123535156 100
604.341125488281 9.76713846768492
606.309814453125 15.7768199822845
608.327392578125 8.92688477278641
616.398742675781 10.4428190307972
660.395324707031 9.7648117921342
671.392822265625 10.040902914127
677.379760742188 14.04875242143
687.381530761719 13.4511858107487
687.917053222656 12.3159657990259
690.449401855469 11.1977159048197
705.377685546875 50.9447858759334
719.400756835938 10.2601021928891
729.48046875 9.41148355793164
734.476989746094 29.2051406597855
774.423400878906 9.43024415374142
818.459106445313 18.075586991434
863.487915039063 8.98906525573192
964.792175292969 14.0342645818056
967.803649902344 11.8483581587407
969.960021972656 14.0689447164857
970.824890136719 19.4131294732388
972.131896972656 21.7194090265128
973.054809570313 30.5357420155234
974.798950195313 15.721617160415
976.64404296875 11.9708082647973
