2015.1123 80 1
69.9973220825195 15.5459168866861
99.947868347168 14.2280976584093
100.059432983398 13.775404151564
154.584915161133 14.2416195677229
154.712692260742 13.5651885694995
470.725860595703 14.6463698117209
470.937683105469 14.3872521904004
476.228790283203 16.1271423543965
483.312530517578 15.8263003203176
534.284240722656 15.8393534248131
542.31494140625 16.0335274676558
547.303894042969 20.9705441936501
576.332641601563 17.0748775473453
604.327758789063 19.3145724439434
621.132080078125 16.0178724180248
655.3291015625 17.0296078308153
658.357971191406 16.8063396668917
660.402221679688 16.0341901705647
660.584716796875 16.5460594409806
675.371704101563 29.6463407531391
712.408813476563 16.1924389737379
756.432678222656 16.7101432178336
774.452941894531 36.9236193713788
787.473876953125 16.1263100559877
817.414123535156 17.4127677053207
845.469787597656 32.622880275758
854.494812011719 16.7847077478081
872.472229003906 49.1530385053804
911.491149902344 18.1075500341741
916.495910644531 17.5106172531964
926.503784179688 17.0596837243051
929.492858886719 100
944.570068359375 22.328557294095
987.509704589844 17.4556003684879
1000.52856445313 69.5496940005903
1015.55786132813 17.6448085819232
1053.57983398438 17.8020648986422
1071.56896972656 81.527869291405
1170.64135742188 46.3279286879825
1216.52563476563 18.3449351289112
1241.67639160156 64.3077955227457
1278.67419433594 18.6658411729833
1340.77014160156 29.8635912819739
1411.78515625 26.6068841745416
1482.86657714844 25.0109920879962
1484.77038574219 17.4361666579491
1553.88720703125 21.8777290764309
1624.90319824219 17.3899243151467
1711.99841308594 19.5808175186706
1919.35083007813 18.1921230505089
1998.20886230469 20.7484148543624
2017.529296875 26.4279951547846
2028.81494140625 20.0293252308809
2030.63342285156 28.9590807294649
2031.77014160156 37.1103819079514
2032.65893554688 60.0589772140162
2034.79235839844 79.9529067006706
2037.92114257813 69.1271947643711
2041.53137207031 36.5051491388855
2043.77661132813 30.9524858529653
2044.95043945313 29.0919014443286
2046.21264648438 26.7468895714938
2125.43896484375 14.3967790673516
