1389.7657 80 1
84.0931015014648 13.6920887419662
86.1070098876953 6.46839008030807
99.948860168457 5.86594729538339
100.065048217773 5.71193685717675
129.118392944336 17.1311186536918
154.384002685547 6.06017953274315
154.516647338867 5.68558526594295
175.122009277344 7.37284648787736
185.143402099609 6.56331139291093
187.100677490234 7.06160747559223
198.143966674805 7.35609674872207
201.10026550293 6.728595105159
216.138488769531 19.5771540047195
242.209289550781 8.35187964789144
257.187103271484 7.52922448621974
272.146026611328 8.64847259000706
275.205291748047 12.8770993398348
286.157958984375 8.76251699191774
302.109924316406 6.70061685324595
313.186401367188 6.79180672271902
355.159362792969 7.38757083462005
357.230041503906 7.80729561000214
373.187744140625 9.07182815130393
385.215911865234 7.44328404639439
387.161529541016 8.71256295396181
388.296630859375 9.79144706914516
431.173767089844 9.45290166958786
459.339721679688 33.2600513177205
500.282745361328 7.99909414741896
501.279052734375 9.76205627582771
502.205596923828 14.8691443734095
517.234619140625 7.89490702640451
559.257507324219 12.6998179333673
585.296142578125 7.7533680616759
588.381713867188 37.3933011251624
598.304504394531 13.2390974251029
603.298645019531 8.843018045006
615.314025878906 8.40201228559612
616.309387207031 20.5462553930443
630.284484863281 14.0617724064475
646.299560546875 12.7152028987568
656.367248535156 8.39399600734694
659.420104980469 100
674.364868164063 8.93522918436408
694.398376464844 12.15520539078
713.356323242188 11.5698908116852
717.320983886719 18.3171180795359
731.340576171875 33.5377984232555
743.38037109375 18.6236576024221
745.338684082031 10.1890105552541
756.457336425781 10.6418508862948
774.4501953125 72.4316563342481
784.396728515625 10.5703072118775
786.406311035156 8.97084825420661
802.382751464844 30.658385659942
804.035095214844 9.60636940506669
830.409484863281 14.6056006244524
872.473937988281 11.9822117144404
889.48681640625 44.1359395820121
903.4462890625 11.4509166558616
913.445068359375 14.828021001834
916.51611328125 10.9027608456902
931.442016601563 48.5612413995536
939.991271972656 9.06374461978278
956.538208007813 9.29316891324663
958.045715332031 9.44216118843782
958.484680175781 9.97279573971633
974.474731445313 14.1098803198184
984.515625 12.9666744627016
985.041442871094 12.7963918503786
1002.47473144531 62.0282770880413
1012.58343505859 9.83025688362626
1017.59283447266 21.7784221858621
1069.60363769531 9.38548672252946
1087.56921386719 20.6880667112551
1097.53271484375 13.3163994939133
1098.13903808594 12.2921388425361
1104.62463378906 33.2325380486945
1115.5625 61.4305130820708
1203.68286132813 13.5629780482826
1226.64611816406 10.5786581976358
1243.61364746094 47.2331095322596
1260.65478515625 23.0988604569966
1261.60559082031 46.1694816659385
1265.71740722656 10.1722404396935
1372.02221679688 13.5357484900794
1390.00830078125 22.590335752919
1395.08374023438 13.985175383528
1397.18725585938 23.6643170600368
1399.15100097656 19.3711198202465
1402.33532714844 64.7517424298381
1404.35241699219 97.4569711784366
1404.57470703125 91.6010310363072
1407.017578125 40.4382139469283
1408.91345214844 33.6531845502114
1410.62707519531 24.665974822014
1411.27087402344 21.6514065874856
