1438.6072 80 1
99.9500503540039 6.09117183978921
112.106819152832 10.3871372803803
129.127059936523 7.82432364808576
154.408050537109 6.08550972182568
154.534225463867 5.76089928137707
159.097274780273 8.1214342965026
175.133438110352 25.2457782269896
200.114486694336 7.07123704584169
229.137268066406 7.28219821314128
246.171035766602 10.6058455223305
330.201629638672 7.57798229538139
336.126525878906 8.17269601860738
347.211700439453 7.75360233023531
358.188934326172 7.35571742862461
369.211761474609 6.9156863042242
386.197601318359 7.28455294946531
387.203491210938 7.70110999103434
404.232696533203 8.89783989195312
407.154815673828 8.14693834765907
430.195465087891 8.1683099673045
458.250854492188 7.87293560447149
468.528015136719 6.13480106503435
468.691162109375 5.97311833551153
475.273803710938 12.3240262440913
477.212066650391 7.34783097530968
492.282684326172 7.24091362431696
522.1962890625 7.91153923009793
541.725158691406 7.10023061355898
552.269897460938 7.22205351393768
562.205749511719 7.6677066933522
568.295288085938 7.3612622754897
579.230834960938 8.59897545145355
586.296142578125 9.41964263831162
603.334594726563 9.55531059823872
605.347045898438 8.43378098558285
617.355651855469 7.47587463052085
640.327880859375 7.43403757699066
657.366149902344 9.06824411234446
674.377685546875 8.69541022512047
723.46044921875 7.74070856934862
737.307556152344 8.39694237415381
765.298767089844 10.2227736998808
824.455749511719 8.28230712600871
836.330383300781 10.9371492808609
861.424194335938 7.79066156843902
888.611328125 8.23891681958519
900.521118164063 7.95431613573286
906.496215820313 7.74478309474788
917.479736328125 100
936.442932128906 8.04601203481125
937.600952148438 8.01650325980885
964.380554199219 7.82251150100668
1008.63311767578 8.07006888205814
1014.49731445313 7.68261415049768
1015.51025390625 8.20579048369343
1032.52026367188 7.82404511519932
1035.45703125 8.38729045775688
1225.76708984375 8.57952146676522
1323.56665039063 31.8989705155186
1377.69555664063 13.4072565748709
1395.61877441406 9.15801137879336
1439.07604980469 21.6867815142073
1440.93518066406 16.2939821831962
1451.16979980469 14.3673452945754
1452.27404785156 15.0173292792711
1455.33459472656 13.3554216271481
1455.65478515625 15.2870043261521
1456.18725585938 14.2530700518693
1457.03173828125 14.1514214837205
1460.03894042969 11.4098514599603
