1004.5735 80 1
70.0755310058594 3.52315291458407
72.0898590087891 3.45111867118671
86.1005477905273 12.8661054805374
101.074996948242 14.9403778044179
112.093322753906 24.2550122349686
120.083557128906 9.89097759191668
129.111389160156 9.1414252899755
131.119766235352 2.44169021188834
136.082733154297 5.34984317609966
147.078735351563 3.61736866457275
157.113296508789 6.62480757106202
158.100357055664 14.0461846488494
173.13298034668 7.10994285628722
175.12336730957 100
185.13899230957 2.40116206445139
190.120483398438 2.35850013942422
193.100814819336 2.60692759159393
201.124786376953 20.545788329764
213.165542602539 2.36003379982966
214.139877319336 4.7878806681305
215.111618041992 13.8222424839902
221.096481323242 3.83264973406544
232.140014648438 14.0391878669147
240.102340698242 6.24784131223884
242.153305053711 68.6738720430139
256.168823242188 2.46485148260448
258.113098144531 26.4705718613815
264.136199951172 8.40928957964471
270.185272216797 6.74443561354071
283.149932861328 7.36667276766354
292.133850097656 10.3602058746974
311.141723632813 5.38289197558401
313.183746337891 3.02651973185641
319.199249267578 2.50890418957689
321.155181884766 6.91782545713578
330.174438476563 26.8095401314025
337.195892333984 4.07125339750923
338.190826416016 9.78547833593245
341.233215332031 7.44546245257381
347.200042724609 16.0224260625108
349.185882568359 3.28516132895655
355.233367919922 58.0209009927633
362.18701171875 27.7690261116647
369.244415283203 4.00207565473292
371.202697753906 6.4976926419647
376.145385742188 3.16451406445479
378.172515869141 23.2720704440669
379.205841064453 20.8396764923797
381.202972412109 5.69517202744519
395.203002929688 12.1842792231626
398.247497558594 9.55762256997163
403.172332763672 4.87219788950691
404.160827636719 6.39752837127773
412.271820068359 4.37828787354274
421.172576904297 10.7439046192448
426.2900390625 5.21443847956297
439.207946777344 5.38944032757427
440.224822998047 5.70884985314054
448.225311279297 4.58371958799109
454.2978515625 5.65256645845759
458.230529785156 49.6490284301825
476.241424560547 3.63751718251568
477.248962402344 10.5793138072798
494.265716552734 10.669450513263
497.294891357422 6.47424736717931
500.255920410156 3.42864623817009
511.323455810547 15.4096617660003
525.250915527344 21.1277448141941
534.258178710938 20.8540616638206
542.274719238281 22.8093604804683
551.28271484375 12.7342216714536
562.246032714844 4.40222461686146
576.2744140625 7.45967344497573
593.301574707031 14.9098200782681
603.317199707031 4.41756002110326
610.388671875 5.67770058190429
621.293701171875 29.8309183946047
633.327392578125 11.615100330066
636.279479980469 3.93581255661915
650.347412109375 7.23674234716356
653.317993164063 7.57613190136984
670.33349609375 56.3983688212293
746.412902832031 3.69860956654408
763.400085449219 6.46615305670487
799.383178710938 6.84008187754876
849.435852050781 5.10861605219086
912.400329589844 3.84220444607762
918.562316894531 14.8406675315556
999.657470703125 10.7646912968668
1004.86181640625 36.0665821342727
1006.81414794922 19.7390990789855
1008.07727050781 6.31911730221858
1008.74157714844 6.98157341067549
1011.90771484375 15.2656291423529
1014.02020263672 27.3030786038482
1016.83129882813 8.90928615567961
1018.24884033203 6.62932524029366
1019.43096923828 4.31717260402711
