1438.6053 80 1
70.0732421875 .653198691378137
101.078758239746 .907198324627985
112.096206665039 5.19688550755939
129.11962890625 2.73889327120661
136.086456298828 1.81000606283765
157.118255615234 .896481895711492
158.105087280273 1.3372769666541
159.10173034668 2.54525129773287
173.092666625977 .399850872612545
175.124908447266 26.8620902200627
200.108978271484 1.91967087525044
229.134872436523 1.91256462705149
244.111785888672 1.46425123678729
246.15885925293 5.97303616334227
256.130065917969 .471257509930439
257.129730224609 .717987833238307
271.143096923828 1.34773163816207
283.136749267578 .450052005303495
301.139831542969 .783023498709165
311.139526367188 .354931922183928
313.131988525391 .51267679825406
314.1357421875 .496023014246703
315.142883300781 1.27100817464566
323.139038085938 .53023196987943
328.160491943359 .617336479717029
329.188415527344 1.28716224034085
330.177612304688 1.82935188898479
332.162811279297 .654019934711132
336.120758056641 2.6765111771817
341.143280029297 1.37488593462769
347.204162597656 2.83325344067427
358.175231933594 1.01466299941481
359.13818359375 2.3374838118106
362.201843261719 .62069002931992
369.181396484375 1.15092671649512
384.178771972656 .624114319014804
386.188140869141 1.67668475001034
387.197021484375 2.52010001976703
394.163452148438 .631066490993386
402.174560546875 1.3112769899754
404.222564697266 6.57106745142707
407.159820556641 2.27283956582133
411.195831298828 .767616484642552
412.175842285156 1.04324173681089
414.190948486328 .600871531242373
415.226104736328 .569781622830075
429.207672119141 1.13900414524404
430.170379638672 2.6464082530594
433.244293212891 .820457260735717
440.217468261719 1.00509935792408
443.205322265625 1.03170880811042
458.232177734375 3.36726913497259
475.255065917969 9.07035333630573
485.245422363281 .737559666766628
486.237060546875 .787951306908227
500.238708496094 .765255366189617
501.2080078125 1.60478568449524
504.177001953125 .80490225567737
514.232604980469 1.13228848471296
522.175354003906 1.81350897136514
548.208557128906 .968426155517731
551.212219238281 1.43367294632136
558.237365722656 1.04231819697093
561.197387695313 2.06092009689829
565.213012695313 .633969896723918
568.274780273438 1.55870895230415
579.198669433594 4.64790101303411
586.287536621094 5.12142978342736
603.306274414063 5.51136970882992
629.258422851563 1.27436927689608
632.28955078125 .912552094686163
639.310729980469 .835546516433015
640.292663574219 1.86371343407448
650.217346191406 .974884136185628
657.322814941406 4.23579305845967
663.232482910156 1.27664797117589
674.339599609375 5.49244675909332
700.298461914063 .917918503614985
707.251403808594 .827220033427446
719.260375976563 1.43597989463275
721.268005371094 .893801377369802
737.277709960938 4.34460203127368
747.266784667969 1.39784194840113
765.269775390625 6.44573400433242
808.330322265625 1.10540315977454
818.298034667969 1.36655054209573
836.299987792969 6.51572845960916
843.391540527344 1.07802662810625
860.417663574219 2.92159292583145
873.439086914063 1.45128040338077
899.438415527344 .937123993667446
900.403259277344 1.93263545209128
900.966796875 1.11123566073851
915.419799804688 1.6960686019277
917.437072753906 100
946.356201171875 .836010928259705
964.354370117188 2.02235685895649
1014.43975830078 1.34771703029714
1015.42541503906 3.08894075902649
1032.45947265625 3.48963943497766
1035.40478515625 2.05201408567913
1103.47875976563 1.61621242291619
1266.5224609375 1.55938241743496
1323.47119140625 34.693553041588
1377.55847167969 1.71167605823012
1394.50756835938 1.86192754935499
1438.92492675781 19.9797874106883
1442.95263671875 4.98671807599875
1451.10778808594 2.45144473484185
1455.47314453125 8.77803044890027
1457.09313964844 7.32668867369502
1458.96472167969 6.89974266564073
