1228.5839 80 1
70.0777816772461 1.90939485579934
86.1083602905273 1.14907317570796
104.062713623047 3.75429836190539
110.08667755127 7.42026100193544
112.100471496582 8.28755285880496
129.12922668457 3.70292113664889
136.092269897461 1.10267437022749
155.102890014648 .718539167227706
157.138305664063 2.41005505356428
158.108795166016 2.68987366141689
175.13102722168 29.9738872713556
181.123352050781 2.5831989199069
185.139953613281 6.4825073027265
201.134094238281 1.12721663580674
209.116928100586 11.4834337756546
212.153228759766 1.26067763585226
216.11344909668 .698404425039461
217.112670898438 .886095466855647
226.140289306641 1.10050328076761
233.118804931641 .659502873595021
245.102661132813 1.12654921565602
250.180618286133 1.30044833775212
252.153106689453 .772231168098078
255.155883789063 6.89041599284681
261.106475830078 5.87297217780825
265.130615234375 .690356407765257
269.172241210938 1.09724508761307
271.185424804688 4.01832247159466
272.184997558594 10.73239671815
279.106048583984 1.23012819008022
288.212921142578 4.93417270835482
293.119598388672 .738254651656674
298.195251464844 .782771381142596
306.146453857422 1.63596541626677
312.177856445313 9.4043609514313
314.147369384766 1.91894023645797
316.1845703125 6.21215805949636
324.142395019531 5.89342428586953
329.203216552734 20.0789301193143
331.153045654297 2.15869196875651
332.130157470703 2.10988355086605
341.171295166016 1.15373971899927
358.215423583984 3.07023005250001
375.245941162109 13.1054787014027
384.170471191406 1.31149445303956
390.135650634766 1.05756948121391
402.174987792969 2.41401353582846
408.148590087891 2.71183757450815
410.182769775391 1.53263073983399
412.231994628906 1.35890267537797
417.234954833984 1.81738468775637
424.168640136719 1.68277508777593
427.204071044922 1.32093204011317
430.229400634766 1.32313061963207
438.185455322266 7.83578254932205
445.222869873047 7.74174355509787
459.245941162109 6.38622301124367
476.272857666016 18.524506610264
479.186340332031 1.47823903463418
486.267883300781 2.19044131882026
487.264404296875 2.65321435667265
495.195373535156 4.43801608345482
497.227630615234 1.55288826969494
504.290313720703 43.519171905741
511.238220214844 3.91770696918935
512.216735839844 1.82995714942841
514.274658203125 1.3877944929582
515.26318359375 1.33778586895399
521.216125488281 8.53744570378914
527.248168945313 1.67363700517831
535.297424316406 1.51565267888643
537.21044921875 1.35458825869603
539.223693847656 19.6465540963253
545.263366699219 1.83908322382066
559.314514160156 1.40963876594944
560.296264648438 3.87174361206462
577.313110351563 14.6658575473211
580.287841796875 3.104781992657
584.278564453125 1.28464233801326
598.294799804688 1.32509614942015
602.290954589844 3.79809448588573
606.289916992188 2.46659891158592
608.2763671875 4.00019881276352
616.30126953125 1.66347271687189
619.305541992188 4.68995659693886
624.318115234375 9.5783551474694
634.302612304688 5.08421042688245
634.911437988281 2.79708063375295
652.309448242188 13.8542752045664
690.396911621094 12.1215896496248
709.349243164063 1.79822358034551
723.303344726563 2.27194124582503
725.358520507813 3.36907625462907
735.350219726563 9.98700640603823
735.964965820313 3.74700815239779
753.355712890625 10.3218318216249
765.355041503906 2.87899841181071
773.432495117188 1.94786789540522
782.376098632813 13.28962067177
791.443176269531 12.0556805555838
854.398376464844 2.01437619242665
861.450744628906 3.66489134426463
872.420288085938 4.41626316552689
882.408813476563 3.50678954452379
883.003234863281 2.21548215667865
887.488830566406 1.68908718907236
888.455505371094 8.81772282243501
900.421325683594 6.73763630733817
905.482055664063 100
911.421020507813 2.5942497996708
957.433471679688 6.47032576526991
1003.49035644531 5.02590060811604
1020.50372314453 10.4347217579984
1042.43859863281 2.14064131852051
1054.48291015625 2.06365683245439
1072.48840332031 4.90850408065724
1091.50964355469 3.89261270883022
1158.48425292969 2.91899940392562
1184.49719238281 7.04054542215658
1211.65283203125 4.2931482314999
1226.86303710938 13.3187211453928
1228.88916015625 48.6444129690626
1237.06860351563 2.68353820125059
1239.06616210938 3.86639894741444
1241.24169921875 20.6746557649374
1245.31945800781 8.53540978479004
1247.00793457031 5.27196080906719
