1228.5859 80 1
70.0846633911133 6.50117688850739
86.1178894042969 6.36618487055091
99.9528350830078 5.41455437163055
104.07544708252 7.0540147473805
110.095993041992 11.0761137674385
112.10440826416 11.1344985472665
129.129043579102 7.55314063332663
154.315017700195 5.45877945649882
158.114334106445 6.38636961002697
175.142929077148 29.2265181633171
181.126449584961 7.43899084197075
185.148696899414 7.99564156913653
209.125717163086 16.3144210609779
255.171691894531 10.2134729887463
261.115356445313 8.22291122314195
272.197509765625 18.5317434706899
288.211730957031 7.90225016180752
312.194244384766 12.0673946007611
314.17529296875 6.64219961731675
316.187561035156 7.8889517500106
324.153381347656 9.74769743130172
329.217712402344 21.0906149792278
331.161254882813 7.40917957285272
341.188812255859 6.73269197317898
358.222320556641 7.43996679642001
375.261444091797 16.6065412650675
408.171142578125 7.29027658944775
438.202667236328 16.5781750078215
445.250122070313 9.94096560829487
459.264953613281 10.5799282299886
476.285461425781 24.5197239990829
486.295227050781 7.20209264149169
495.217681884766 8.84289872416381
504.309844970703 33.4737201839289
511.262084960938 9.26141204032373
521.241088867188 11.1406158858416
539.25146484375 20.1801483988585
560.32373046875 7.5345381463158
577.346923828125 19.6948287821318
580.336547851563 7.48557273870528
602.306579589844 9.40868531463803
608.321838378906 9.25881051954813
619.327758789063 7.67146737911149
624.347229003906 15.2204919471177
634.334106445313 10.5724989904317
634.932739257813 7.77712016260043
652.339050292969 17.3066960962744
690.435302734375 16.7204219534548
692.471557617188 7.18101943964503
735.38134765625 12.5476963402918
753.396545410156 13.6372264561601
773.489990234375 8.11005623771845
782.427551269531 14.1192561402344
791.480773925781 14.776679110326
872.469543457031 8.96698112337755
874.445678710938 8.33308516699827
883.443481445313 8.86680759133904
888.5107421875 11.2957071680272
900.484680175781 11.7921965747821
905.534484863281 100
911.442199707031 8.53409951423937
957.488586425781 12.4528207369326
1003.55065917969 10.3589945006955
1020.57800292969 14.3866711167577
1072.56701660156 10.8031765137224
1090.78796386719 9.24850547010848
1091.59167480469 10.6048996793353
1158.64880371094 9.98912024957389
1184.59704589844 13.2718522366932
1186.5234375 13.8805420229352
1211.73034667969 11.9799294131965
1226.91296386719 22.218972754256
1229.00134277344 78.1019193783641
1231.45886230469 21.883693120737
1233.29809570313 10.8625368638414
1237.18188476563 10.1481664426255
1239.25537109375 17.1864187861455
1241.26330566406 43.4280744812478
1243.60668945313 22.9657140920984
1245.18579101563 16.284177805724
1245.51953125 16.17449481632
1247.4951171875 13.815802878791
1248.30432128906 11.7486758443648
