2259.1902 80 1
70.0787124633789 3.84471271730406
72.0877151489258 1.65540479493908
76.2852172851563 34.2131629862427
86.1144561767578 2.97925811079962
112.098419189453 5.09644245203307
120.098136901855 1.17075562425778
129.126342773438 1.66339237587689
147.116241455078 1.19511770988528
158.111999511719 1.34818749535046
175.133193969727 8.68324124299064
185.142013549805 1.56242599335426
186.138336181641 1.59596275201784
199.118072509766 2.14697614393243
214.142364501953 1.9442331767315
217.103790283203 3.09832078881367
219.124328613281 1.69328551576214
229.139511108398 1.6115852655303
239.161346435547 1.99270191590166
243.142333984375 3.93677098096993
244.108917236328 3.64829380052177
246.180923461914 1.6721365894598
277.129577636719 2.40306344628412
280.166381835938 1.61265702079256
284.195281982422 1.65743696899846
298.167907714844 1.36350621057313
300.169830322266 2.35690644705655
312.177307128906 1.43574488818303
314.181732177734 5.29573847807007
330.164703369141 5.64151200175424
338.183990478516 4.68455422729131
343.175750732422 2.2530682296745
348.171936035156 4.68927289395916
353.186981201172 4.37041914548447
357.190826416016 4.62344845892758
370.225128173828 2.26026278005318
375.222381591797 2.53438407467509
376.204376220703 2.31787078960085
377.222595214844 1.57233327072501
410.207855224609 1.89511690692969
413.236724853516 2.00553786776746
414.244110107422 1.82700287065651
417.166107177734 3.05443161789456
419.228271484375 1.81812668253027
427.2197265625 10.1309984701605
431.219696044922 1.65427828500391
437.228240966797 1.81388854079307
441.202331542969 2.15841941694393
447.225189208984 4.6587097453454
456.208892822266 1.72576343039585
459.204681396484 12.0440381942802
461.232360839844 1.80784878028124
467.223175048828 2.29031158798275
474.290466308594 4.0129523195193
477.196136474609 3.5095597389335
482.224853515625 2.80313391594789
483.242584228516 2.00954350957329
484.224487304688 1.71115707958918
485.236999511719 1.91677410606841
499.267211914063 3.11421616399425
502.237762451172 3.47684307764981
512.233032226563 3.32696413623124
518.248962402344 3.26699736206705
526.256042480469 3.61776072054767
527.263000488281 5.60477212346229
530.242553710938 16.8046955064403
534.314697265625 1.96066112021848
542.285888671875 2.53237264962818
564.232788085938 2.75811812616588
566.257202148438 2.08871205464628
577.299560546875 2.53899301557493
590.269958496094 2.64027910900865
595.312622070313 2.27485439924445
596.285583496094 4.5012545157483
613.311401367188 3.4773191858477
628.374755859375 2.28656645544057
631.288940429688 2.55227075079128
643.249694824219 2.61606143403132
649.342468261719 3.81262719016229
659.290344238281 4.10744090070701
672.383911132813 27.1515746277703
677.317993164063 8.66738918091496
683.379455566406 3.04678337779123
689.338806152344 2.77993243807459
760.362731933594 2.21850708942132
761.344604492188 2.44208013884888
786.453552246094 2.72934759316328
788.357299804688 2.94084834978198
806.340637207031 15.4637615704859
811.446166992188 23.1868164853338
821.461242675781 2.43269954883377
828.486999511719 11.6422879994105
877.418151855469 2.4641149296541
905.414611816406 7.0824489129446
910.505493164063 4.64926127615595
927.53076171875 16.5673342153683
936.441528320313 17.9464607173282
976.447631835938 5.2355954382013
1002.39520263672 14.8630127520914
1004.39807128906 6.19700882001297
1007.53869628906 2.78398434779329
1024.56494140625 17.1773283240724
1041.57446289063 33.2092956022068
1153.61657714844 3.21970429019629
1170.62487792969 6.14917187084433
1267.68005371094 2.4812052179439
1283.69934082031 4.80191449446655
1337.70422363281 4.03811667048414
1354.71801757813 6.88436537407263
1422.60571289063 2.13269816321802
1453.79907226563 21.4157127751841
1559.7294921875 2.77468460737852
1560.70666503906 2.92042611131872
1565.83752441406 3.30508220198832
1582.86071777344 2.90607814167186
1587.74829101563 10.4727971911988
1648.73486328125 2.5162854687692
1729.89672851563 2.72972547836135
1800.91345214844 17.2522284798977
1857.86474609375 3.36001590048745
1901.84936523438 11.2681227268622
2013.87939453125 6.65676723637308
2042.94250488281 10.5185879685216
2130.81762695313 24.2677737706675
2243.40478515625 15.6456380575462
2244.2802734375 17.9275588989871
2245.89990234375 17.1908334178313
2259.63232421875 100
2263.51220703125 72.1302111656683
