1838.9465 80 1
70.0793380737305 5.61844936455835
101.077270507813 4.42002560661913
112.102157592773 28.1065481888231
129.128890991211 11.1943144693687
157.126831054688 3.35151749135375
158.112091064453 4.28820009861302
175.131637573242 86.6229489707501
201.130996704102 3.22568113511167
232.142501831055 8.32090973737261
242.134384155273 3.01533087475696
247.148651123047 7.96236556150052
255.148422241211 4.9063200346333
257.132537841797 3.30569767735501
260.113006591797 8.18122977243583
269.164581298828 3.57702243051639
272.176483154297 11.8453544832893
285.165649414063 3.21318883823038
286.173034667969 11.5578311822573
288.113800048828 4.58017776879173
289.142547607422 3.89498827383727
303.193267822266 8.19265995073935
314.1767578125 4.20016213476966
322.147003173828 3.86639955279584
329.17578125 3.91035434952563
332.184692382813 3.47258298291535
340.143829345703 5.43134006956192
343.191741943359 3.63654120860906
344.186889648438 5.5049619801279
357.202484130859 9.00311558856034
367.180358886719 4.56970830509974
371.233673095703 4.76543633744095
374.214202880859 14.3031593140785
379.214416503906 4.76637843466814
385.162628173828 5.92813792519905
389.165802001953 9.16704704776549
390.202941894531 4.21274020917004
401.237640380859 4.6168737049466
415.216583251953 5.21671930272519
429.240936279297 4.60341288822736
434.231506347656 3.88194740389059
435.230346679688 4.0742135823963
458.216979980469 8.39584554104867
470.256744384766 6.03653281523963
473.314575195313 4.56975150574845
476.199310302734 18.9005964697734
484.256774902344 5.25962907880148
487.299346923828 20.9521177048208
491.23583984375 4.86494113856112
500.277435302734 7.80239607041602
506.255065917969 7.64190206171806
511.281311035156 4.59441039125097
525.259887695313 5.30025467455778
536.247436523438 5.185200007059
544.277160644531 6.52839950315972
553.264221191406 6.20231051438622
557.248779296875 5.28757054184506
561.270568847656 6.82339464508443
571.298400878906 26.5740173153395
588.345458984375 45.3325697962284
589.320251464844 25.8860185946391
597.311279296875 4.70894578727209
600.289184570313 5.63329069871281
685.352844238281 5.43248583041754
688.356567382813 15.0160211357138
701.385314941406 4.90142996431236
713.329772949219 9.10064859435498
717.388427734375 10.9231491955366
751.4208984375 5.7282461084523
816.421081542969 12.4205030011377
830.460266113281 9.15753999408256
879.455932617188 9.1758419065258
901.480407714844 7.94216457988863
955.48095703125 6.90461864625907
959.499389648438 15.5709023595143
988.541870117188 9.5488976297416
1003.48205566406 6.27614955579509
1088.58129882813 5.62265300680047
1151.56909179688 6.97936584495563
1230.56420898438 4.75722498333315
1250.66687011719 5.77047887710215
1363.74670410156 5.77378125560697
1450.76440429688 20.4769951468996
1742.86767578125 18.9991847965613
1839.34252929688 67.2606384263714
1847.47436523438 46.4737266558729
1849.39074707031 100
1852.42468261719 75.2728195339933
1855.57177734375 39.7121915650899
1863.72375488281 38.0296795551752
1864.94921875 60.5067887965715
1870.31677246094 60.449131461018
1872.74426269531 58.8674261256048
