1742.9506 80 1
70.0768508911133 4.34290687155878
112.105506896973 3.91426748906961
129.116714477539 4.84497288073903
175.132675170898 7.6669256731837
191.130447387695 7.01839109650708
197.14518737793 2.08967154432776
211.146133422852 2.39528615173783
232.156051635742 3.30217338571852
247.143295288086 2.77393286843815
276.206298828125 2.06167697391146
312.202606201172 3.76638387062386
326.198913574219 3.57669512104573
333.205413818359 4.08481645815507
341.194976806641 10.4944676138226
354.233551025391 5.12307363424179
371.232879638672 4.0280030116511
377.205352783203 3.55424344179305
404.2041015625 3.60965843267261
438.251068115234 3.14003976321833
470.322021484375 6.32827282685816
488.278625488281 3.87553297905988
503.226318359375 2.96607219743199
505.225036621094 5.14530610723689
527.3388671875 9.45368401697307
551.375427246094 4.16453675272125
564.316711425781 4.99473494386038
566.393005371094 3.82838511910443
569.366027832031 4.26459324515146
571.382568359375 11.0958763957324
608.375122070313 3.07965700313566
609.371765136719 4.87036206871575
626.404663085938 28.3117368743361
652.363647460938 3.34229807690692
693.3525390625 3.5373503822707
699.451904296875 11.5690824197193
792.423645019531 3.77900228584854
879.470764160156 3.40850708999929
895.333862304688 3.06042824371725
934.545227050781 3.81867504928417
951.564208984375 5.21434607660401
1139.72595214844 5.11010452862821
1265.60473632813 7.57566444914971
1267.81579589844 30.6556057192747
1372.68920898438 6.07244868291893
1586.72924804688 100
1654.79748535156 24.4280726875239
1700.87976074219 11.5925764222039
1726.13232421875 15.9446383535094
1728.02856445313 20.9518003323724
1743.31494140625 20.9306969977349
1754.37353515625 13.7316561462753
1756.43566894531 25.3799242131151
1759.70764160156 19.460762569116
1764.48522949219 12.1875149280536
