1687.99 80 1
86.084 4.808
112.082 14.024
129.112 6.857
169.088 5.048
175.11 100
214.114 5.37
256.128 6.608
273.111 6.495
290.149 6.519
300.137 5.266
361.18 5.308
384.175 9.787
403.225 7.06
497.279 6.256
531.272 6.86
534.218 5.876
612.298 9.219
618.304 7.846
676.302 13.884
744.39 6.411
769.376 28.518
786.395 22.424
789.377 15.872
899.484 8.355
902.451 6.803
1012.563 13.477
1198.642 23.013
1670.338 14.162
1670.587 17.837
1671.539 23.246
1672.721 19.691
1688.356 26.087
1689.153 53.848
1690.036 66.126
