1838.9584 80 1
70.0786819458008 3.15120805559434
86.1071319580078 2.18910309389507
101.088386535645 1.82134891647299
112.101051330566 20.4221780940028
129.127365112305 8.61972082577489
157.121505737305 2.03477879413691
158.104400634766 3.60725255391735
175.13053894043 100
185.139877319336 1.88371341823358
189.108383178711 1.64125442623733
200.117874145508 3.2816101218027
201.114334106445 3.62102831363851
213.170791625977 2.09934902876645
215.15087890625 1.69881855783711
231.114547729492 2.04151780114065
242.121124267578 2.49904166062241
243.149520874023 3.69077877387453
251.111373901367 1.38709409871139
255.155883789063 3.8123309128735
260.127075195313 3.43313848461632
263.137115478516 1.48922570767382
268.147613525391 2.07725740559865
269.133697509766 2.06752371174747
270.127227783203 1.63119933104242
272.181640625 10.0426801264572
286.161682128906 13.022209666732
288.137298583984 3.55594143510009
300.195281982422 4.23215717998836
303.186584472656 15.8856544737879
313.167877197266 2.01641441948536
314.185119628906 2.44733610719719
322.149200439453 4.09985711944461
326.171417236328 3.25969509343434
330.173431396484 2.69192457323869
332.18994140625 1.92048986366469
340.166107177734 5.5039368173305
344.193969726563 4.93641872465425
350.185943603516 2.53810646639344
357.198852539063 10.5974525308341
359.197601318359 1.94277807643526
371.210144042969 5.52201054341558
374.219085693359 20.1853489312006
376.215423583984 2.54887550985466
383.194702148438 2.812700030505
385.192047119141 1.89055482071446
389.175476074219 12.5657735653291
397.2080078125 3.2828233078693
401.210052490234 5.25690155366696
403.203002929688 2.44229858968863
415.225006103516 5.84704474680839
421.221435546875 2.98814279205777
429.242370605469 3.26493534468666
435.228454589844 3.4610177648861
440.218048095703 2.77762251107401
442.228363037109 3.48794194966479
458.198486328125 17.8438150967385
463.249603271484 2.45678065529938
470.254333496094 4.46216658454685
476.204010009766 32.8208193501665
484.243438720703 6.75342615261922
487.296905517578 24.6973939913281
497.282165527344 3.17818861435566
499.29638671875 3.21230235127744
500.280548095703 5.43069979304517
502.248779296875 6.54303632352373
510.289825439453 3.14981886577541
528.289123535156 3.292073002856
534.299560546875 3.64010511541184
543.271423339844 5.09210152559873
544.291564941406 5.61502739482323
545.292114257813 3.38571487971991
553.271118164063 6.35878371600345
561.284606933594 12.4389285031577
564.280029296875 3.95375980155889
571.281860351563 25.5338613222313
575.246826171875 2.78825395510039
588.344482421875 75.2913672797663
597.314392089844 3.29697519348299
599.332092285156 3.36736481848853
615.324768066406 3.4347199617648
630.33251953125 2.84139526735944
647.310180664063 4.24325156510743
652.329406738281 2.64826401415422
660.3291015625 2.92899391193243
663.337341308594 3.88944353850208
665.324523925781 4.21860909711576
670.337341308594 4.94131820287895
670.9873046875 3.75677906304594
686.3427734375 2.69505324680272
688.349914550781 20.393409099966
699.373718261719 3.37021811907599
700.3681640625 3.35255810764753
717.386596679688 10.7154955818486
729.412536621094 2.70097815970748
736.342712402344 2.4984864428709
746.356750488281 2.98122748577814
813.44482421875 2.70635886941325
816.450256347656 7.86379465196961
830.46630859375 11.65962746958
832.457275390625 2.59171394530466
833.396301269531 2.7055693770779
851.406188964844 5.95154143769226
899.413024902344 2.29685987240097
901.500610351563 13.9661120082565
913.474060058594 2.57746115099515
920.456359863281 2.6566852168592
931.48193359375 2.3449341606131
938.439636230469 4.22197159625109
971.502990722656 2.67541875312714
988.5263671875 11.4320437957082
991.457885742188 3.67922136519107
1009.46643066406 2.59277288181835
1093.55639648438 2.89982121896766
1134.54907226563 2.40985880817161
1151.58471679688 9.27653904564668
1190.56616210938 1.81307473788444
1250.63806152344 7.36465633085983
1354.64782714844 3.42481621128658
1363.72082519531 5.19098845540009
1450.74743652344 25.4545257546409
1579.78698730469 2.86732858226017
1650.75866699219 4.54708302980086
1742.91613769531 18.5328372657448
1780.73217773438 7.57503201147853
1794.85034179688 8.16189118188047
1839.33996582031 77.5849098475187
1845.36206054688 16.0545918316929
1847.33532714844 14.8647175431817
1849.44909667969 15.8796474557329
1853.40197753906 17.676746217467
1855.57043457031 21.5520612190075
