844.4968 80 1
70.0777206420898 .968098223508865
72.0925216674805 2.41681721192225
86.1087875366211 2.46655212002253
112.09838104248 5.07319573744028
115.102233886719 .81569996013098
129.119430541992 1.8809159091883
130.093276977539 .948091465363722
143.09733581543 .809881997325168
158.101547241211 4.80673540728876
159.104461669922 4.39356384141127
175.128036499023 44.0965149357034
185.135513305664 .847301788986541
201.101898193359 1.56446623371087
211.137069702148 .716621029375274
213.164627075195 1.29442456458984
215.148406982422 .874196277477971
229.136199951172 12.5812687665943
243.1376953125 .627519902361682
246.165161132813 6.51577901760267
256.171630859375 2.09079499210544
258.156829833984 .978563396337127
272.182891845703 21.0682081419334
283.15625 1.80933015288445
288.206481933594 5.29597481686511
291.012725830078 .565366438015926
298.192108154297 .848072260885657
300.175567626953 45.9308750425165
315.162506103516 .679041601100986
317.199890136719 24.4719056305461
327.203491210938 .869388590504438
329.165161132813 .706392567871063
339.211151123047 .899615967193586
342.208251953125 2.61060869160694
343.202087402344 1.25440866900759
356.236419677734 1.33504493793841
357.220153808594 2.98550671517666
371.207397460938 3.42632486573648
373.219909667969 .913060488720118
382.202789306641 1.34618083823013
387.193237304688 1.53666666161343
399.24658203125 8.36663021698945
404.217346191406 .973387783556993
410.237976074219 1.12848011111647
411.212188720703 1.1859415434838
413.252716064453 1.86433784955313
415.204132080078 .925411072251769
417.243316650391 .666908208231763
429.224487304688 6.0701647248691
444.210205078125 1.21597333131754
446.2431640625 4.28797013932398
456.242553710938 1.08321609374311
458.247741699219 2.10817795574635
471.253143310547 1.55507038032114
473.252532958984 .778927716948327
484.267669677734 .956112637243526
486.259796142578 1.56454485972507
488.293090820313 1.25005624302788
500.269195556641 2.24153343411955
510.262817382813 1.01273362324065
511.268432617188 1.47116428089844
516.289001464844 .78253321343492
528.285339355469 12.7997021368641
545.310852050781 4.05676647042145
555.313049316406 1.18464703929114
557.29443359375 3.35072648468767
571.320495605469 1.38855003234034
572.304321289063 1.50652834548042
599.313049316406 2.85936480783299
658.383361816406 3.53613559291966
714.386535644531 2.09178518685463
788.483581542969 2.24907535920206
800.43798828125 1.61040971477149
827.399047851563 1.87310727759008
832.579467773438 6.79927142757595
832.73681640625 4.74255783704201
844.711853027344 44.9553538749893
846.71826171875 17.5935977320884
847.746643066406 11.0982181028506
850.900451660156 100
852.541870117188 24.3160537690091
853.1357421875 16.8144538535832
853.3193359375 15.9512516386051
855.206359863281 7.19678498473502
