1892.9170 80 1
70.0800933837891 8.32544357086008
86.1193618774414 6.80994038446215
101.090919494629 8.39629313447846
104.073081970215 5.26389553830076
112.106887817383 25.4561489950172
129.134429931641 12.65032586382
149.095428466797 4.79235409042556
158.106857299805 6.71495688511336
169.118347167969 6.04450604853444
175.136810302734 83.4001341013318
219.166198730469 6.81115256911467
226.141235351563 5.57211270047741
228.151885986328 5.07477154054285
232.153518676758 4.97365578915713
247.16242980957 23.8989779387571
256.145965576172 8.66848265860771
257.143951416016 6.96382607998533
260.122344970703 16.2567801573177
271.147583007813 4.87039019660346
272.187957763672 5.69597828576282
279.127227783203 5.07495262663721
284.213409423828 5.52857154013942
289.152099609375 9.65139478685414
297.179626464844 6.72457372980604
301.200073242188 5.5991361931715
306.175354003906 12.189665492373
317.159027099609 5.05827153654628
327.178527832031 5.18813521105114
329.199615478516 8.1964452802373
345.137390136719 5.47508385863762
355.229583740234 5.56384233809175
357.191680908203 6.57396538246575
359.202392578125 5.46009672580916
360.189300537109 6.21483727390518
367.185852050781 8.51659632615768
370.227111816406 6.06772605906187
377.213592529297 12.6748999075266
378.206848144531 13.0193938865313
385.197692871094 13.9872927235708
387.17919921875 5.72152801001953
388.189880371094 5.57599425326853
395.218688964844 10.4235553318148
400.230743408203 6.06112767550727
407.19873046875 10.3946136479231
411.195434570313 5.75129651441063
412.267181396484 6.07755621589251
414.216217041016 5.89514979759941
417.209655761719 6.12210878858629
427.243377685547 5.51627481002194
428.212219238281 6.36555376052148
432.207489013672 6.44271072944305
434.229919433594 17.8526181511122
436.237487792969 5.61870940212917
440.222442626953 5.77867462842131
442.209930419922 9.30174787696173
458.234008789063 6.39064180288161
474.228576660156 10.0741999395218
491.252685546875 30.7213618908324
499.270690917969 5.92509466878979
501.257476806641 6.34343375026049
506.257263183594 19.0115562106932
515.255493164063 8.13641072291586
517.288208007813 10.7077380679689
520.274353027344 6.94614975797891
525.247802734375 8.40775239197337
527.255920410156 5.84653552987916
528.270568847656 6.11033657440856
543.273376464844 11.1209746475908
545.262573242188 19.6702721829441
553.275085449219 5.96384560977677
562.291625976563 30.2378272309324
564.277221679688 9.17906939664637
570.312805175781 6.362406125535
572.29248046875 7.05737302590943
575.295043945313 6.19135972470297
582.275390625 7.63402180495551
600.281433105469 14.9076048856861
603.307800292969 7.74759312444766
617.291564941406 6.69938536871604
630.347595214844 6.03724076116545
632.332397460938 5.85665154115512
633.358032226563 5.78052971590178
658.347106933594 11.471952938046
660.373596191406 5.99319355755706
667.357116699219 6.28422897985247
674.354614257813 8.5409840251268
675.37109375 22.9232901074309
685.368957519531 17.9370099342402
695.352233886719 7.15598040453754
713.362731933594 23.4254034185581
745.40380859375 5.99611358768331
761.376647949219 7.16198065114903
771.429870605469 6.34260746910914
788.469543457031 14.2034375172827
795.43505859375 6.6777952678749
826.449768066406 13.5944812530884
828.470947265625 8.61865795911598
845.482116699219 32.8864811698562
859.410034179688 6.20255685906501
890.426574707031 7.869248191914
897.476013183594 7.41299483305685
901.516296386719 6.41557707491791
928.523010253906 7.3993212823068
946.529663085938 13.0615671254789
954.468811035156 6.08973442428478
959.530822753906 6.08170461111159
986.528198242188 11.3756634074909
1003.55926513672 100
1105.52307128906 8.16560077656621
1132.61047363281 14.478101030734
1202.61547851563 7.36497371331062
1219.65014648438 17.0667881005116
1273.67053222656 6.59245180518323
1290.64990234375 7.47066623707238
1300.662109375 6.45736400585331
1370.71704101563 13.8147698575613
1387.73095703125 28.1999638787851
1515.814453125 10.4509846838865
1646.81994628906 8.87333539270786
1742.90979003906 17.3339509011874
1844.96960449219 43.0300989737038
1846.85754394531 48.4568660150487
1849.53979492188 33.6285781870643
1893.41357421875 98.5772657500217
1897.31555175781 49.5502986407686
1898.462890625 29.1716748275594
1900.54284667969 23.8170725499553
1909.70727539063 47.6536533174331
1912.60986328125 40.7973395213953
