1653.8403 80 1
70.0843200683594 3.83517726981214
86.1201553344727 4.06820658822622
112.101295471191 12.0536985848311
129.127593994141 6.00868626086089
157.138687133789 3.6462685044978
158.10710144043 5.19367228247674
175.132171630859 20.9040312607765
201.129577636719 3.99833853601104
215.138565063477 3.98064922750478
232.150695800781 85.374730920097
235.133544921875 3.85580220200565
256.152862548828 3.69964609584209
258.133544921875 3.66439818261453
261.169036865234 5.48960816522846
268.158020019531 3.69159937047721
286.19873046875 5.53410915597983
301.173675537109 9.79010456361166
312.152130126953 4.59682543478479
314.229187011719 3.60734431280148
318.167694091797 4.07258370580994
320.18408203125 3.81401513880863
329.165802001953 15.647120443025
336.167327880859 4.74495284728586
346.198699951172 5.44122108203773
347.174041748047 10.9405496898393
369.225036621094 5.16346365680573
371.201934814453 3.75865812515139
385.260528564453 4.05931654202862
386.215789794922 4.90649605482611
387.187774658203 5.33163377554906
389.205535888672 4.86650444888584
403.213745117188 100
404.20458984375 80.5269096079389
407.210144042969 5.73782174049963
433.237579345703 3.80955224035168
450.278472900391 3.80082333295119
465.225891113281 4.81968727032771
468.296905517578 4.4888977745227
477.252990722656 4.22893961991273
483.210052490234 5.91145869618226
484.234039306641 5.1301498260614
495.261169433594 4.11028809974266
501.210845947266 10.5636093546287
518.244812011719 8.25761623462583
520.285400390625 7.27409922849579
536.258850097656 4.72856692859705
541.217224121094 4.47868745332968
554.267639160156 7.46839175984304
558.236450195313 6.15393652242064
575.260437011719 9.3281060824772
576.250915527344 8.15939786438103
578.320373535156 5.11500528064137
596.315856933594 5.51940612669469
603.337646484375 4.24880180067207
615.341003417969 4.10067543046593
621.320495605469 4.43648263832231
631.343627929688 4.10032772087528
633.355407714844 5.53127432221291
639.347717285156 4.92313274967652
649.33984375 7.0228700855158
657.312622070313 6.70781330216321
658.315490722656 6.14012048612602
667.345031738281 9.76820511317042
674.328125 7.60760317300261
675.311401367188 9.30493273916518
684.344787597656 4.10105638926504
750.395324707031 4.8370390837337
752.433654785156 4.43567225400958
756.401428222656 4.69137075767512
773.4111328125 7.75474582524815
774.399536132813 8.27638525645629
780.464538574219 4.58258893671299
832.413452148438 3.76630419234287
857.418518066406 4.21400655613521
858.461364746094 3.79062833349372
863.488952636719 7.26118769574664
874.442565917969 6.11922143036435
875.436889648438 7.41593722489407
881.486511230469 4.6845004706045
962.576049804688 4.5931513451354
981.549743652344 3.75377226340941
987.539794921875 5.68328761869436
1058.58471679688 5.53581330820018
1059.58642578125 6.84069715122533
1159.59558105469 4.38578853952024
1306.74609375 4.45518860130915
1393.74401855469 4.41209689754075
1395.71398925781 3.81526203624056
1609.8642578125 5.36733258556593
1620.7841796875 5.83703393896589
1623.88171386719 5.73138775808922
1637.94409179688 5.9032602126747
1654.30749511719 22.7962560132184
1657.73486328125 11.8566427211496
1658.25830078125 11.1401249888401
1667.46081542969 7.81731895943577
1671.06726074219 6.16526929103023
1673.75598144531 5.71767178210846
