1703.9338 80 1
70.0791778564453 .734480815927947
72.0946044921875 .85902133845377
112.098640441895 3.5378526467605
120.099273681641 .460706080344531
129.130905151367 1.8000326973126
158.105728149414 .766141059615141
171.128479003906 .567927864912288
175.128067016602 15.8092367678625
187.110000610352 .474065367756485
214.142288208008 .788076721278049
219.160400390625 .914551718511496
228.148544311523 1.14650480103685
229.131072998047 1.29544278602249
246.164505004883 100
256.150299072266 .715565027391354
270.186828613281 .45709978457589
285.160705566406 3.03149968329586
298.151794433594 .841573396751697
302.147796630859 .798714709809425
314.173217773438 .561567235563159
316.164520263672 .590555972828318
326.160614013672 .885883617167687
327.205383300781 .648086005411631
344.159088134766 4.34338122633235
357.186798095703 .438496545432613
361.190795898438 4.59366255709043
367.182525634766 .625443796969322
370.22802734375 .616064244386781
371.191528320313 .781249984078895
373.196960449219 .493309948795323
376.188598632813 2.42154395915917
384.231109619141 1.45865341716385
385.218688964844 1.84593640058659
398.242431640625 1.24763402705793
399.238098144531 1.06134780545471
401.200988769531 1.34874639581346
413.199005126953 .595639753471157
431.175415039063 2.13820009521666
433.204132080078 .573823949067807
445.225219726563 1.58634769398151
454.234649658203 .574654110487449
455.260406494141 1.35371331554862
457.25146484375 1.11242266757774
463.214050292969 3.09852248980488
469.347106933594 .608633762184495
472.234954833984 1.38369667844776
474.281829833984 1.87245924771914
484.2490234375 .857634228137656
489.247375488281 .750516616153273
496.265441894531 .702649203839411
497.296722412109 .651184844629522
498.260620117188 .621054272013143
499.274200439453 .88481124798395
502.240051269531 1.04048858559409
513.263061523438 1.21928187685044
514.259216308594 2.03664104713503
531.284362792969 6.90469627608859
534.289794921875 1.43504695975906
541.292663574219 .659887810767276
544.267395019531 1.71451892888197
562.283142089844 .787947480119447
581.247619628906 .524730458858074
583.257385253906 .691016111244863
601.287902832031 1.42966860683913
602.306274414063 1.05209318577987
612.338134765625 1.18228353516417
626.356750488281 .653573169528749
627.339599609375 1.52221600722304
644.36279296875 7.73487629158063
647.357055664063 .525195721297446
654.34716796875 .822359823656154
659.313598632813 .899938940245793
670.372009277344 .519228375869902
677.307006835938 8.02941858604133
685.334106445313 .583104188984149
699.395080566406 .549594014838914
700.341369628906 1.26638326750661
703.312683105469 .696136147427069
711.439514160156 .542788320563694
724.360778808594 1.06341892463457
730.350952148438 .946535829308217
731.302612304688 .699519382151992
741.38916015625 6.17101071296636
744.371643066406 .59953453965493
748.359191894531 1.9148513730599
758.405700683594 6.05159684980225
776.363647460938 2.22698167354818
829.384643554688 1.08583828537596
847.418273925781 2.85530363367314
857.4599609375 2.54063550911356
903.447143554688 .808287146574048
904.405883789063 .521687782928728
928.504699707031 4.21464705938431
946.486450195313 .919087730366767
1010.55157470703 .675261834359302
1027.56958007813 38.2223968631252
1029.29052734375 1.37470973712014
1125.572265625 1.90336841011318
1142.59313964844 2.55393375819474
1173.58239746094 1.00783755883151
1241.64892578125 1.31605776340184
1328.67639160156 5.914757197561
1457.70727539063 .875656829372944
1556.7021484375 .987439770792503
1585.68127441406 1.221950075663
1701.30773925781 1.63657909737834
1704.26220703125 22.1424653737832
1713.51586914063 1.65654997055049
1718.39587402344 2.24080819761647
1722.59875488281 9.56105279273619
1725.31164550781 6.67855270273227
1726.1279296875 5.83856994851352
1729.35375976563 3.39980673521436
1729.99523925781 3.20259157963031
