1222.7675 80 1
70.0749969482422 2.21370107176058
72.0891876220703 1.43037741156843
86.1007843017578 1.23559942221262
101.080032348633 3.44749090524086
112.09538269043 13.757660470283
114.11474609375 1.01752900382127
129.118530273438 6.3949437960846
155.08674621582 1.05349139959372
157.112976074219 1.14400467093724
158.100952148438 1.89450896881025
171.147232055664 2.15605945038141
175.123413085938 8.08128137109811
186.093765258789 9.45066211255263
188.143859863281 1.05567806929875
199.147644042969 6.80669896085011
212.143630981445 .922971634376647
213.15348815918 1.10192396564638
228.138885498047 2.05120342644181
230.152954101563 1.05217529341009
242.160385131836 1.34366569089686
250.16032409668 1.03517702188272
255.146270751953 15.4776654806727
269.166229248047 1.02993632130705
270.174499511719 1.1256242917668
272.172058105469 14.5727739079685
285.158081054688 15.2290416888223
287.171875 1.74747696591589
299.171722412109 14.8951249499627
312.166290283203 23.0102116629536
316.199920654297 1.12797309803364
327.183746337891 1.14087310344483
329.191375732422 19.9452593750652
339.1748046875 1.8073932334926
341.221343994141 1.42843761318872
342.191223144531 1.38597421803004
353.217071533203 2.24841539112658
356.204254150391 6.12034198824654
367.214599609375 1.16306095239566
369.233245849609 1.45782231052909
370.243865966797 3.46302452613794
373.215393066406 2.99513698020636
381.216400146484 2.15545268270723
384.219299316406 20.525211409621
396.218536376953 1.4048518906003
398.234954833984 13.3780513450916
400.250427246094 2.54486643816478
410.220031738281 2.26928408903091
425.246643066406 12.4972117646592
427.237243652344 3.96569601284557
430.306457519531 1.53415230754897
438.240692138672 1.93339734298156
442.271820068359 16.6439480125298
452.275177001953 3.19281258969269
455.257751464844 5.06964210748207
467.234588623047 2.10249474767072
469.301208496094 5.22128038298952
470.308532714844 2.08064610980714
472.280670166016 2.14467444083321
480.274688720703 1.78262621387668
483.291473388672 2.89782127282455
484.241394042969 5.65697248429924
497.299163818359 11.9590265245882
499.316101074219 1.97072348654211
509.270263671875 2.974339803172
511.304870605469 2.48442365748144
522.309875488281 1.987920518891
524.307189941406 3.64879729894189
526.30078125 2.99285417301271
537.293151855469 1.48871531744266
538.296325683594 2.47587261348726
541.332763671875 9.96184453506072
543.372985839844 1.82149122540695
551.319091796875 3.54483581085318
554.320434570313 6.50260014413873
555.314147949219 4.71634384283415
557.281188964844 2.20373735456803
565.301818847656 1.47142547881876
566.289794921875 3.52926986095749
566.882202148438 1.74041727475855
568.349975585938 1.5191730712306
569.306091308594 1.65309207745358
571.347229003906 10.4170283976488
583.305908203125 12.8163000499555
637.353576660156 2.3621919421934
651.367004394531 2.08705328398697
652.36669921875 2.81550559082487
653.386413574219 1.7375003152149
654.387634277344 3.0821818592264
655.360900878906 2.19673611714187
664.359313964844 2.25304069055324
665.352478027344 5.55468290273431
665.919494628906 2.8044896778362
669.381164550781 4.21299399122217
670.373779296875 5.50700810068071
679.375305175781 1.35792331857655
682.367736816406 20.3374729153434
692.343994140625 1.74331018084001
696.386352539063 2.13526180564084
709.380187988281 3.4154449070705
726.404663085938 8.39791377404057
736.38525390625 2.4488850488737
753.429138183594 2.47778234384608
764.410034179688 2.17091682536963
781.433898925781 10.5155316015517
795.4443359375 2.35961066207785
822.446838378906 1.47759391284118
839.481384277344 5.78712376383836
849.46923828125 1.9537380769355
894.490966796875 1.67854002958548
951.510986328125 1.29943144548852
967.544921875 2.0487953932968
1007.52746582031 1.77386613384191
1024.5634765625 3.48462255460591
1059.75512695313 6.49805289437892
1061.76147460938 3.54936881943616
1104.73107910156 2.99375850683144
1118.77124023438 8.91407045253277
1205.74597167969 2.65563203982987
1223.01428222656 100
1225.97424316406 27.0190540317916
1228.95886230469 7.84931821461697
1233.02136230469 3.835985369826
