1838.9691 80 1
99.9505462646484 19.5568821992631
100.053161621094 19.0105267209538
112.108413696289 39.0765811003636
129.135330200195 27.4976505929153
154.540573120117 20.1021943559588
154.671890258789 19.0656290492386
158.107513427734 21.8534267879807
175.135177612305 100
255.158081054688 27.0491383063272
260.114379882813 23.5003073522852
268.151763916016 22.2993263087176
272.180267333984 39.9977812869806
286.163513183594 27.9111249718292
300.202423095703 22.3570555319418
303.185882568359 30.9312569740993
314.172821044922 24.3129782947312
330.172912597656 22.2061438569915
340.189422607422 26.0995044452863
344.196868896484 25.1602279494869
357.193481445313 28.3737522174674
371.227966308594 26.7585341960445
374.237640380859 38.787882186071
389.195526123047 27.3967979054207
401.235961914063 23.2022553534632
429.231109619141 24.1466878509786
458.205963134766 31.7527623148128
470.190673828125 23.3395246501798
476.210357666016 42.0284108596647
484.280090332031 26.1799681149612
487.312438964844 39.1954662225037
499.30859375 24.6356955914434
502.264038085938 25.2049048698163
544.360412597656 24.006024598564
561.285461425781 27.4873311531208
562.290649414063 25.6350448800074
563.434265136719 24.0837044660575
571.297058105469 40.271979295026
588.372497558594 78.3920791320552
600.074462890625 21.297735328775
630.370300292969 26.1723235346422
688.367553710938 27.2686232796478
702.362060546875 24.6775355396018
717.406005859375 26.9947532151744
729.408264160156 24.8939102544415
816.517883300781 27.6600428956141
830.531982421875 28.0506779753707
832.454467773438 24.2523619038914
851.413024902344 25.459751604384
901.53662109375 33.4353284939372
988.56005859375 29.0534245659957
1151.62036132813 27.5397560192035
1190.66320800781 24.0617132840066
1250.67028808594 27.3966871036242
1354.75354003906 25.6532528128003
1363.85620117188 24.4168925325345
1450.86157226563 45.4661176509537
1586.86865234375 24.4636166833715
1742.99230957031 54.5495299423413
1781.76440429688 35.3391859387553
1839.38171386719 90.0977624328279
1855.84423828125 48.5672294064339
1860.68884277344 33.4702206489127
