844.5119 80 1
72.0949249267578 19.6637936650286
99.95458984375 16.9466968746606
100.053581237793 15.9650709177528
112.101287841797 20.170378012698
129.134368896484 19.6739906884423
154.064910888672 16.9040381533528
154.192001342773 16.204774484731
157.134780883789 18.2848479521446
158.102676391602 20.0350314823675
159.111511230469 23.4503595916416
175.136688232422 59.5415255788722
229.142486572266 29.536190754403
246.169616699219 18.5469277147857
272.196807861328 40.7930965322868
288.217895507813 18.1491341495405
300.192199707031 55.8381675377613
317.216705322266 38.6608975035354
372.200836181641 17.9480736067715
387.210266113281 18.9143526291312
399.270050048828 22.420666447595
429.234893798828 22.1062028804314
446.264556884766 19.1864509189919
447.254943847656 19.2883769184696
464.252166748047 16.9377729994932
464.467834472656 16.7449073945547
500.324035644531 19.2203035165482
511.326232910156 19.4385632423292
528.324523925781 28.304407521477
545.364990234375 20.2925937025895
557.329528808594 18.6111318300992
599.382507324219 19.5744552296158
641.383666992188 18.505041853962
658.421691894531 19.6922782932728
788.55615234375 20.5388539674601
832.663513183594 26.7735493985008
844.758117675781 31.6942278081445
846.708679199219 29.9921148916889
848.739685058594 25.3938249064107
850.832641601563 100
850.949401855469 98.3501967482866
855.324890136719 22.1315618004538
890.932434082031 16.8340093926006
