1742.9679 80 1
70.0907516479492 4.25383145937863
99.9509124755859 3.59622486401068
112.111442565918 5.48919318927291
154.517700195313 3.6379709628946
154.644912719727 3.53581419676398
169.169311523438 4.50911537470269
175.143814086914 9.42987441130481
197.142959594727 4.44579049196637
214.171356201172 4.04299245328237
215.167816162109 4.07084858856502
228.142715454102 3.97320158263653
292.153045654297 4.07239231442689
326.194641113281 6.64847830296606
354.233123779297 6.39600840239491
371.249084472656 8.28388255128483
377.215087890625 9.15682766815288
393.194030761719 4.67422094032961
425.275054931641 5.17908380634162
466.240875244141 4.49258126171351
469.839141845703 3.9990162931474
470.013031005859 4.01908829850721
470.333831787109 6.35037476608944
493.288452148438 5.325065572261
510.343658447266 5.29210931201349
527.372009277344 9.10964025947369
537.302856445313 5.21252375325881
539.352111816406 5.01381895062534
564.35107421875 6.43663702512082
565.305541992188 5.68578928194333
572.264038085938 4.74426760045505
581.400817871094 4.43366468262863
582.308349609375 5.35641280431955
584.404296875 5.86747238528504
589.276977539063 4.81317345272058
589.453430175781 4.49087943548079
609.4140625 7.91228745824233
626.434753417969 29.382281335052
676.31005859375 5.04368842010384
677.317687988281 5.39599764733958
693.356689453125 6.60832636078972
748.329895019531 4.76188111860993
755.4658203125 5.43485834836001
792.407775878906 8.29837490902487
795.494567871094 5.02584806228643
806.402282714844 4.57615812778197
909.604187011719 4.61454016538864
917.527954101563 4.93805794030665
934.609985351563 5.71005901077835
951.611572265625 9.3465687349611
1050.708984375 6.17265223566668
1058.56506347656 6.97694345621137
1341.83251953125 5.94108066605582
1345.76196289063 6.01303087579685
1372.78405761719 9.48524232445701
1424.84521484375 5.71897158870769
1540.89294433594 7.98729921028177
1543.87463378906 7.04364409912362
1568.83874511719 7.89551771489275
1586.83154296875 100
1682.88781738281 8.47607338069555
1700.92993164063 13.1804725885524
1726.25476074219 13.538327225953
1733.146484375 9.60697220731901
1733.91271972656 8.97820438862729
1743.39868164063 17.12390880208
1752.44482421875 10.2174133377047
1754.34301757813 11.606092703945
1758.50183105469 7.70114441297137
