1879.9581 80 1
70.0791320800781 2.86911692393564
84.0931701660156 2.93225120634788
86.1109313964844 2.37474255437475
101.105285644531 1.10099013264428
112.10131072998 7.46815544998641
129.11979675293 6.23981754010351
158.106857299805 1.85876280355311
175.129104614258 43.2532538955235
199.13493347168 1.08643528925707
203.102554321289 1.08572512673639
227.121520996094 3.40720536816987
244.142807006836 2.02330298792841
246.148773193359 2.11731644184683
258.117980957031 10.7642631916457
262.12744140625 .921030567284217
272.173858642578 .991710666209148
273.125915527344 1.23560135132867
284.1455078125 1.83164554213405
290.151275634766 2.99521237333717
306.16650390625 3.68275352892583
312.223175048828 1.21498103939242
314.177612304688 1.00135942985379
315.178131103516 1.38582999741106
325.193542480469 1.2666506106882
340.186340332031 1.94110721444406
343.201171875 1.82019996045669
353.190093994141 4.06339531272635
371.196258544922 17.1789435424273
374.183441162109 2.73798319995281
377.198822021484 100
387.179168701172 1.28405855513489
389.215911865234 4.76726792206293
446.20458984375 1.78597241118765
455.219909667969 5.75427428713853
457.205383300781 1.78794214332155
466.265686035156 2.34359089192591
467.259735107422 1.62956197129266
475.191040039063 7.86510076575489
484.275421142578 8.24134493889909
487.256805419922 2.40462790293129
492.217102050781 2.92574643822465
500.277740478516 3.51553564120591
502.1953125 3.63981484889612
504.227508544922 2.27376612399941
508.191619873047 1.65535206350905
517.304504394531 96.4447788216542
543.222595214844 2.70567065427058
560.248840332031 2.20511946006023
572.251281738281 5.92105852777991
574.283386230469 1.74901469102517
575.298950195313 2.10818572555849
589.272521972656 20.3758688474319
602.285400390625 3.48265784595699
615.306579589844 7.39080279673468
621.272888183594 1.79767677844146
631.331237792969 2.32854171843475
632.323059082031 9.47061903369791
658.279846191406 2.46539724890899
659.280578613281 3.68765757222133
676.298278808594 14.9212688192023
679.299926757813 3.40104488349163
690.278381347656 1.92096723300606
707.296997070313 3.97063953135069
733.295043945313 3.42924355831373
747.332946777344 13.4776061254048
778.375549316406 3.43109670966028
795.384399414063 72.6437964234823
805.31591796875 2.74800518317437
822.329895019531 13.2150305118929
843.397644042969 1.98743352030158
860.406921386719 9.92996381324927
862.388488769531 3.08371885625104
876.389587402344 1.97805824452948
880.330017089844 2.06455793661868
893.391662597656 11.3047805965068
910.395446777344 6.12427977758566
921.395385742188 9.20844389563237
959.480102539063 7.43739032532346
992.476257324219 3.34121886935245
1008.44689941406 2.01113460498236
1020.46307373047 11.0457949526813
1023.49066162109 14.0592460092358
1058.53820800781 73.8212638623507
1075.45520019531 4.71769466783142
1133.53405761719 5.02571498371233
1156.52880859375 6.27679018130592
1173.54724121094 6.30815803235616
1204.5673828125 3.5187218523525
1222.57580566406 1.95597210109019
1232.54760742188 3.94472217280719
1249.56335449219 8.18163463831505
1291.60339355469 2.17044881707606
1320.62658691406 6.34793066438821
1379.6181640625 1.97822918219296
1396.64221191406 3.389309714008
1417.63195800781 3.9711739322287
1434.68969726563 2.75026992912322
1503.64892578125 3.30793313426555
1509.73400878906 2.24695579503086
1565.68420410156 9.28593883691202
1705.68310546875 7.72319419612523
1743.03662109375 5.18911416924996
1751.65832519531 7.73794556826933
1828.78063964844 6.6467669911449
1831.73718261719 11.5087279674546
1880.31982421875 68.372343771493
1884.21508789063 35.8588596424186
1893.44592285156 25.642292308323
1896.49560546875 38.9816508406906
1899.68786621094 63.0320844078599
1905.28723144531 27.6709699678848
