1065.5868 80 1
72.089225769043 9.32563974304222
84.0937423706055 9.36596237696967
99.9241256713867 6.33418804730767
101.089622497559 7.29548649151035
112.09977722168 8.69402874575158
129.12419128418 9.33963776640774
154.219024658203 6.05446516060893
166.075057983398 7.45993345534508
175.134155273438 15.0666709120436
183.138137817383 11.3338269700316
185.152160644531 7.09577611630441
200.12907409668 7.72948472412782
207.134078979492 9.62423082937609
228.168380737305 7.19263931550573
230.126968383789 10.8974900391274
232.156890869141 9.54116065541259
235.135360717773 17.3912940182343
242.211227416992 10.2865797799223
246.195449829102 8.79209387658012
292.159851074219 8.94529581066912
294.20703125 11.9354548416096
296.220703125 10.2200621865667
299.186828613281 7.06346322986144
301.196472167969 8.13980522046331
311.202026367188 11.4810708349173
315.224212646484 7.74826943114802
329.203277587891 19.460222461977
333.206695556641 8.54908918653068
339.214874267578 7.3859644289421
363.185943603516 8.19115249983587
365.250305175781 7.65172934157842
390.238464355469 17.7176143822125
393.249816894531 11.3133592872126
409.284576416016 8.31036524656695
410.276763916016 8.57890623208246
424.276916503906 8.47037216817261
426.362152099609 7.78455930389478
442.299346923828 8.24446061118911
450.250274658203 9.01815793768951
466.204956054688 6.8222802174345
467.258911132813 12.3410492939131
468.247589111328 11.8773924028183
480.315246582031 7.86837638604755
510.267211914063 12.0690719876856
520.261108398438 9.0866757335272
527.28369140625 10.1625310232763
539.350524902344 7.8208208932354
564.342895507813 10.0211646764531
582.4052734375 8.94359088694716
590.334167480469 8.99650348314898
607.326965332031 46.2959616889362
624.35546875 45.2444199464391
676.422668457031 9.54276647407945
720.4189453125 10.2841501222015
733.457702636719 9.28262136110901
737.4462890625 16.3318252289322
788.564331054688 9.21135849100525
836.507019042969 12.6748998319414
887.643493652344 12.3332009881109
909.537536621094 14.3009843512303
931.625244140625 28.614439648162
933.631469726563 37.7213488779054
1015.73773193359 31.1477965543191
1021.57781982422 12.3409872966869
1031.72314453125 20.4755324824104
1059.94152832031 100
1065.90844726563 47.3484202663267
1072.07019042969 15.9119990191948
1074.14965820313 67.774743242334
1076.93579101563 30.2123403189032
1077.60009765625 22.347342329152
1079.31091308594 19.476287436663
