1879.9589 80 1
70.0775985717773 2.20481754892145
72.0848083496094 .946237088484896
84.0913391113281 3.59507821462696
86.1108551025391 2.26842081207618
101.114448547363 .824389424381057
104.063568115234 .601522815197078
112.101547241211 6.05783008167246
129.120208740234 4.70742262237029
157.116744995117 .642167257588403
158.109573364258 1.165481929308
175.127319335938 36.2521450480674
185.128677368164 .652028161950599
199.157043457031 .962586676422745
213.136337280273 .746716841337396
227.123641967773 2.24586132287705
244.140258789063 1.42701431018668
245.139678955078 .907567013433567
246.144439697266 1.42535858149124
258.11572265625 7.04806570306723
262.133148193359 .887587990818252
272.164428710938 1.07910235119769
273.130279541016 1.02964087283371
284.147277832031 1.94149982768135
289.136840820313 1.30897267602104
290.15087890625 2.46587633226602
300.130523681641 1.11607369116634
306.162933349609 4.17617180725112
312.209442138672 .936161182083489
314.178649902344 1.11070665348907
315.170654296875 1.52235855929919
325.186218261719 .962121421058717
340.194580078125 1.64748726919906
343.196807861328 1.09210794112075
353.190155029297 2.92382505696266
360.169342041016 1.7844383923715
362.178802490234 1.58344532096311
371.194274902344 13.2866963399333
374.1796875 2.47392520005417
377.198150634766 100
387.178955078125 1.05251004425979
389.209411621094 3.7837999900853
393.177154541016 1.02785511210229
446.210998535156 2.02200648000406
455.212463378906 4.02740489525742
457.218597412109 1.39163269538837
466.267181396484 1.87402561641517
475.194030761719 8.82492199779615
484.274261474609 6.67454143556372
487.252868652344 1.81311896155099
492.222320556641 2.9118606890913
499.281921386719 1.27392274764461
500.274780273438 2.3069946513896
502.212249755859 3.10863370960259
504.232482910156 1.68124863307999
508.176086425781 1.53524833547658
517.304504394531 72.5745482439341
543.221618652344 3.34844658750601
560.254455566406 2.40223785225253
572.247192382813 6.57584922934833
575.275634765625 1.61863727641591
589.269836425781 24.6001774870539
602.272033691406 2.31586138524257
614.315979003906 1.93233505150166
615.304016113281 5.0694443636722
621.282287597656 1.52012084284066
631.317932128906 1.92344292150277
632.322387695313 7.37278747834467
658.28173828125 2.8581652930562
659.280334472656 3.12510087792725
676.294799804688 16.0610309556626
679.317687988281 3.1330656427253
690.287414550781 1.534837126648
707.31103515625 4.71942865035774
733.302917480469 2.89640411922657
747.332397460938 14.4716906268036
750.331237792969 1.87765932364629
778.361999511719 2.6350032706699
793.300354003906 1.63473159105019
795.383117675781 57.9698432734604
804.316223144531 1.71664616395605
805.313598632813 2.62476473906235
822.33056640625 14.8342661258491
860.404052734375 8.99816922894858
876.361755371094 1.76195143873985
893.387390136719 11.2070753834182
903.378967285156 1.50698462837734
904.364379882813 1.79533948507384
910.402099609375 4.78819845644521
921.397583007813 11.6789030728735
959.473815917969 8.80402955104353
992.457458496094 3.62173729697624
1006.45404052734 1.67167185081827
1020.45782470703 11.075380537677
1023.48126220703 9.89076235149298
1058.537109375 84.1937955960766
1062.52990722656 2.71083923546046
1068.50109863281 1.97565502026589
1075.46594238281 3.2103128330769
1105.50537109375 1.7107823794039
1133.5478515625 5.3767364537952
1155.53002929688 2.00273368985262
1156.53637695313 6.22853971310897
1173.55151367188 6.25028820711839
1204.5673828125 3.54202012849589
1222.53881835938 1.50238566466372
1232.54431152344 3.57163615137476
1249.5625 6.21728290041743
1291.60314941406 2.21587200419452
1320.61242675781 6.54850795897413
1380.58288574219 1.15986761260484
1396.62158203125 2.93809612545833
1417.6259765625 4.340903965795
1434.64599609375 2.65567445784977
1503.66577148438 4.30913924342801
1509.6982421875 1.50854440399745
1565.68994140625 9.34679841706309
1694.66528320313 1.88013483906255
1704.03527832031 2.03600049568174
1705.67028808594 5.38849104254334
1750.697265625 2.30229340730744
1751.6845703125 3.30272268218888
1828.76599121094 3.64390488537553
1831.81750488281 7.37811661024476
1834.3017578125 10.8910464972574
1862.98791503906 6.57479012888824
1880.2822265625 47.6582079901236
1884.17993164063 21.3982948408375
1892.4462890625 6.46849485001704
1893.41906738281 9.59489771528861
1894.47937011719 14.2579269758547
1896.4990234375 25.5596878306206
