1879.9292 80 1
70.072135925293 5.71474254824091
84.0928497314453 6.9754339469011
86.1186370849609 5.10613148181076
112.105697631836 9.76550922274506
129.126266479492 7.84197754958858
154.550735473633 4.15943729349522
175.132080078125 37.5118514255274
199.166275024414 5.15221243950159
227.128768920898 6.08377944118353
244.144638061523 4.88219876484391
245.165084838867 4.82697225733721
246.167205810547 5.45537033399159
258.120941162109 10.2804227378385
272.151092529297 4.94448281083101
273.133270263672 5.22390815666505
284.141448974609 5.3459882838968
290.147888183594 5.99774448802342
306.175018310547 6.54414887650257
340.19873046875 5.45660899393562
353.193939208984 6.33790451357008
362.171539306641 5.41608156478693
371.198516845703 13.9027454381615
377.207092285156 100
389.22021484375 8.07290115899077
393.193603515625 6.7326201893851
455.222229003906 7.96993548773915
466.288513183594 5.84475262919573
475.214447021484 12.023749984619
477.2275390625 5.94784048486331
484.281433105469 7.82451073194476
487.272399902344 6.15596374173754
492.230377197266 6.38503098109285
500.315338134766 6.46601795915913
502.220825195313 6.24981232658838
504.253997802734 5.46786924435961
517.318786621094 73.7536606420164
531.295104980469 7.43713707448768
543.257202148438 6.64420819395105
572.248474121094 10.739391834845
589.286682128906 26.5671203489222
602.277893066406 6.19301801715353
615.3310546875 8.33638012722064
632.348022460938 9.57661766952283
658.291564941406 5.93468853581761
659.303894042969 7.44871466499199
676.309143066406 18.4935067560515
707.324523925781 7.98218910363575
733.336486816406 7.17370068567549
747.351806640625 17.9863642932311
778.380432128906 6.83278086436045
795.409851074219 68.6988518601954
805.326354980469 6.23654744952188
809.395812988281 6.51911511009871
822.353210449219 17.9307561908344
860.438232421875 11.9963825267251
893.426513671875 12.6898040795106
910.451293945313 7.76963295912525
921.421264648438 14.8484768842451
959.522277832031 12.045305043453
992.516662597656 7.30043431129452
1020.50750732422 14.0057993537136
1023.51116943359 16.2929617222266
1058.58227539063 91.2429521961618
1075.525390625 8.18362831757379
1133.58764648438 10.2025900306921
1155.603515625 6.44974197675107
1156.5859375 9.93739616098787
1173.62438964844 9.74910195379916
1204.67102050781 8.24212503234956
1232.61291503906 6.98321009019148
1249.63598632813 10.4541020227284
1291.71142578125 6.18854085309381
1320.6943359375 10.5084274973041
1396.73522949219 6.55502822626624
1417.71508789063 8.74851957844204
1435.75170898438 6.21324941148148
1503.7890625 9.76939937707916
1565.77587890625 16.2157547473922
1705.77807617188 12.1407502021936
1831.90600585938 24.8619886910795
1880.41540527344 60.2424141280828
1894.56188964844 38.008884979207
1896.59582519531 58.70955015487
1898.51220703125 49.4470531914304
1899.74230957031 64.8666943955354
1900.85217285156 62.6673230726152
