1222.7673 80 1
70.0722274780273 2.66363989596159
72.0893325805664 2.09115801207078
86.1039276123047 1.66214694205061
101.080619812012 4.47721874105249
112.093101501465 17.8384756361705
114.10693359375 1.62116085247931
129.119277954102 8.44675560207069
155.086288452148 1.40256638692328
157.111038208008 1.97632279997744
158.102066040039 2.60905290045866
171.150741577148 2.94169433046469
175.120819091797 11.8842800032501
186.091400146484 12.8081759850908
188.141067504883 1.40387048158129
199.147262573242 8.7417190697887
212.143585205078 1.77876692495022
213.156112670898 1.21272217396103
214.148620605469 .9199403868429
228.138671875 2.88190086625263
230.145263671875 1.02363190976486
240.135223388672 1.01805352478288
242.149536132813 1.44565158745662
250.164047241211 1.23835841857707
255.146667480469 20.9965533389097
257.162872314453 1.63975349525134
268.160247802734 1.12773458369671
269.168182373047 1.3741636349057
270.176696777344 1.45075656541361
272.172119140625 18.774940166132
285.158294677734 21.7579650333495
287.171234130859 2.18757760760881
299.173034667969 19.1022803298861
312.167053222656 33.1803181338729
316.190093994141 1.2434547625997
327.199920654297 1.41973927087965
329.191802978516 28.0707832321863
339.180389404297 2.24564599645693
341.217254638672 2.04290362919964
342.183013916016 1.37320014895771
353.217315673828 2.4355590096509
356.205017089844 8.20912521762038
367.211517333984 1.67351766453701
369.241577148438 1.808882962809
370.239471435547 4.45583424302299
373.216796875 4.51489279896843
381.218597412109 2.33933220681059
384.221527099609 28.2254290991409
396.219146728516 1.43617530202401
398.236846923828 19.6825795498498
400.244750976563 3.31744801272492
408.220428466797 1.56108833645287
410.218200683594 3.46382804127987
425.244262695313 17.5835194668991
427.239776611328 5.05517387840346
430.305389404297 1.71138810243578
438.238403320313 2.58998354226024
442.270904541016 21.1162223431947
452.270568847656 4.03715890451947
455.253234863281 7.1385634469198
466.2783203125 1.93112544493766
467.221740722656 2.56416872037555
469.304809570313 6.35640949691555
472.27978515625 3.58376601172141
480.269775390625 2.00361742472476
483.289093017578 2.78764813227407
484.241577148438 8.31840078342554
497.298522949219 14.7162312518257
499.309753417969 3.46785182143704
509.284576416016 3.98832185715059
511.312103271484 3.44209454892713
522.306945800781 2.64723664320515
524.305358886719 5.13605243413941
526.310424804688 3.93461832706961
537.301025390625 2.2928066699641
538.288024902344 3.07389774444691
541.328979492188 13.6655888998243
543.362731933594 2.05011505791794
551.323852539063 4.34282539456854
554.315856933594 8.68619651491304
555.313842773438 6.74032421842191
557.271179199219 2.85136791251363
566.284118652344 5.64454194614575
566.867553710938 2.45339408962945
568.336120605469 2.06852969647006
569.296997070313 2.76106484438854
571.343994140625 14.8466870352456
583.306701660156 16.8037797788766
596.368957519531 1.51654570870003
637.346252441406 2.81379779799845
638.329650878906 1.99933416809817
651.3740234375 2.20018069146703
652.359313964844 3.76707278151029
654.3740234375 4.81320525521013
655.379211425781 3.12308928740693
656.442810058594 2.25661991038831
664.355773925781 2.4280131955319
665.351806640625 6.91529962359787
665.932250976563 4.17604058267239
669.386840820313 6.64349322355287
670.368286132813 6.01152547655259
679.377746582031 1.68285582230136
682.370422363281 26.5471216945791
684.37353515625 5.47256106446492
692.355834960938 2.58272874521331
696.390808105469 3.12066548989412
709.383056640625 4.35705693013251
726.405151367188 11.8807221499217
736.404296875 3.07331888881313
753.43701171875 3.30306186097028
763.427856445313 2.29340921161247
764.409790039063 3.72887240506905
764.991394042969 1.93716073314092
766.413208007813 1.69321409851051
778.418884277344 1.67532544229509
781.435607910156 15.8037946298549
783.4404296875 5.05185881436518
795.441833496094 2.93050331510805
822.459289550781 2.02320037976646
839.483642578125 8.002314769718
849.471313476563 1.83683074851004
882.512512207031 1.3788203512164
894.494567871094 2.33597863389699
951.53271484375 1.63121887407071
967.540283203125 3.23031737298643
1007.52789306641 2.29991948845524
1024.55444335938 5.2245025988283
1059.76123046875 4.45418059245399
1104.73864746094 1.88352844447929
1118.7646484375 4.98012124178316
1123.55114746094 1.48373773618239
1205.74340820313 2.94056339203426
1223.00988769531 100
1225.96557617188 33.5780121255964
1228.95300292969 7.21560283588062
1231.91613769531 3.5058702587237
