1703.9331 80 1
70.0774536132813 .696167280582447
72.0931549072266 .919827380891943
86.1074829101563 .792966384804483
112.099464416504 4.57674822090503
120.093254089355 .436552609413214
129.123641967773 2.00524252757561
157.116958618164 .639588956447345
158.101272583008 1.08841696197455
171.123306274414 .721769425877074
175.129318237305 17.6246279987657
187.100280761719 .617029066310192
200.147933959961 .447440409022487
214.134567260742 .736093381648609
215.1181640625 .496932888633237
217.097137451172 .45096545866313
219.157287597656 1.22915631577018
228.146194458008 1.70960983718377
229.14079284668 1.84592142371448
246.164337158203 100
256.157806396484 .875021123791611
285.161773681641 3.37003930347858
286.151397705078 2.73425440543214
298.151000976563 .755316581325081
302.145233154297 1.11822225596716
314.164764404297 .519707883449313
316.163970947266 .81723672822411
326.158874511719 .844608323145254
327.204467773438 .560889185625509
344.163116455078 5.25066269882254
357.194580078125 .761151495917572
361.188842773438 5.66588040379473
367.202423095703 .551327497809425
371.181243896484 .736370810139719
376.194366455078 2.65442336555206
384.235595703125 1.4890721127906
385.215698242188 1.80891741391692
398.245635986328 1.18070072308615
399.232788085938 .879994751633241
401.205871582031 1.23599956672243
413.187469482422 .652791727948703
431.181915283203 3.09362619984504
433.20458984375 .521312987309779
445.212127685547 2.34495201058583
454.231353759766 .62171849053494
455.256042480469 1.33510903557297
456.269287109375 .735031471938876
457.245086669922 1.00127840587129
463.224761962891 3.18449858473979
472.242523193359 2.01427997835002
474.265502929688 2.08027638055988
484.253112792969 .778668596954663
496.246398925781 .728133058464576
497.294250488281 .866091053975359
499.252227783203 .967598124988768
502.251800537109 .84045018540932
512.241271972656 .989648265925059
513.259643554688 1.42208842963814
514.265014648438 2.17902367842962
531.285095214844 7.86780698090954
534.290954589844 1.29246932302821
544.277893066406 2.11656458630071
562.283874511719 1.0205964172454
571.305969238281 .67578443043634
583.274963378906 .919464088142614
601.283264160156 1.85282409278683
612.336669921875 1.4153884979693
627.335571289063 1.57868099459795
629.320617675781 .866291102695582
644.363220214844 8.87948831196113
654.3349609375 .678367685290036
659.305358886719 1.42439759904898
677.308349609375 9.26576894729572
700.339111328125 1.18923241372644
716.384643554688 .714600327877199
724.355407714844 1.53031111927388
730.325988769531 .964921620900733
741.379516601563 6.45375532832215
748.354736328125 2.00747667482135
758.396911621094 6.50494775131264
776.373046875 2.44578436454045
829.40185546875 .770311003008807
840.442810058594 .991257166882952
847.402404785156 2.87391830816942
857.470458984375 3.19640533855951
903.425231933594 .910908021294224
911.477844238281 .681002959933328
928.503540039063 5.42522435740854
946.475952148438 .829444834919604
1027.56774902344 42.2936177533198
1125.55981445313 2.16412684170461
1142.59606933594 2.59266186209575
1173.59033203125 .821539554068138
1241.64636230469 1.422061453776
1328.677734375 7.30703106719625
1457.70617675781 .96857735768736
1704.26428222656 20.3259943945932
1708.11730957031 5.27153202703695
1716.4130859375 1.7177584438729
1722.48815917969 3.24965686560912
1725.39208984375 2.56326465369286
1729.55261230469 1.58904551256067
