1044.4983 80 1
70.0694122314453 2.00523491246854
72.0907897949219 1.08217329833273
102.066284179688 1.51871871255253
104.053733825684 4.41454053171452
112.093254089355 12.8413087995547
116.076354980469 .86486974148024
120.087387084961 7.56561219861029
129.116760253906 5.66581255748418
130.080276489258 3.35481436699337
157.109161376953 3.26004200018198
158.09814453125 8.13714606533704
159.091720581055 6.37659774296831
175.120819091797 100
185.107452392578 1.29574794275712
187.081390380859 1.26896138715583
232.151519775391 1.01863493211354
249.125122070313 3.88200188276317
262.148803710938 8.33996219313904
267.148956298828 4.88148598405628
269.118377685547 5.00514564196937
269.769073486328 1.62325919965698
277.118316650391 17.269434917215
279.126068115234 1.07613734065228
287.134704589844 18.5752755573655
290.130493164063 23.4075502609098
292.132781982422 1.95222250713079
295.146331787109 7.07070840856994
299.0849609375 1.11817682344153
304.156372070313 11.5476611352834
312.15771484375 .985401430550034
316.127563476563 10.3934997511373
318.124725341797 39.2865642048741
320.127624511719 3.21712175825933
330.115173339844 3.37283274145053
388.298126220703 1.99276608501259
396.189361572266 1.10806370954965
399.242218017578 1.21044494625409
400.208221435547 1.61921310409388
406.177551269531 1.8010942459411
408.157501220703 1.67598404676019
409.198577880859 2.52744799498186
416.188629150391 5.63288732488662
419.182556152344 1.75646330087427
420.153594970703 1.83144323191946
424.181091308594 10.386347601638
426.200256347656 1.43439646535177
434.197784423828 28.3672038251073
445.157928466797 1.1507093340394
447.165954589844 71.1170307664319
449.164428710938 8.44581961250193
451.218658447266 11.703109771646
461.215484619141 1.47158079910758
463.19140625 8.65426512524035
465.179565429688 1.54870897950917
485.222015380859 1.39556976678201
525.294677734375 1.73212731423206
531.213928222656 1.37792120501906
535.220947265625 1.22842413868823
536.219543457031 1.61273646988939
548.254333496094 1.27999828426002
549.210205078125 2.47023794775836
553.212524414063 2.30211137965577
555.223327636719 1.82267901270391
556.281982421875 2.84504833052356
563.249816894531 2.84456029611424
564.26318359375 2.30165061083443
566.23046875 5.62817914794297
581.25830078125 20.9561113149053
594.2236328125 18.483570590997
598.283447265625 52.4101956794103
610.251098632813 2.07693696297537
685.310180664063 1.78643886163148
693.298828125 1.40201597511854
696.255004882813 1.76861429406858
710.290405273438 6.73576408597291
713.291870117188 2.60031141024065
723.269348144531 1.95911895728706
727.321533203125 7.60610126983554
735.374755859375 5.89808218413668
741.276306152344 2.93819982787363
753.293151855469 2.28809253022205
879.348571777344 1.83687468525137
896.355773925781 3.01227949322967
904.369445800781 1.81815883155349
913.383117675781 3.14959195842322
978.347045898438 3.05257088349331
1015.66625976563 3.60560606224452
1032.63256835938 2.82718437933358
1039.40002441406 2.47432983468864
1044.70825195313 49.6927662110097
1046.72253417969 32.2325389143277
1050.86840820313 37.8139417338944
1053.14196777344 20.3175559521337
1054.04943847656 16.4945085039638
1055.67004394531 11.2313091757196
1056.9775390625 8.24534936597914
1057.34020996094 7.35875160442402
1058.1142578125 5.84344469199845
1059.22375488281 4.43335819001788
