1267.7129 80 1
99.9523239135742 12.9913460341572
100.060905456543 12.6015449269564
112.094551086426 14.4588082937121
154.334777832031 13.4129718394554
154.460357666016 12.706725774736
175.131134033203 22.8661206779537
185.145599365234 15.2674011055035
217.141128540039 14.6182871145638
256.164642333984 13.8833282654664
290.168975830078 14.111759153912
298.238220214844 16.5990681353458
369.272186279297 19.2301763956316
402.226623535156 26.9649343319907
405.122222900391 14.5998489492788
419.251434326172 24.4026543410268
440.301513671875 17.2615655992024
467.627960205078 13.7339689015069
467.788757324219 12.7187333146449
518.314819335938 14.6258927398104
543.317016601563 14.3195793512703
548.730163574219 14.4899288333585
549.3095703125 17.9642639700855
566.327209472656 100
587.348388671875 14.3966287948161
594.343688964844 15.2062067654616
664.323486328125 14.9329249488008
681.383422851563 17.5737300179134
702.40673828125 15.330025181716
811.432739257813 14.8453910283293
1016.47326660156 17.1427911656819
1230.220703125 14.808119716249
1231.73559570313 19.4616778892074
1232.96459960938 16.6139889507582
1233.2314453125 17.5518634947164
1234.56945800781 16.8461422020746
1235.32580566406 16.0761557092693
1239.30444335938 15.9552365439974
1242.61450195313 15.2282033342172
1255.75158691406 15.5489193958657
1268.09289550781 24.0199715707149
1273.87060546875 17.7150699057605
1275.474609375 15.345767579069
1277.13403320313 20.5595362642699
1279.18798828125 27.367706336199
1280.26391601563 30.8797370905151
1281.36706542969 27.3929882127522
1281.76013183594 22.7594789850661
1282.18981933594 20.8571070213953
1282.8330078125 21.5079562280725
1283.68103027344 19.5080067469472
1286.52734375 17.0931040726352
1287.72326660156 18.6097196009684
1297.84924316406 15.7916573356853
1337.31066894531 13.5199865846022
