1879.9944 80 1
70.078125 1.98588950856087
84.0932998657227 2.24115230324264
86.1092987060547 2.28301099527107
101.116638183594 .706022817359889
112.09944152832 4.57772612405959
129.12109375 4.61672893380079
158.100326538086 .77748178780511
175.130859375 35.27102067147
199.143081665039 .817316073252793
227.115783691406 3.17693485300684
229.130035400391 .618325938322357
240.101058959961 1.02533760238351
242.170684814453 .688514574405791
244.138717651367 1.99110185746046
245.144058227539 1.24674228499951
246.15202331543 1.47807381010198
258.11767578125 11.0110381824781
261.163299560547 .777299470375496
272.178558349609 .897365998469135
273.140014648438 1.37557428348319
279.105194091797 .677141385079591
284.132171630859 .874927006622045
290.152648925781 2.86582848001802
306.171112060547 1.65260261952754
312.189971923828 .611164248054308
314.177978515625 .894787944557352
325.191253662109 1.02946746365746
340.192321777344 1.96996051992039
343.207244873047 1.457222745279
353.193023681641 3.49329782295531
355.217559814453 1.0060873783957
360.181884765625 1.23780882166716
371.200225830078 17.1829131091093
374.179046630859 3.19708569624838
377.199493408203 42.5552765871582
389.216735839844 5.35414336159975
446.205383300781 1.03557294297971
455.215057373047 5.18175317363471
457.250183105469 1.38154964493248
458.251739501953 1.27925836315605
459.255737304688 1.50171855818364
466.274963378906 2.56887346671141
475.188293457031 3.52488876965755
484.274749755859 9.13097201229525
487.240936279297 2.20573735346118
492.233245849609 1.51348181990067
498.28076171875 1.27263317437927
500.276947021484 3.63732367539519
502.230438232422 1.44170710291926
504.250457763672 6.64533152791547
506.269561767578 1.87067814251524
517.306823730469 100
527.28662109375 1.28177591674748
543.234130859375 1.28006967889299
560.248229980469 1.31742109251932
572.247253417969 3.10893436173807
589.274475097656 9.88469572618247
597.287963867188 1.53251266785808
602.278503417969 3.46046112666684
615.301940917969 7.85172326532447
618.267150878906 1.8454999031828
621.286743164063 1.61776013214151
631.342346191406 3.00085671284041
632.326477050781 9.13244818745308
659.290710449219 1.68998671911192
676.296997070313 6.14640921779042
707.306701660156 2.21265396708292
733.301574707031 3.06109316869638
735.361267089844 1.19743788957825
736.309936523438 1.9140947109888
747.339721679688 6.07458404305196
778.355651855469 3.36981511782854
795.384704589844 81.1879937759636
805.341613769531 2.04441651965527
822.335327148438 6.28995600276634
860.417846679688 3.78571055857419
861.398620605469 4.34516969426684
876.383972167969 1.26504654851284
893.390747070313 8.74858712655688
910.409057617188 6.38938862853041
921.406677246094 4.56994269071457
959.479431152344 4.39615949852243
992.454772949219 1.4707676321143
1006.4921875 1.50791234311667
1008.44116210938 1.46537854045099
1020.4638671875 4.76962622517803
1023.48767089844 12.6475132799627
1058.54296875 36.3607232302025
1075.47912597656 4.11917468025237
1093.4931640625 1.35775063872408
1105.509765625 1.12717592554618
1133.55285644531 2.41231405982681
1152.54309082031 1.15920653149651
1155.58203125 1.16271379013352
1156.54089355469 3.18192030075747
1173.56372070313 2.41039768110852
1204.57751464844 1.96663805533428
1222.54907226563 2.17377141182087
1232.54541015625 4.44248142501003
1249.56176757813 8.57587470566653
1291.60546875 1.1975075252746
1320.62963867188 3.22700536809427
1379.62072753906 1.30419164377653
1396.62756347656 3.82571947757514
1417.6474609375 1.79454257623218
1434.64611816406 1.32867960430023
1503.64819335938 1.82360903843209
1509.70764160156 2.39804610843411
1565.69226074219 4.3816971187498
1622.75598144531 2.00368624160903
1705.68188476563 7.23337780433164
1750.71154785156 2.85090253661222
1828.76489257813 3.95125061160208
1831.89245605469 8.04297474794248
1836.30126953125 8.57960912400089
1863.11315917969 7.97168579346722
1880.29858398438 36.832745695388
1893.41125488281 9.98707710980052
1896.48217773438 25.0307795946778
1900.50231933594 11.7084668789832
