882.6074 80 1
70.0725936889648 8.10193479502374
72.0849609375 6.86723147479778
84.0733261108398 3.41656223213185
86.1005859375 7.87188890613597
112.091659545898 15.0718970234283
129.114791870117 9.86777270361497
136.079925537109 6.0467853882238
157.108352661133 7.56057993301344
158.102462768555 6.33646205873884
172.068801879883 4.73206858535153
175.120376586914 59.6085033467688
185.10661315918 5.25576329413943
187.14875793457 4.99973505142901
199.178100585938 6.18896179540709
213.142700195313 2.55724250632666
215.13932800293 7.86000933070748
227.176132202148 16.560616100273
230.146484375 4.08448910439771
255.142852783203 70.7795397859374
257.154174804688 8.02749509902139
268.181854248047 2.85563580366241
272.170806884766 87.2096678716937
274.1826171875 4.47908816575581
284.190307617188 7.84714503828678
286.175720214844 29.1063274929788
298.211334228516 2.53209757487541
298.978485107422 2.21422910941585
307.147125244141 3.13435671612919
310.204223632813 11.9365696138656
312.179290771484 4.52007449882031
314.175964355469 18.7469681633061
328.221374511719 52.3907299540874
331.209533691406 7.00315445072376
335.129272460938 13.0943612532659
347.150115966797 3.82989841822004
354.207489013672 14.708660746087
371.229766845703 13.0706251333234
375.160461425781 3.20990806813832
381.246002197266 5.04582404063074
385.242736816406 10.8029631390818
397.265319824219 3.70983203791341
399.25634765625 24.9854017152606
404.154724121094 13.9369751184794
413.295257568359 8.31835804337986
414.242950439453 4.1141480878218
422.156494140625 14.9464787543955
423.287109375 15.4329203701153
427.267669677734 6.12120397255452
441.306579589844 21.1413214880051
442.274932861328 20.3039669880176
445.216735839844 14.2253182568795
462.226348876953 6.79353917849817
477.191741943359 3.96011567409412
478.203948974609 3.72279111476066
480.314208984375 9.96209709345951
484.195251464844 4.22859233691963
484.343353271484 7.61048061126411
493.973175048828 3.37420314606107
494.333038330078 9.19780502915518
498.327392578125 22.8676190385618
500.849151611328 3.82562350827138
501.240020751953 3.58129516641497
512.33935546875 40.2181706433875
517.307983398438 7.26489912198896
522.318420410156 3.2316478338071
532.234985351563 8.97156287609018
541.301696777344 3.91869928522836
541.482116699219 3.55859081399459
549.269470214844 6.98750780864319
550.272583007813 3.59487988736012
553.194885253906 4.70463794468369
555.352905273438 11.0814339102272
610.221923828125 4.45006137657293
611.42236328125 5.95334419905514
650.367492675781 9.46860007921518
656.403869628906 5.7806652066959
757.371398925781 5.94075611767158
832.864196777344 11.8617849775756
833.1201171875 17.3785678980951
833.528625488281 16.1549991526485
834.498107910156 20.0213537056025
834.736083984375 23.5220862096542
835.136657714844 22.8234762197945
835.384765625 20.8347279056109
838.459350585938 19.4193135034337
842.204711914063 8.64781387954015
848.486206054688 11.2020732717704
882.780151367188 88.7027492640064
883.645874023438 100
884.715698242188 61.5794990133091
886.773986816406 41.2762748304432
887.772521972656 45.2045988278967
888.827087402344 50.1863670907047
889.882873535156 64.2716984621081
891.465270996094 40.2201654928003
892.007385253906 76.5611954382747
892.562561035156 77.3717505612936
894.300109863281 65.9471644580004
895.469116210938 43.9632111336894
