1828.9335 80 1
70.0789489746094 4.75855775845954
112.103530883789 24.6575363325036
129.125885009766 11.8894087113839
131.150726318359 2.83838149768964
175.133636474609 16.4911182987941
202.103286743164 1.67395366684386
217.143569946289 2.3784608488604
228.16178894043 2.11963342024554
230.157028198242 3.5856796358696
231.114273071289 5.08219668553898
245.145736694336 4.00962076021494
246.154296875 3.14176088458191
255.157318115234 27.7152075270218
258.121398925781 1.60496301414426
260.118347167969 5.25614724572529
262.130279541016 4.8045771973166
272.183074951172 71.7454027251786
278.124877929688 4.90145593784981
297.141876220703 1.5735156643094
301.162017822266 4.28606153416918
329.200744628906 3.67968065617636
331.188079833984 2.08919958483779
333.212951660156 3.96015432123805
346.192962646484 5.33314294220011
354.21826171875 5.64330407900446
359.184234619141 7.8362105544347
371.2451171875 24.3421210194431
377.198211669922 4.06372898329498
378.180084228516 4.76018965982254
381.231414794922 2.26439241191271
391.174713134766 3.73740525179736
392.174224853516 2.92603562421608
425.200408935547 2.67980276224381
432.216888427734 2.61645005588511
446.210693359375 6.01204309085805
447.214721679688 3.37678473399348
457.219329833984 2.89675405802958
458.242980957031 3.39969204034815
461.191741943359 3.81245953653642
464.237945556641 2.84905592153132
471.287231445313 3.19251213491931
473.314453125 12.4233214460223
475.233856201172 9.78383985709367
479.199554443359 4.83310318649063
482.271392822266 5.10521630824309
491.226654052734 2.52390645443002
492.21240234375 6.07711727700845
499.300750732422 18.6350964396293
509.236206054688 4.08531828250941
510.250244140625 2.5454851901505
517.296813964844 7.470527270885
539.231750488281 2.83767650330773
544.226196289063 2.95266050468487
545.287780761719 3.6054031447606
560.25 5.57430927848294
561.247314453125 4.90102397017343
578.256469726563 4.78314372284231
588.314636230469 2.96798713087561
589.289855957031 3.74761304649813
594.294860839844 5.2844916880514
596.2685546875 2.77624585108212
605.277587890625 3.75518345366421
622.272155761719 5.00734701567775
627.255859375 3.4930058261472
630.341369628906 19.4279014495311
632.331176757813 4.2367480545847
655.276672363281 4.35502860551908
659.313049316406 5.04009595962413
708.315368652344 3.44499284471174
709.286254882813 3.58904583846508
719.298156738281 5.33583745182835
725.304626464844 2.88262448697335
729.400817871094 16.4301077831316
731.395935058594 4.84253781266041
736.325317382813 9.41960815606523
749.364807128906 2.90863577039054
751.3837890625 10.2912786272799
795.394409179688 3.29043767808994
816.42919921875 74.0741524317248
881.38720703125 2.94402601036439
882.386596679688 4.18965863942536
883.381469726563 3.27493379647071
885.448120117188 3.95027148601993
899.391967773438 10.9754311299913
901.397216796875 3.54249410514784
913.451416015625 14.6320992806176
930.469421386719 9.48898664909577
936.439331054688 4.39160729137987
1002.38800048828 3.98952099287378
1010.52618408203 2.92607599326843
1013.44134521484 4.41405862451816
1014.49993896484 4.79493469479024
1082.44409179688 3.88763303030472
1093.53247070313 17.5074797987967
1100.46044921875 7.42387861751076
1101.451171875 5.73181963535495
1190.54333496094 10.5779465007201
1199.52954101563 3.18058151358136
1207.5634765625 5.87166983740501
1354.62841796875 28.6539049518786
1483.6728515625 4.26530519286151
1484.65478515625 5.14349154404985
1780.75073242188 20.6941423989407
1783.36877441406 47.0839212974066
1829.26184082031 100
1833.22436523438 51.0312032090035
1836.35949707031 32.8974218821172
1838.36901855469 27.0382760175053
1839.38891601563 25.3319396281954
1841.40161132813 26.8921389520304
1843.42578125 24.4424435778436
1845.46264648438 83.9833566659788
1849.17004394531 50.1968435265979
