1447.8262 80 1
70.0923919677734 10.6423176993038
86.1324691772461 10.164846350227
99.9476623535156 8.47883422174891
112.107917785645 18.2666080060727
129.137405395508 13.2662158695702
154.413650512695 8.41700971592939
158.117263793945 9.93466020951
175.141876220703 67.0947203341779
185.147048950195 11.5022426595354
199.133026123047 11.5842361687426
229.143005371094 10.362300748462
232.163360595703 18.681882148787
246.181838989258 16.4157993835023
268.198852539063 11.7216188063638
286.206665039063 22.0398118262267
334.214813232422 9.53319444646839
342.241027832031 9.98233140077041
344.203918457031 9.94467400031493
359.275512695313 15.9915560183897
362.192474365234 10.6248546269557
381.269378662109 11.7855286350328
383.259826660156 10.3478735913018
399.274230957031 10.4819850684477
430.301208496094 41.6017700892824
432.290740966797 11.0777094331737
475.273040771484 10.3301877834675
478.278442382813 12.3917176010854
491.247314453125 17.0394428786241
493.246063232422 10.2674364844437
559.350463867188 43.2967267256734
594.283203125 10.3099933028016
604.315185546875 11.6289550469017
620.281127929688 19.6161787929602
663.347351074219 11.1337042190397
673.34814453125 10.470314949442
686.392333984375 11.1239239953781
688.3916015625 13.7735481142945
691.329895019531 25.6406574350924
720.411743164063 15.5129816709809
733.356201171875 11.6128683578112
776.462036132813 11.6214717448014
804.419250488281 14.0592371921054
817.486572265625 11.4861550550935
835.3935546875 10.702741565056
851.48828125 13.5883322682305
917.527038574219 13.9010754694465
998.624267578125 12.4458612414795
1032.54516601563 12.7819388834818
1049.580078125 22.1078596530643
1060.82104492188 11.3122553921942
1061.85070800781 11.7072737257047
1163.69311523438 12.7113314292561
1195.6201171875 14.242939657332
1404.78186035156 18.4709308954428
1448.189453125 82.309359110798
1453.09155273438 28.1719339520571
1454.23937988281 28.4319736656112
1455.41259765625 29.3158667948549
1457.31677246094 100
1460.38305664063 60.0741405272233
1461.375 57.2550830495805
1463.86828613281 32.3494716360333
1465.52075195313 22.1561950842608
1466.10656738281 19.3491677638068
