1687.9142 80 1
70.0823364257813 6.17539198379564
112.108489990234 11.0710818890695
129.137130737305 8.16907155143577
154.496353149414 3.86846368940076
175.136016845703 89.733075302133
214.140823364258 6.20741703279521
216.109649658203 5.66913186252976
232.157150268555 8.17998033829954
235.132598876953 4.80541398925617
243.151565551758 4.66016784591648
246.175155639648 13.7641411067304
256.163848876953 5.49054191490476
273.1494140625 7.74180193428038
290.163421630859 7.90026117399958
300.168579101563 6.49866370482905
312.192260742188 5.47450398879128
316.131408691406 5.50094919728346
334.183898925781 4.86256960680743
348.179626464844 4.90569672198845
359.272003173828 4.85897151789429
361.2001953125 8.10795583649898
384.210693359375 11.6040154076255
386.236053466797 6.06944341403137
403.255767822266 7.77554435941984
413.244750976563 5.5483234906574
429.212890625 5.88064414632442
463.193511962891 5.36840797614076
471.314605712891 5.26174645829132
474.278411865234 6.16685647395744
490.228424072266 7.30291682614812
497.305725097656 7.94099514497112
506.261199951172 5.21169435234428
514.267211914063 6.73632687897723
529.2451171875 5.46889505705032
531.30712890625 10.9099851387788
534.278930664063 5.39937041461848
537.288024902344 5.07913099348237
547.270141601563 5.43456300227434
548.280700683594 5.77499542912862
576.296081542969 5.56626100336885
577.283264160156 5.41828170315805
601.301818847656 5.59545171476786
605.275634765625 7.74997330701934
612.326477050781 11.7099588686854
614.36767578125 5.19224650793089
618.333984375 11.4411462207139
629.344116210938 5.66859913818427
630.354553222656 5.50399540420949
631.321350097656 6.54640823736585
644.329284667969 5.47454911568042
647.326721191406 6.202603923678
658.356689453125 6.06045862202007
669.353698730469 5.27830745897526
676.322631835938 22.7865053685956
689.3779296875 5.60163267949674
718.353149414063 7.01975581414556
725.407348632813 5.46402660363509
744.423645019531 8.77019350239777
749.368774414063 6.65853010880235
751.408203125 5.96949146991106
752.409118652344 6.23665372253411
761.401977539063 6.48653308615529
762.414367675781 6.43586935476098
766.382263183594 15.6885599816677
769.411437988281 33.8538891232901
786.433715820313 27.5548985635515
789.404418945313 17.9664501162542
882.478759765625 6.31644842186728
884.550415039063 5.87401276415479
899.521789550781 11.7760700451059
903.446411132813 100
981.590454101563 5.94551461711027
998.604919433594 7.79766504961034
1001.4912109375 6.17127450993192
1012.60760498047 17.8926015231546
1018.44793701172 6.6056897855031
1141.67028808594 6.04028151004902
1157.58288574219 5.71012595170197
1198.68957519531 29.2029612207896
1214.5869140625 8.05955937651328
1328.70544433594 6.53589991616616
1688.33630371094 78.8341732138025
1696.48486328125 13.4585009437764
1698.56848144531 66.705359615612
1701.50109863281 55.7424783835106
1704.62683105469 78.9420440755178
1707.45764160156 53.53988884935
1709.01293945313 28.3323724238719
1709.66723632813 24.0929208625923
