1567.9596 80 1
70.075325012207 1.77938573185615
72.0902633666992 5.62204651979857
86.1016616821289 2.34920929429924
112.100372314453 7.72043858352525
129.122253417969 3.16669610938098
143.091659545898 1.33618696499023
157.113739013672 1.49665538312931
158.100952148438 1.80606583900019
175.124206542969 69.6344447332951
185.135238647461 1.29512539911335
214.147430419922 1.50540015945893
227.179458618164 1.24015548670047
228.138565063477 1.92449412768198
229.13053894043 2.918283809274
242.159255981445 7.02697963959688
256.165557861328 2.2881663703406
259.107696533203 1.20493517704692
271.174926757813 7.093119559181
272.176300048828 4.91262967343539
284.168701171875 1.38328002811019
285.166015625 2.52119019996538
286.151092529297 2.22667388171112
288.207092285156 6.16263103803058
298.181762695313 1.53743035030654
300.184631347656 1.51208602695164
314.181518554688 3.14023327811897
316.113403320313 2.89508186496706
342.181915283203 6.99750010908132
358.183349609375 2.0349478264236
370.207061767578 2.14663709733806
371.192291259766 5.84189299846037
384.255920410156 5.69655417212907
385.223846435547 3.99699560691395
387.184661865234 2.46569692754263
398.214385986328 5.08953757340465
401.278015136719 5.72685940409015
410.227203369141 2.10126553442216
412.206665039063 2.23620649601505
413.221496582031 6.79284917990871
415.178314208984 5.73909248754557
425.232055664063 1.85486492337176
428.244934082031 2.53410396291732
441.237091064453 3.85811172034215
455.276458740234 7.93679984292981
458.18994140625 3.68935536186795
470.2568359375 2.41890526871043
472.314056396484 9.63673831036631
486.224884033203 4.61580664994915
496.235046386719 2.31594952835103
498.277465820313 4.15067202893389
499.257904052734 8.51782322261142
500.244171142578 6.43943865934713
508.308044433594 3.97357562065716
512.267150878906 5.52489327549584
514.253845214844 3.33819113758143
526.28173828125 5.20053417742021
527.28369140625 4.15240813920599
529.244445800781 2.41166180328538
532.314086914063 2.30080435561697
539.246154785156 3.30892542510819
540.266906738281 3.02356036264912
557.253540039063 24.4337558873706
568.320922851563 2.1795356939094
571.379272460938 4.8616223458807
574.3017578125 3.21373139969383
585.290832519531 3.83613461820193
588.301147460938 2.22637445285019
597.310668945313 3.59114868244268
603.330749511719 4.42076543740538
610.324035644531 2.31584294969135
611.308837890625 4.67911159606367
613.280456542969 2.10990034757243
625.367797851563 2.59986294200112
627.351013183594 8.15311860031826
628.33203125 14.8804699620086
638.296325683594 2.14038270722499
656.311096191406 19.0042495953635
668.376098632813 2.94786351685275
674.34814453125 2.49089111677314
685.410705566406 7.77971573547007
687.358459472656 3.25481566612404
688.374267578125 2.99430220129549
699.330688476563 8.10608731479563
701.377197265625 1.99484331776313
725.384094238281 3.58274466386972
727.374450683594 3.65180245742946
728.374694824219 2.31725562932947
742.436950683594 10.1186923491435
755.380615234375 7.39073965727893
758.381958007813 3.44774477657557
787.445983886719 4.62862510698426
793.431457519531 9.64589436651612
796.451904296875 4.35742141424686
813.466979980469 8.04737876215765
826.379455566406 2.40432815591752
846.376586914063 7.38866363875112
872.418334960938 3.08469859589563
887.378051757813 3.06701257928503
895.485961914063 2.34097081042654
902.478881835938 2.43818659418064
912.533874511719 4.33720555681973
973.47802734375 2.00038991176978
974.446716308594 6.27028430293276
989.533325195313 2.05729005216538
997.447204589844 2.41299851326653
1011.59552001953 3.05036613609883
1039.48828125 2.10612252243019
1068.62573242188 32.8815814177768
1102.44885253906 3.02179032627533
1197.65747070313 17.5065399815473
1376.59741210938 3.94784372428952
1385.57055664063 7.32836131444574
1411.55883789063 5.09082956997038
1568.18969726563 100
1571.09680175781 42.1050912875993
1577.26232910156 13.4948216061368
1579.17980957031 18.9902451271201
1580.2998046875 20.0840269604829
1583.39428710938 30.7653402332559
