1846.0110 80 1
70.0801162719727 .494819551907318
86.1093826293945 .574642068580477
112.098365783691 4.7658509415994
129.124420166016 2.07972318332062
157.123397827148 .714065073501719
158.102264404297 .830923426302161
175.128280639648 10.5468588507692
185.135299682617 .44538250187131
215.12580871582 .57963921388202
232.144073486328 4.29874531713316
242.155410766602 1.01743034703081
246.177200317383 .518718935080519
258.130310058594 .484775392660057
272.172302246094 1.98424963841798
286.151123046875 .539550725119326
300.142578125 .665596557997736
313.18994140625 .533798844205541
316.153533935547 .731950064642853
318.163269042969 .86810529547794
325.179382324219 .548324838405991
326.143981933594 1.01102638146212
329.171264648438 .544601165342927
343.177001953125 2.91867040701114
360.199096679688 4.07974334320342
369.135162353516 .543338900785425
371.197326660156 .97059660179504
375.165466308594 .928473728244386
383.198822021484 .818189749639517
385.218811035156 .889919494321245
387.163635253906 1.17326172189742
401.168762207031 5.09140973122956
419.177490234375 4.62988397355916
431.220428466797 .585530357305955
456.250946044922 1.28683425472801
458.188781738281 2.52452384948582
473.282257080078 3.74743157515972
483.245697021484 .766308836675357
486.224517822266 .684805973676737
497.259399414063 .930420452809668
500.291168212891 .846717168950119
504.274078369141 1.43575170839013
514.244079589844 5.60245019508336
526.218139648438 .847786749973623
526.961730957031 .770615218930094
527.282470703125 1.03392283302092
528.2578125 .78841532101226
532.258361816406 3.18608733189053
544.30810546875 5.32037956154666
557.26611328125 .844468923729307
558.287658691406 .755067085659785
571.277465820313 2.24590437791949
573.294128417969 .770073157573712
586.292602539063 .72577466113025
587.252136230469 1.2713469701845
609.973266601563 .633301442771785
615.34765625 18.0198078312074
627.315246582031 1.21097912794351
645.348999023438 1.30586351093364
658.252197265625 1.05780702041591
686.345703125 .811414154921334
701.313354492188 .94517681447475
702.307739257813 .79771404644837
711.260681152344 .802909144903398
726.347290039063 .830029026294392
727.355590820313 1.20169726528975
729.300231933594 2.66058724541135
744.386474609375 10.6092584942493
754.357299804688 .823487591321481
754.885803222656 .63684251634312
760.375549316406 .934218409053569
800.312744140625 .782785087316406
816.413513183594 1.09757875378658
817.400695800781 1.52250676217257
842.39501953125 .928460662868757
855.434448242188 1.25173962236816
873.419006347656 1.89209489166614
888.449035644531 .817171909307888
899.422668457031 1.15755783343823
913.436340332031 1.13737249243209
914.464965820313 1.01830126955099
916.481628417969 .88840210636492
930.441345214844 3.71398969231262
1029.53723144531 1.72571129446853
1069.50842285156 1.81771050132724
1086.52490234375 100
1088.14624023438 3.63208499314728
1184.53308105469 1.93932190224783
1201.56176757813 3.28197055587604
1314.60864257813 1.71153169573189
1427.68383789063 1.92615372597939
1528.73400878906 1.50457151998102
1730.71228027344 4.48946161400842
1846.28649902344 25.8510973012724
1851.17260742188 5.72389129502494
1858.42834472656 5.68350315970485
1861.46923828125 6.77230257159399
1862.48510742188 8.22457249894099
1864.61242675781 19.8814613326558
1869.59375 9.97917374203644
1872.11340332031 6.0589534681691
