1113.6633 80 1
72.0859985351563 .932063344809472
73.2026748657227 .792978454152761
86.1045227050781 .690255895255489
112.10514831543 .845273034787294
129.108840942383 .771747994007725
157.114151000977 .647187255739542
169.110198974609 1.08275104197103
175.126678466797 3.10859419943426
229.123519897461 3.19153689259048
240.139083862305 2.66150632268834
248.155044555664 .752026334071142
257.151702880859 .717910493890563
260.194580078125 1.75903277937206
272.156707763672 1.00384235711281
311.164001464844 1.64751858395031
325.232299804688 1.91333878583523
328.183685302734 5.48165460247268
331.230926513672 3.59477447071138
353.220031738281 4.3668998600853
369.180938720703 2.17375481690351
371.23681640625 1.62142536363417
387.197143554688 .998894362343681
398.208740234375 3.17338702772406
402.263000488281 1.19220615464474
424.246612548828 1.57580174994133
457.220520019531 4.48481261116227
468.246795654297 2.75790398692742
481.311279296875 1.53742032075142
499.318756103516 100
511.268524169922 1.10530795400441
516.245849609375 1.35159460217623
526.2470703125 4.28379681075433
544.249389648438 6.06292864984305
570.354797363281 15.4755396234488
597.288146972656 10.1916994094466
600.257995605469 1.19909365980276
615.287719726563 7.21473286763351
627.32177734375 3.35418450544144
657.383056640625 15.5772987476175
712.341064453125 2.2755364915731
783.371459960938 3.40197066317425
786.416625976563 10.1054156227811
836.975708007813 1.81784466662591
854.40283203125 5.41610908445624
885.475830078125 3.80656429485391
964.369445800781 2.63613118288424
998.519226074219 2.59807794315257
1026.50036621094 2.07835264317937
1107.37768554688 2.18028705125702
1113.83325195313 6.66779806003284
1118.93823242188 3.71450445052483
1120.91906738281 16.5397924727784
1122.9599609375 14.4019474327597
1124.53527832031 7.13167626112309
1125.10546875 5.81676911693345
1126.33483886719 4.1410394105855
