1291.7301 80 1
99.9494934082031 31.2505736326681
100.062797546387 30.2568245438718
154.343414306641 31.5936869376167
154.473709106445 30.1128531630397
175.138778686523 39.4031595889782
445.2861328125 35.8719346344295
457.233306884766 36.00612062187
467.76416015625 30.7659001687927
467.961059570313 30.2250666676065
514.267150878906 39.7816892784905
558.409484863281 35.378605776959
571.256530761719 35.5663458959622
613.4296875 39.1788838021566
615.340515136719 38.5580394091537
615.493774414063 41.5517339388449
616.274597167969 39.0664327475799
629.365661621094 35.6868343568901
706.366455078125 39.1748329493557
707.364624023438 40.4571600525996
721.452514648438 36.5156588441786
734.363891601563 60.7530804461263
778.464721679688 49.3261795733283
799.492919921875 49.664181683201
835.515747070313 57.3229202204902
847.449645996094 88.8722335306876
903.468444824219 36.7886448856685
960.518310546875 71.4543785622678
972.584838867188 48.5111448938846
1073.62854003906 41.4986852708373
1075.57287597656 38.6490139185969
1088.60546875 76.9149495710502
1145.58605957031 42.4548306098155
1252.65991210938 39.4717579591399
1253.68688964844 39.9360664214119
1291.97595214844 41.8758039490123
1296.10998535156 49.6197032718174
1299.01550292969 52.7927248398341
1300.25817871094 57.7561935777051
1301.16613769531 71.4335360791908
1302.22302246094 70.3434184882446
1302.85852050781 67.560167071363
1303.13146972656 100
1303.32482910156 90.6278590840481
1304.16333007813 95.0282295144135
1305.27478027344 82.59749111944
1305.60778808594 73.7840856877536
1362.65319824219 31.799545751989
