1241.7080 80 1
86.1040344238281 19.8885768510941
99.9521484375 16.1770530373466
100.065139770508 15.970783054309
112.095245361328 21.8865670363562
129.130630493164 19.8801382776565
154.319107055664 16.7652234829124
154.439590454102 15.9381216069498
175.131011962891 38.6979411926056
232.152191162109 21.7947692339476
242.154266357422 21.6830536021965
355.257385253906 26.0557336255495
378.192810058594 24.8489503121418
380.164825439453 18.7693409863777
395.222839355469 22.2974429763303
467.415191650391 17.1927636313769
467.633056640625 16.1691555474643
541.260009765625 19.5029519085195
558.296813964844 24.9081012298467
583.347839355469 19.3347286428431
641.355895996094 19.1280130425473
659.346008300781 100
666.424865722656 19.569802263992
667.431335449219 21.9871095515823
684.419250488281 19.3012371241207
739.046508789063 18.9062561608123
757.360046386719 20.7431610468926
774.359191894531 21.8920296502397
887.492980957031 19.8517077671405
1000.59838867188 22.0011434208757
1151.77709960938 24.3432332983752
1152.65246582031 22.668599111634
1168.5361328125 21.1306720151611
1180.49157714844 24.0862004871978
1241.98425292969 54.7416770022687
1243.68444824219 28.0506239068785
1244.18664550781 28.5511883295164
1248.83117675781 24.4580682509334
1250.06408691406 27.7300924162946
1251.25732421875 32.8308220454631
1252.09912109375 40.6061202452833
1253.21765136719 46.8757809628528
1255.95666503906 28.6611195505475
1256.75512695313 27.7222599729401
1257.07824707031 27.3180938573891
