1151.6815 80 1
86.1148300170898 23.284479883276
99.9540557861328 17.8884890189811
100.078437805176 17.8035018253355
112.102668762207 20.116390846261
154.277923583984 18.7294909498165
154.410675048828 17.8305291678156
166.080551147461 20.1124275883296
175.129058837891 25.7773253864208
186.107559204102 26.0284913073945
207.133651733398 30.1448663420225
212.169326782227 20.6549448825703
227.196624755859 19.7076187338792
235.139617919922 41.4467184825277
255.163696289063 34.7800612529843
272.184356689453 50.7516107834055
299.191223144531 47.8173669849043
322.169555664063 25.7304186546501
392.219909667969 25.2941765007724
409.258972167969 20.9248767680851
412.276672363281 30.5689813472943
419.2265625 19.7529930459797
441.237884521484 19.9174984645088
446.269348144531 24.005559792171
466.877288818359 18.3610408386704
467.029998779297 17.9300402945579
472.239440917969 21.4841228101289
489.278717041016 45.1235214387048
506.302642822266 65.0194648681005
540.00830078125 21.082872908551
561.314636230469 23.5008515312231
576.312622070313 29.7465039998624
593.348693847656 34.7517992943952
628.352844238281 22.6451657481141
690.34912109375 22.4177379760276
706.339294433594 22.6542307282635
723.40673828125 28.9764320665473
725.396545410156 20.5665095777365
740.39990234375 24.7795265420162
777.386352539063 22.4048619783323
837.469970703125 23.252158514933
838.451416015625 24.6910748780181
853.474792480469 26.3502319983223
876.443176269531 26.949656481589
880.550231933594 26.2665765741896
886.568054199219 21.9869798146342
995.557983398438 27.1228452777223
1037.60400390625 28.0370501283253
1119.03430175781 25.990913973285
1134.69958496094 27.3037382386289
1136.14038085938 26.281337882098
1136.74938964844 30.391402285657
1138.6064453125 26.0078086497538
1149.04956054688 25.0770509958284
1151.93701171875 100
1155.16223144531 37.1433041152873
1156.96264648438 28.2780005858851
1158.01635742188 31.3536503291544
1159.00134277344 32.7797768305517
1160.13879394531 36.971977592993
1162.17028808594 42.7905603909832
1162.62561035156 38.1545401768788
1163.13037109375 65.5831442436521
1163.3251953125 63.9341204570801
1164.60974121094 53.0524350876376
1165.26989746094 47.4908247123431
1166.49450683594 40.1179537140084
1168.44982910156 35.0879847934824
1168.79736328125 32.7124852447016
