1684.9033 80 1
99.9481506347656 10.7994535353733
100.059043884277 10.1501602645052
154.494400024414 10.8496877176278
154.623733520508 10.0983819464894
175.138885498047 13.8197227698892
427.200775146484 12.7613442394786
444.248657226563 22.8166468649497
469.623138427734 10.5779356403877
469.778228759766 10.2759993152321
515.271850585938 17.6656385700262
541.350891113281 11.3696856633916
579.307983398438 11.5644918233604
602.315795898438 13.5901670177055
604.317749023438 11.8737508781033
615.390625 12.2431884168881
663.329467773438 12.0629129919947
691.140563964844 11.7169574095892
715.385681152344 12.8003396778122
772.431823730469 17.4645854297897
800.345275878906 13.8829133942039
885.517517089844 15.0351453060011
913.532104492188 11.9574655172257
914.5400390625 12.2381089230414
1022.580078125 100
1040.12036132813 12.8830386712331
1060.54797363281 12.6279570178739
1083.59362792969 14.4052058219511
1090.90368652344 12.3642044158723
1120.58312988281 13.1814525025864
1137.58032226563 12.760802252466
1241.64819335938 12.5822190080354
1321.74609375 12.9074818637227
1510.71459960938 17.4604747640893
1685.25048828125 30.7952566578866
1689.19897460938 15.3322672258994
1694.36547851563 16.0062185860531
1699.49548339844 61.6999027443321
1702.44018554688 51.8086422946116
1703.63146972656 34.197245447385
1707.77709960938 18.6453102525992
