1113.6674 80 1
72.0959854125977 .580735804249447
86.098030090332 .470984872645375
112.097396850586 .549026098223016
129.112655639648 .500179863033443
175.127212524414 1.45042111317447
229.118835449219 2.28254310803787
240.136795043945 2.9565840945281
258.158172607422 .458340847001066
260.199401855469 .887548869432854
270.120635986328 .73271764489589
276.172210693359 .573232014309996
288.121215820313 .657358536283718
301.220916748047 .441460277781021
311.173614501953 1.20792070841938
325.218170166016 1.73630206446805
328.187469482422 3.48092482883319
331.238037109375 2.70036199600977
342.196624755859 .80446846226149
353.222747802734 3.5125402846089
355.166137695313 .912570788425952
369.180328369141 1.39715868886031
371.213195800781 1.33687238992305
385.163055419922 .575580267487765
398.200469970703 1.59705662458076
405.237152099609 .741468098926021
424.252777099609 1.11850512416688
457.218902587891 4.02809172204148
468.251647949219 2.42798955474892
481.300384521484 1.81035866526149
483.266815185547 .940570130366078
499.318817138672 100
505.209625244141 .72514885890313
511.284973144531 1.01838538129326
516.2568359375 .970475275226647
526.249267578125 4.19400345367076
528.273315429688 1.12905606704562
541.286437988281 .958846233103548
544.257080078125 6.01258157707477
547.266235351563 .9701269934101
555.289001464844 .927544834018898
570.3525390625 15.8425829343366
581.291625976563 1.22170109237733
587.311889648438 1.2439836748414
588.288269042969 1.12874513731245
597.278625488281 10.7750034777589
615.286743164063 7.10513879431232
627.341918945313 2.55491034462794
657.380737304688 16.7978334982993
676.335205078125 .815504322550345
696.332641601563 .905575607017782
712.352294921875 1.68258471972355
746.357360839844 .777549224558657
765.350646972656 .86609364457581
783.361450195313 3.23274431026305
786.427368164063 9.55700588262683
836.411804199219 1.51634899993562
854.400390625 3.74441035188165
885.471069335938 3.31480262488871
964.423767089844 3.12651729138817
967.478088378906 1.36020241497788
998.518310546875 3.07841304382963
1025.54956054688 1.8556977522677
1071.51220703125 2.1247009847036
1095.64636230469 1.16641733391779
1103.95385742188 1.88929333075373
1113.82006835938 4.1183618644091
1119.93664550781 4.85867290580686
1120.912109375 13.0292450820719
1121.94714355469 14.412800408112
1124.34326171875 6.22928042380183
1126.18774414063 3.74510423526513
