1244.6989 80 1
86.1010208129883 1.99694185758978
112.10302734375 2.86181277835807
136.086395263672 1.63263005863826
147.124282836914 2.440824850372
157.147445678711 1.62910640833773
160.844848632813 1.61051135973234
175.134674072266 13.2007303825713
185.146270751953 4.39949891212747
229.130722045898 2.27716934079795
230.150482177734 1.67657505800333
246.180740356445 6.28211712730652
271.146301269531 1.56695564674027
301.201507568359 1.54423986909266
313.194396972656 2.39362673935225
314.174896240234 4.26978129272155
328.190063476563 2.53384754079765
329.1611328125 5.2487842968447
330.143371582031 4.67919550238503
355.241119384766 2.47726429603544
357.223327636719 6.8604515718348
360.213012695313 6.45370430758839
370.219635009766 3.06250454890628
372.171661376953 2.36286070480754
375.230224609375 21.4766481419086
383.189636230469 2.98207833515629
428.223754882813 4.34765840913996
429.218444824219 3.54985448589597
440.176971435547 3.44317161929103
443.230529785156 18.0221907020483
458.213104248047 9.34185517376695
468.295806884766 2.63166303233973
469.239044189453 3.03684973146184
474.297821044922 72.8471858875241
476.269653320313 6.54533074175038
484.298095703125 3.63118304518928
486.228820800781 11.3897452637933
497.278076171875 3.11609990979169
499.301513671875 3.68016404962469
513.273132324219 5.52407305059962
514.264892578125 16.1348165238416
528.280151367188 4.05254469475376
529.234558105469 7.09328030156895
540.281188964844 3.83033440059794
543.296813964844 3.46193208018494
547.278991699219 6.33392127681882
557.269287109375 12.1636637311058
559.267028808594 3.78163414400145
571.274169921875 19.4119312340248
585.305786132813 8.46517969706702
587.236022949219 4.96392319690262
588.245910644531 5.21262534304479
594.349792480469 14.0707990500611
597.300170898438 3.88157695502449
603.341857910156 58.8648026245471
613.309631347656 3.62504758855798
614.317687988281 6.42549982618725
628.315612792969 3.96217327560188
635.334228515625 3.76497647865539
642.31884765625 41.5429643561701
651.327392578125 4.86937513424045
657.349914550781 3.85605361449095
659.337036132813 11.0102217423214
668.290893554688 3.71920521668572
674.378479003906 31.7107514004269
676.350463867188 8.47001052419687
681.343811035156 6.04837577325045
681.487548828125 5.63065623094549
681.786682128906 4.14197225561621
686.317138671875 8.03896912813181
700.317016601563 6.22503127611645
714.398315429688 3.79791135536794
731.394165039063 65.9773859554205
742.398803710938 5.06215682796558
743.391296386719 5.2455983128711
744.337463378906 5.05168957194728
753.343383789063 4.1939280022018
757.323120117188 5.74431805023825
771.355041503906 62.6251983068653
774.38232421875 5.17643426060614
799.401306152344 4.83833099610741
800.378540039063 5.03805386751193
802.428100585938 42.7820323482587
815.399597167969 5.37960066201537
848.913513183594 3.81721180006647
870.417602539063 31.3797815685189
900.433349609375 5.27426564747414
929.467651367188 6.63848041336389
931.468505859375 22.2467211133636
981.474792480469 5.04090842549057
994.577392578125 4.34922599246319
999.466918945313 28.8624969970856
1001.47369384766 8.04840572286765
1060.49768066406 18.9966712026367
1071.53271484375 4.77590163139684
1080.51843261719 3.89440447309541
1098.50769042969 6.84979687224839
1173.55322265625 5.57542869147244
1240.94079589844 8.06365179579368
1244.91467285156 23.025751771974
1251.00463867188 11.6758740134917
1253.12524414063 17.088532658984
1255.16955566406 100
1257.4365234375 74.823622044038
1258.02648925781 59.7540918525335
1260.43090820313 29.3443200129482
1262.11401367188 15.2381104314119
1263.83740234375 13.241960969239
