1389.7947 80 1
72.0994186401367 2.61389669676587
84.0905456542969 5.75795754764235
129.121932983398 7.83679518793565
131.297348022461 2.21053642730921
174.348510742188 2.29098937690197
175.137771606445 6.97635651776972
201.078887939453 3.0968742471257
216.139862060547 9.4033218819785
242.175231933594 3.24075269112652
272.132263183594 4.29067716927707
275.246734619141 3.31726010077241
283.20458984375 2.29355321745399
287.194763183594 2.25146824205843
288.015167236328 2.08883992749811
303.806182861328 2.23024971106542
387.162200927734 4.19717157587656
388.257629394531 3.75321050827846
402.188903808594 2.81147853417302
444.290557861328 3.70959729064445
459.320831298828 18.6478214285624
489.294738769531 3.65832702838242
501.255432128906 4.77398279610315
502.171905517578 6.52089045353639
506.268188476563 4.80430090419471
557.323791503906 4.7428928111085
588.357971191406 16.0488092075723
598.319274902344 5.49770972556648
616.264404296875 8.63378910731395
619.277526855469 5.53953761498674
630.267517089844 5.41028953806659
659.395751953125 46.7633670228045
697.567443847656 4.47023223143751
699.465270996094 4.47278225641923
706.555908203125 4.90043740432297
731.340576171875 15.2987324821342
774.403198242188 45.3932906821028
779.552551269531 6.55735108055151
784.46044921875 6.42001331872476
787.385986328125 4.8638059148515
802.335327148438 18.7708899345859
889.424499511719 17.8526914846363
891.442810058594 6.33603931134467
892.453552246094 5.04219189008316
916.511352539063 8.98265038106651
917.497741699219 7.89028294826734
931.374389648438 21.0867661549356
984.290283203125 6.67765181780659
1002.39916992188 31.2245042810956
1017.55505371094 8.95348308769784
1087.47570800781 10.6490354477863
1104.55249023438 15.4712846966312
1115.50073242188 27.5577162434059
1243.50109863281 19.792906997867
1260.52905273438 11.5608428842401
1261.51257324219 20.1602819281137
1376.85339355469 9.13772872166863
1389.35913085938 13.9612797042486
1391.04760742188 20.0770561403295
1393.55554199219 13.7745149817748
1395.45397949219 13.3449321532891
1400.06335449219 33.9051216591
1401.109375 45.7124392693279
1402.12145996094 81.7287828968635
1404.21508789063 100
1405.80541992188 98.8868758365006
1407.00427246094 70.9237416330925
1408.05932617188 65.1520285559341
1408.85852050781 55.9124983932343
1412.67419433594 24.9933748645817
