2960.7383 80 1
70.0814743041992 2.66263200623543
84.0944366455078 2.25407804167562
100.094200134277 95.1696111819253
100.259155273438 26.1836908850029
120.094818115234 2.07814279052328
304.179046630859 1.9461331788108
313.198974609375 3.78786916477664
384.222839355469 4.24456004024433
397.206726074219 3.5462617905024
401.204803466797 2.7188028098347
412.259216308594 3.61755046434825
455.274139404297 3.7418024219993
458.243682861328 3.11287541512312
462.244750976563 3.22066481482109
468.232788085938 3.18681472667764
471.221069335938 4.700470436624
472.337219238281 5.5735141409326
483.277099609375 6.60959973100299
488.257293701172 5.45909942970565
505.234893798828 3.57511382227053
506.261016845703 4.66167756478634
517.284484863281 4.34508724996159
525.269226074219 8.04130718792075
528.306091308594 6.75489288501754
533.294555664063 4.95161462444739
542.274780273438 5.49171119527559
545.307983398438 3.79476720947354
555.331604003906 3.47100110618494
570.368957519531 3.62220949155668
576.277282714844 5.39422613943727
578.31689453125 2.90262826887973
586.284484863281 5.19719848790544
596.344848632813 4.20436576649318
604.315734863281 15.4929648283607
627.325744628906 4.69984323489163
630.343139648438 4.93188088126576
655.341186523438 4.10950235001103
657.338623046875 6.0694317278225
658.315185546875 5.64526673312592
667.328674316406 5.82620409855375
675.355041503906 31.5919227760867
695.362365722656 7.8818805746171
698.391296386719 4.67455799852544
725.353332519531 4.55640281249733
726.320007324219 5.62172631260358
734.396057128906 5.22351966561908
746.416809082031 7.29278269408846
774.412902832031 30.395736208717
797.410583496094 5.72742239363771
845.452514648438 28.7433293394183
850.441589355469 5.49157105508424
854.367919921875 7.32111199462447
863.486755371094 6.02583262677206
865.525451660156 6.02735328094224
874.411865234375 5.86188664104955
879.399230957031 4.07060556304713
911.441711425781 7.79509606009785
944.526611328125 11.0572887039412
946.509704589844 8.44376927402072
964.509704589844 11.9212690488444
990.488098144531 4.66671672422108
1012.49255371094 5.53656899011617
1015.53540039063 10.195564130717
1086.53674316406 5.93014540517848
1092.59191894531 43.4044783611669
1106.59362792969 5.4817344976175
1154.51391601563 6.29776015300686
1203.654296875 8.68059586304101
1221.63757324219 51.2884890666926
1328.62048339844 9.5574079762403
1332.64428710938 6.86533112222947
1350.68322753906 34.4422821983799
1403.63317871094 9.98561464537165
1421.70959472656 42.9845079894402
1474.70532226563 9.6876810454691
1490.59375 7.10776544840833
1492.74523925781 63.0634102930611
1545.669921875 9.3591761524989
1603.79797363281 7.22184726796287
1621.79113769531 39.3672813976862
1644.70910644531 8.27011255949936
1817.90783691406 58.6433253990832
1825.82604980469 9.14721879486115
1856.91259765625 11.6791436260952
1874.91638183594 98.9973310342834
1888.93103027344 8.81403099604656
1889.82824707031 9.50879314030555
1928.9404296875 10.673869148888
1945.94055175781 59.8438458840755
1999.98010253906 10.6959481029411
2016.98461914063 88.3170949172203
2030.91040039063 8.10936239646449
2097.99194335938 17.251515976776
2116.04760742188 32.9266238459538
2187.06762695313 49.7057545767713
2227.0546875 22.7119199785691
2286.14672851563 20.3948756884413
2357.19555664063 18.2176569240446
2374.12939453125 12.4814487581872
2428.2080078125 18.5649129817285
2489.14575195313 39.0690625694344
2499.28637695313 13.241514039478
2505.1201171875 8.62311113945551
2511.06591796875 9.57069107424317
2570.30517578125 8.7056785459418
2571.15844726563 9.4197740865207
2588.17333984375 10.5245159691198
2657.21704101563 9.48226953439149
2701.05908203125 12.3309609282708
2942.78881835938 17.6461522587961
2961.16333007813 54.4233127218668
2962.96997070313 100
2964.87255859375 56.2532315858382
2983.26953125 34.8275063206702
2984.10913085938 55.1800915512602
2990.14697265625 36.5020660503576
3004.681640625 19.5456843770765
