964.5781 80 1
72.0825042724609 .795163729952544
86.1004333496094 .820215521075273
129.110656738281 1.50905361402369
147.116928100586 2.41406823681547
175.119674682617 1.66060177052267
203.117752075195 .616433169319304
213.152908325195 .839771972348574
215.119155883789 .783270304786414
227.176040649414 1.5310631880844
231.100036621094 5.48536366614863
237.135147094727 .668598664527973
242.196304321289 1.11149404792742
260.194976806641 15.5115614383059
263.122650146484 .601026867697638
326.202667236328 1.01984578394972
328.189331054688 2.26070817860486
334.181762695313 .97427782951075
350.215179443359 1.00537210853598
359.184295654297 1.39228178628969
362.176330566406 5.66955530036376
373.276977539063 52.6314346403886
378.165710449219 4.4103067849534
392.155242919922 1.47268726766511
405.203155517578 1.05642836424992
429.224334716797 1.52392833726912
441.259338378906 1.16284974488179
445.193908691406 2.60817856255807
472.340606689453 28.0089816015594
475.2275390625 5.44558304374215
488.310607910156 2.68671746348471
491.221466064453 3.96156669548115
493.184722900391 51.9862974973653
503.268737792969 2.23432068366493
540.264831542969 2.10919226312323
547.2958984375 2.01891400997674
558.272827148438 3.04046223554308
564.259643554688 20.9719251020882
574.2490234375 5.66069578752652
574.807250976563 5.19173182120112
577.321594238281 1.84532878309914
585.3544921875 2.06344413687288
587.364990234375 14.8773643890003
592.252075195313 100
596.287963867188 1.7192561070067
601.38720703125 1.65986666808349
604.307922363281 3.27067232314552
606.268798828125 10.3341197342232
616.359130859375 2.61908354791464
653.907287597656 1.50721701089979
660.3046875 2.92669223908824
660.849792480469 1.89062315672049
677.337097167969 8.54447976595621
678.325073242188 4.58773926282923
687.321960449219 6.3070552037554
687.898193359375 4.23080457984795
690.411804199219 2.60694899724445
691.398254394531 1.74753050733556
705.329772949219 48.3729156071821
708.310363769531 3.03296838724751
719.353698730469 3.79801463656855
734.423400878906 17.3765838388601
790.410827636719 1.42314470387108
800.411437988281 1.70035097891412
801.015686035156 1.83491652210119
818.411071777344 7.97327916541721
863.439331054688 1.73445429681535
920.433715820313 1.84729815933227
929.497985839844 4.43355309570548
962.71923828125 1.8205530975657
964.755432128906 20.9385779057653
966.791748046875 13.2463002437181
968.77392578125 4.42602966849492
969.769592285156 4.95118970993503
970.774108886719 7.63121055535785
971.898010253906 8.94246138695033
973.045166015625 9.09729592389068
975.026123046875 4.11019784578534
975.654418945313 3.88906394562721
