964.5861 80 1
72.0876541137695 .700864239399582
86.1079406738281 .868536004620405
112.091300964355 .546013781072542
120.08723449707 .832211980197389
129.103790283203 2.06818612462937
147.117156982422 2.24844007908933
175.12451171875 .829592927066362
213.16633605957 1.09297315030196
215.137100219727 .922985029465738
227.178894042969 .890279972493035
231.094299316406 5.5859466569845
242.187088012695 1.26199314674938
260.197906494141 14.4603924084014
263.126373291016 .638732362868029
328.188781738281 2.74313481521677
334.175811767578 .896260810773695
359.172241210938 .781644756690767
362.1669921875 6.39426357004542
373.278442382813 53.0472116628366
378.164978027344 3.6085575022039
383.223693847656 .992232879995558
392.143432617188 1.52838057960977
429.2373046875 1.04488662921928
441.267730712891 1.08793639762915
445.194610595703 2.86784845149083
447.240051269531 1.19275336791291
463.216217041016 1.3944295043471
472.342590332031 29.4117911036063
475.233551025391 5.98237339693117
488.324127197266 1.3151165206748
491.211303710938 3.64683833227851
493.1865234375 48.8847998784272
503.271881103516 1.22109355804335
519.191833496094 1.27911945292222
540.262756347656 2.26935878293072
547.287353515625 1.81806681406322
558.273742675781 3.05834905302523
564.255310058594 20.1343364538438
574.2470703125 8.47578610342066
574.83203125 4.95526415842663
577.307800292969 1.57412811668879
587.363891601563 12.2136473809071
592.25244140625 100
595.793579101563 1.81504485541723
604.293029785156 3.21430021064971
606.270690917969 8.49136161472483
616.362365722656 1.22846484717471
653.344848632813 1.32947486309501
654.338928222656 1.35931056631052
659.330810546875 1.2788801349277
660.34033203125 2.81257815939465
671.36669921875 1.66102436510157
677.333557128906 8.40902715322224
687.319519042969 5.32281390156931
687.926086425781 4.85580762593604
690.411010742188 1.57415382430085
705.3310546875 49.2544940595331
719.354248046875 4.31849308281308
734.426940917969 17.050885776801
790.402282714844 1.48082705072952
791.412780761719 1.50627803542511
800.407287597656 2.40030528103448
800.960632324219 1.51201849390994
818.413269042969 6.38663937987639
845.463439941406 1.45933773085822
863.423217773438 1.74774493948958
872.515625 1.38282655635611
921.480834960938 1.41702982899872
929.475341796875 4.61342856643212
964.738403320313 20.5145749229614
968.807006835938 3.32295875402638
970.866455078125 5.69757203348867
972.602478027344 4.22845162666659
973.269287109375 4.89902808391473
974.11279296875 3.33088996905223
