1712.9982 80 1
99.9523391723633 7.70441728965505
100.066047668457 7.47256453483259
112.113037109375 9.33281262908204
129.135513305664 8.80584175217886
154.508728027344 8.01497395064988
154.634674072266 7.44532852223361
175.141540527344 19.5019106045141
242.170455932617 9.04394725282015
301.178314208984 8.74898423738189
304.168975830078 8.52819417012694
375.217987060547 47.7748207746464
389.220458984375 20.6620821168293
458.391693115234 8.77949012999477
469.719573974609 8.24393157976237
469.872924804688 7.73953578315893
473.209289550781 10.4905573098551
484.608917236328 8.99689447056806
488.562866210938 8.71040774315201
490.24169921875 13.5966572011264
494.899688720703 8.96834756146542
508.394226074219 9.34677639084052
515.304382324219 9.32398121674323
532.331420898438 9.11722346749046
543.2939453125 10.1696665015051
554.243041992188 8.91948748196896
584.573486328125 9.04729148884674
587.353942871094 9.50505833247041
589.316650390625 11.8288067137698
614.328369140625 11.4523077203479
626.398742675781 9.4748822831298
656.410278320313 8.85946998534485
657.380859375 9.70081853002279
668.346618652344 9.70746342945254
685.364074707031 13.6721279591552
688.440246582031 9.2972026423343
716.442626953125 9.99730123364834
717.392333984375 11.8837091115691
756.464965820313 9.16428056239129
766.46533203125 10.2492476599152
784.44580078125 13.5516117337928
793.444152832031 12.2495264176325
798.420227050781 9.25731435932861
830.430541992188 9.28493955129799
831.4794921875 11.3963622564026
846.343322753906 9.22400227079694
856.477905273438 9.99909261870598
883.538208007813 13.1587335978964
929.54150390625 10.1002569482065
960.587890625 9.76314106304019
996.594177246094 11.6294695458711
999.563293457031 9.19940098915149
1002.4970703125 11.1899113000581
1004.50524902344 9.48253842433208
1029.63708496094 9.35115551385168
1073.49157714844 10.3591321651595
1088.63928222656 10.3841157854222
1170.68579101563 9.90458627529342
1186.607421875 12.8887564334012
1257.62292480469 10.2511719935235
1283.78649902344 11.2247378718562
1338.91320800781 11.1652375956563
1412.83410644531 22.5769980900141
1426.80993652344 13.2275715021694
1440.72888183594 10.8260242760841
1459.75842285156 10.553960979297
1484.75476074219 13.6705783798508
1526.17395019531 11.4657643740999
1549.99133300781 12.2693185010894
1711.19653320313 13.7554748034717
1713.34375 22.0752246812661
1716.23388671875 15.9732588772275
1717.40319824219 14.6959941929501
1725.57702636719 18.9416294236236
1727.64440917969 100
1730.64721679688 83.2248837999925
1732.68627929688 48.4716413067852
1735.53198242188 23.0489452201052
