1525.9540 80 1
70.0808944702148 2.0779974283579
86.1095504760742 1.91795448825042
112.110015869141 2.14288051614552
129.121612548828 1.55602730232233
154.443496704102 1.23237228997471
155.112899780273 1.44828923753194
169.154922485352 1.58349582297441
175.139221191406 5.27563539928317
197.117858886719 1.41555744672836
215.160614013672 1.43370741190981
219.123840332031 2.22752892451032
239.170074462891 1.59978385907712
242.127578735352 2.52182461016798
256.172485351563 1.79985695864081
288.213623046875 1.94262376743167
327.225128173828 1.76549102279742
328.192260742188 1.66799968496184
332.216461181641 2.01078867199597
337.200653076172 2.27105802038958
354.226745605469 3.78154328810831
355.215545654297 3.61365020090608
371.251831054688 6.45905695007236
426.281555175781 1.83780026728384
452.309967041016 2.09802672727612
454.277740478516 2.59655836506644
468.287902832031 1.93533864847891
470.324981689453 11.4874602439754
485.3369140625 2.23413152233789
493.293273925781 1.88640755301219
508.302276611328 1.80581853875847
509.299102783203 1.74695423101235
510.329193115234 2.98397072545754
527.356018066406 10.9301470282724
566.39013671875 3.32469576011451
569.317199707031 4.61686207588726
573.306335449219 2.47034587902941
582.427490234375 1.7363732145914
584.399841308594 6.72809427581572
605.328308105469 2.53344196548356
609.402038574219 17.0466169684428
626.42626953125 100
637.416137695313 2.14425257565856
668.387145996094 1.93871002768679
682.384582519531 2.65602431075246
686.380493164063 2.17241552831586
706.40625 2.12265556486471
707.42041015625 2.39743892073023
724.4296875 9.14732410538673
741.457763671875 7.57691298428115
750.440979003906 1.79400165311935
752.398986816406 3.00507902084072
775.433654785156 2.60381467630937
777.389282226563 2.15217497285889
793.439758300781 2.50834647992869
807.478942871094 2.33319745081314
840.517639160156 2.62519996890245
865.487731933594 2.59875633792699
953.623901367188 2.97601037963945
982.64111328125 1.92968130363012
1022.65661621094 2.63097942335459
1038.61547851563 1.88299808668794
1040.65270996094 2.90125234131892
1128.65014648438 2.40400052297073
1155.70043945313 11.3885947691478
1177.71875 2.31644272057796
1194.74084472656 4.15715658301412
1323.82934570313 4.58434537341717
1351.79699707031 6.39585006473425
1369.78515625 99.6327799975514
1465.82788085938 5.0421815044531
1483.9326171875 9.20990793166737
1486.81591796875 5.5445067113654
1508.07409667969 5.33902316379935
1509.04113769531 13.3680275416479
1512.97570800781 6.81133535368943
1515.98693847656 5.52340460225324
1526.28881835938 15.4181311663041
1530.24560546875 4.93580312663371
1540.32946777344 6.33848948250827
1540.54846191406 6.66877153768723
1542.56811523438 8.56852329278771
1543.53649902344 9.62891921043977
