1864.1010 80 1
99.9557266235352 26.4202621779388
100.052154541016 25.6260826615763
154.552978515625 26.8534004163537
154.68017578125 25.2905224705342
359.192840576172 28.3288184546706
460.318054199219 30.1874533730853
462.298950195313 29.4228794387836
470.252868652344 27.2917270292217
470.416595458984 25.1820970745106
502.3212890625 30.5349596331414
540.276123046875 29.9639062263811
573.360534667969 33.6784079160157
660.340698242188 36.5248685024578
672.473510742188 33.8044815385438
678.359436035156 32.3250292974104
761.405822753906 34.3597985609325
783.467102050781 30.9170689599298
791.459655761719 35.8600293265591
890.531921386719 41.6271364516866
974.5615234375 39.5842899495853
1004.53686523438 42.2535110912067
1012.47204589844 32.480489150502
1073.58618164063 42.129213872303
1087.583984375 33.0504649378262
1103.66760253906 50.3021976625316
1160.60534667969 33.6187447994802
1275.68505859375 53.439797553584
1330.74743652344 41.92544172926
1404.76843261719 36.930762009043
1499.85583496094 56.6456977103963
1513.84912109375 34.0996997014209
1517.8505859375 34.8214593640605
1636.89526367188 44.6070849375518
1879.70983886719 76.1370322859298
1880.56457519531 66.5913468258484
1884.78088378906 64.3234221330352
1887.970703125 90.417242664724
1888.65856933594 100
1889.07385253906 86.6105343404436
