1244.7068 80 1
86.1088256835938 2.23786750344503
112.103736877441 1.7118884019139
129.12548828125 2.21369168982128
147.123092651367 1.57054223213189
175.135391235352 11.701615976035
185.145629882813 4.05697721802112
211.145843505859 1.61507232342489
214.183364868164 1.65403346670548
229.135971069336 2.18409059560446
242.170288085938 2.14407786703348
243.151489257813 2.24466957946982
246.193283081055 8.38275792141654
258.123748779297 3.61629535201222
259.104705810547 2.51347135510311
277.151519775391 1.5129934010872
300.164764404297 2.4120961198025
312.1728515625 2.28094007834771
314.189544677734 8.34737819004296
329.154998779297 7.97236014576914
330.14697265625 6.19043832716983
357.20849609375 9.23824242332293
360.219024658203 4.55922898385798
364.208435058594 2.96617216332607
372.179534912109 2.65742711545929
375.233337402344 19.3506161774685
383.183319091797 2.55884768498173
385.231903076172 2.51052783924756
387.178192138672 2.99182103231381
400.215057373047 4.85663241173608
401.163452148438 4.16104416063865
428.222412109375 7.9685671382809
430.228118896484 2.91399247133428
440.207122802734 3.71156571492665
443.223388671875 20.0313830014345
454.247497558594 3.58893428330974
458.210876464844 10.4828551443718
468.255065917969 3.27739396018571
474.301361083984 100
476.27783203125 5.7603773647894
477.251098632813 3.43735969002784
486.245483398438 13.3742140338704
499.271942138672 4.18078056362636
514.254699707031 23.5159342064737
529.246643066406 8.61864553326546
542.295349121094 4.79000026380245
547.278137207031 7.09764539986814
557.272888183594 19.4351668349064
571.279541015625 26.5462306454019
585.317443847656 9.12831563841559
587.231750488281 7.82328684307238
594.334655761719 7.24454537964587
594.616394042969 5.05845986427569
596.321899414063 5.07304695097473
597.3115234375 4.63148941765209
603.337158203125 83.6616073608286
613.34912109375 3.47697792990281
614.325805664063 9.87378172540052
624.302062988281 4.3377609948712
628.330017089844 3.9336673672211
629.305297851563 3.86195265855069
630.304260253906 3.78921749171118
634.318603515625 5.5982877432132
642.318359375 53.5850893027207
651.32275390625 3.97865128884079
656.323425292969 6.14878186417703
657.317443847656 3.82443851977927
658.275573730469 5.93564536751076
659.323364257813 9.96026956480127
668.336975097656 4.43381896587179
670.350708007813 3.44696552949316
674.376586914063 38.7523464092317
676.331359863281 11.2274983768838
681.379516601563 5.6066097336102
686.305297851563 9.29665831245446
695.3701171875 4.9026237793366
700.321105957031 6.5949437754481
713.372131347656 4.2053843118091
731.391967773438 77.2023307179852
741.381774902344 5.83706333459555
743.364990234375 5.70896687468955
744.331726074219 4.8289616605181
753.340209960938 6.7900902863574
753.966674804688 5.75423779071277
757.355590820313 6.27870705096977
766.418334960938 4.04742354835247
771.358215332031 90.354569105961
774.349548339844 7.82038155430247
799.398132324219 5.76674401668173
802.428955078125 52.1932103844467
815.356994628906 4.87118373004784
842.444885253906 4.08816688859892
852.979370117188 4.58492866090176
870.415832519531 35.3744261531166
872.442199707031 13.2988783660755
929.460510253906 11.6103538739767
931.463928222656 30.7368275433344
982.036560058594 4.15765427376899
999.453002929688 31.8753802176542
1060.49536132813 18.3125404738064
1071.54235839844 6.05696211419924
1098.47900390625 7.32679197193351
1163.73034667969 3.7092858584988
1237.83862304688 6.52219075467586
1240.90161132813 8.38685766854747
1242.89721679688 10.0920232363935
1243.26965332031 9.42257628995747
1244.93737792969 35.2341065882496
1246.94348144531 21.2515426735973
1251.01062011719 13.9620446015836
1252.06982421875 13.9206515597509
1252.95922851563 14.4165822466153
1255.19653320313 84.4630083060344
1257.4384765625 56.6427629015865
1261.00659179688 20.1626866328782
1261.57470703125 15.7968176167415
1262.2470703125 14.557879359691
1264.91906738281 7.49868370519154
