1162.6760 80 1
86.1130447387695 4.07392994591077
112.101501464844 5.07625140675725
120.100288391113 3.22796437676156
129.126617431641 3.67704529132123
154.279357910156 2.74194624554273
158.106948852539 4.68304420193201
171.131408691406 3.41991551274053
173.134857177734 3.39774918234397
175.129699707031 34.9430067834347
201.143127441406 3.57622177784085
229.128784179688 3.47426236669712
262.136932373047 5.19398688601931
271.181427001953 3.81753753855262
274.195373535156 4.52547024217122
285.173583984375 4.47981885457438
288.215454101563 5.56721738537454
310.204620361328 3.7544202918056
312.172729492188 3.35304134880273
317.177734375 3.31900058468997
328.206329345703 5.19314182832496
330.177337646484 5.43270098049527
342.199005126953 3.68192513190166
345.235565185547 100
353.244506835938 3.52107051891421
357.202117919922 3.65493193920899
363.183715820313 12.9893277603234
371.224822998047 3.5871699024736
390.214111328125 3.53996603490834
414.257720947266 7.33914573299318
416.246459960938 3.85491015021372
417.268646240234 3.76872053628936
418.267303466797 3.8263214462115
425.232604980469 3.87202289288107
431.252471923828 3.46701418056978
434.260406494141 4.95310630407158
442.257141113281 14.4571157784744
443.246520996094 9.28932092374615
444.235992431641 10.3027890156131
460.266510009766 27.0940298291354
462.248046875 7.55766537043869
466.933288574219 3.07109794739378
474.208801269531 4.38471386035087
482.278564453125 3.79793027552652
490.287445068359 3.91210983072136
492.222747802734 4.15499245122157
530.324157714844 4.02994834734047
539.294189453125 3.73007850006463
547.267395019531 3.74366580820799
555.332336425781 5.66755436359077
556.32763671875 7.23958894110275
563.334167480469 4.17275088024392
564.272216796875 4.06185316758416
572.370849609375 16.0066023657049
573.349731445313 21.5823016825177
587.31005859375 3.7508593942668
591.292785644531 9.27648504228852
603.310363769531 3.78704756285707
675.413024902344 4.06961610802097
676.389404296875 5.00485181614921
684.377624511719 5.09279165959713
685.374328613281 4.92659856545358
688.335327148438 3.69249527269363
701.417114257813 4.08354626134713
703.402221679688 4.22884850431881
704.391296386719 5.57178865447855
758.397644042969 3.84274341692272
800.489196777344 5.17163718588764
801.488220214844 4.97488556863578
858.471923828125 4.03266624144494
875.476989746094 4.24751437566826
902.521667480469 4.61293155115711
1119.60095214844 5.13729731070638
1146.79150390625 5.03717029948637
1149.64013671875 4.45762625127355
1155.11169433594 4.93700760901365
1162.99694824219 18.277838501223
1163.95092773438 32.3661404393511
1166.25756835938 8.91828805011958
1167.0009765625 8.2600687629587
1170.13842773438 5.58823819552141
1173.13537597656 17.0301795791713
1174.30053710938 42.8393789758364
1176.95532226563 15.0655054213089
1177.53527832031 15.2403378680784
1177.79016113281 14.8725092075826
1178.07763671875 12.6600930231206
1178.68286132813 11.1274786138992
1179.22338867188 11.0532301971411
1180.1240234375 8.99793333226541
1180.63586425781 7.90354264100579
