1711.8611 80 1
99.9533996582031 15.9416933641095
154.507720947266 15.9851398589432
154.638961791992 15.5401084629655
175.121490478516 18.0678224400694
288.200073242188 24.2717138604512
304.184387207031 18.8801925075978
310.978332519531 17.3304882067933
416.244598388672 17.5774922124853
432.266510009766 56.2669387061456
469.718780517578 15.9022467188888
469.878875732422 15.8681691613343
530.259399414063 18.8501096050464
651.273559570313 18.1686152890985
689.351867675781 20.1945733413892
693.335876464844 19.9589220028225
696.316040039063 17.7981968250153
710.361145019531 59.7834378138461
712.037109375 17.8665468907779
713.2421875 18.7104378511006
825.352844238281 19.3418173209463
869.419860839844 17.5088173308222
895.375610351563 19.0063555257498
912.427978515625 18.5944929361617
1013.51702880859 18.688124862679
1068.51818847656 18.847146844019
1084.5244140625 27.8435111182252
1213.53344726563 21.3621474717724
1583.60266113281 29.0121443378948
1695.12841796875 27.7282176684792
1695.94604492188 28.8452152436108
1709.02075195313 32.0422226202991
1712.13110351563 39.0531743002091
1713.33923339844 41.4421674425418
1715.08642578125 34.0914002732194
1719.265625 30.2085418307145
1720.65686035156 29.56810204453
1726.484375 100
1729.00158691406 90.3029387704855
1730.73974609375 53.5079933923584
