1244.7043 80 1
72.0979690551758 1.65857436229739
86.104606628418 2.01780587219548
112.087471008301 2.07353970191142
129.108932495117 2.22530519350274
157.154235839844 1.79114191221354
175.13117980957 8.26823811299165
185.145935058594 2.70846283507901
201.117172241211 1.50441064670523
229.112274169922 1.54150003475463
242.170532226563 1.54499732931775
246.18913269043 7.61569981967213
258.119476318359 2.69347149996441
259.109405517578 3.02666059931787
271.156433105469 2.12594696111696
311.129547119141 1.55943702107411
312.200469970703 1.99165442314572
314.185333251953 6.21823980038698
328.189758300781 2.71206733686787
329.159851074219 6.47802152001896
330.134033203125 6.04686047337245
357.207122802734 9.19476598808044
360.211547851563 6.33833132943772
370.195037841797 2.4318116640338
371.207672119141 2.34076759736716
375.23193359375 23.3845883235387
385.226196289063 2.56689180233799
400.206634521484 6.63515239940146
428.224517822266 7.39628723082229
443.231506347656 17.4165909384689
457.259460449219 3.81244854921868
458.206878662109 11.6630764213548
468.253875732422 3.3024594546767
474.297760009766 100
476.28173828125 9.67768709878977
486.236938476563 13.9209890843708
500.263916015625 3.72036823720304
514.257934570313 26.5347624935224
527.245727539063 3.08776168413121
529.244201660156 11.0442112773267
541.285888671875 3.57910593715955
542.30615234375 4.42992076399441
543.300109863281 4.46254854655184
547.275207519531 6.52486167872349
557.264343261719 14.3892852579207
568.316833496094 3.61034077422712
571.281982421875 24.3436571920393
585.31298828125 10.0816048540245
587.234619140625 7.23319087637948
588.236938476563 3.83550698818731
594.372375488281 8.60414229182553
596.320495605469 4.81602902933084
597.329467773438 3.87818977632503
599.244018554688 3.47509136258445
603.339721679688 70.3330148066147
613.312622070313 3.3574529867826
614.318969726563 8.65651766576253
624.29931640625 3.45119171028272
628.313293457031 4.58053982699171
642.316528320313 55.6871829127309
655.295166015625 3.60991249536762
656.334716796875 7.28807590987532
658.311157226563 6.73890965917953
659.312622070313 8.13969796507008
668.304260253906 4.14410054704213
671.376403808594 4.05737206455078
674.373107910156 33.8665597385423
676.327087402344 9.11723153686524
681.479553222656 5.78874514592936
686.305114746094 10.7490258214741
694.279235839844 4.65562411264797
695.384094238281 3.95060443111051
696.358703613281 3.78578767061674
700.310363769531 9.58215116612202
731.387817382813 82.6316633068794
741.359497070313 6.00800677524945
743.385009765625 4.95509300659332
753.385437011719 5.66293079420216
757.352355957031 5.52813973316785
758.365478515625 4.63604617009779
766.465698242188 5.33836309637588
771.348266601563 93.3821802454382
799.416076660156 5.10972427739568
802.422424316406 59.8206171468488
853.001220703125 4.66157727972467
870.420104980469 36.6635518050434
872.4365234375 11.0327511481725
886.377563476563 3.82255911933708
913.471008300781 4.18981389198667
914.445251464844 4.55067997679942
929.463806152344 9.78604418328397
931.4609375 30.5663287108704
999.460510253906 37.5219486420514
1060.49963378906 19.7567932048188
1071.513671875 6.69581015324342
1098.50158691406 6.65192228685895
1238.60327148438 6.33496059815008
1241.89111328125 8.88734828007068
1244.91040039063 46.1930245415477
1248.44384765625 8.99401166911157
1250.16271972656 11.2733990518605
1253.06567382813 13.8770877084318
1255.18786621094 81.8129998884293
1257.61926269531 49.4153110250838
1258.85534667969 31.0496504318323
1260.81604003906 20.8919457373673
1261.22741699219 16.5448620546528
1261.56469726563 18.2975594483077
1261.96411132813 16.1423594252583
1264.68676757813 10.2656031685517
