964.5834 80 1
72.0879135131836 .964576815860812
86.1043090820313 1.10487740460048
120.07292175293 .482750535232849
129.103378295898 1.48072617202363
147.116088867188 2.85100192855421
175.130828857422 1.05803107665995
203.103820800781 .522796063029762
213.157318115234 .515539819231643
215.121398925781 .683835152218136
227.166549682617 .798580217641717
231.096710205078 4.43405503725225
237.131317138672 .503841389993069
242.188735961914 1.28257890437271
260.197235107422 13.8940337635445
263.098419189453 .674718398230623
299.179534912109 .685834552544409
314.219146728516 .517207221245373
316.167114257813 .577488072976035
326.212982177734 .823400062805782
328.183898925781 3.23085242956972
334.182250976563 .997734248125544
344.173645019531 .896586156625796
350.199188232422 .744232471613759
359.177795410156 .811903574559435
362.168426513672 7.18151882789763
373.276916503906 54.070568925403
378.166168212891 4.72368816614561
392.142639160156 1.23446398256403
441.258422851563 1.43619664785473
445.194152832031 2.44731322777557
463.236297607422 1.22506011747449
472.342346191406 28.765561884642
475.241394042969 6.03581572615809
488.318695068359 1.48528306371124
491.215087890625 4.34479313826983
493.185821533203 50.4406251194126
519.207946777344 1.56107697288409
540.266723632813 2.06469148454576
547.279113769531 1.65308812070754
558.263854980469 3.08406169524615
564.257568359375 20.2970822520758
565.24658203125 9.90357858175227
574.237670898438 6.65136702163775
574.805786132813 5.53889345176243
585.344909667969 1.343603164463
587.364440917969 13.6100408616881
592.251159667969 100
595.244384765625 2.88016695346065
604.281494140625 2.90723438611926
606.261413574219 9.47185060510768
608.266357421875 2.22634195477878
616.350769042969 1.40253117381303
653.355224609375 1.19681442218628
659.339111328125 1.39596021250585
660.321533203125 1.94558019700676
660.869506835938 1.52960794365829
661.28857421875 1.69432525454007
677.339172363281 8.33033049300875
678.305480957031 4.69376009541408
687.32177734375 5.31954807122762
687.886474609375 4.53360352800052
705.331298828125 42.9918758243325
717.381408691406 1.24596036422485
719.350646972656 5.36756142805019
734.424682617188 18.5421519934741
774.407348632813 1.28070608631086
790.429748535156 1.19316609497814
791.397766113281 1.4243894113269
800.418395996094 1.96647919413364
800.971984863281 1.34217838787421
818.406921386719 6.72631820311177
863.461608886719 1.49267718875904
872.552490234375 1.55646470449945
929.398681640625 4.42246066305833
929.542663574219 4.2360149578931
964.766845703125 18.8654649009226
966.773986816406 8.86278676668375
968.827209472656 3.4682674612006
971.844421386719 6.52700396354694
975.978454589844 2.21242797067345
