1846.0068 80 1
93.1063232421875 9.90208178835429
99.9512405395508 9.11941635963737
100.059669494629 9.24015336572436
112.109466552734 12.1666050942372
129.140609741211 10.7212222815977
154.538513183594 9.04304217898192
154.671279907227 8.41278804360578
158.100708007813 10.159790287017
175.136917114258 21.6130568534599
232.150100708008 14.3575506040379
343.173400878906 10.1677627358287
360.212860107422 11.123038954713
401.172943115234 12.9877215263903
419.197235107422 12.2551825833552
458.210906982422 11.172734424409
470.151062011719 9.5452044245515
470.385040283203 8.64413082299566
473.299682617188 12.2196530601475
501.299835205078 10.0044795693439
514.274475097656 15.8729415248963
532.254150390625 11.9012521229894
537.765747070313 9.64895064578721
543.299255371094 9.74341116637963
544.319641113281 12.81296811535
573.335510253906 9.95639569535715
583.372314453125 9.99047912625948
615.365112304688 29.531479831698
617.884826660156 9.77325733973755
631.669189453125 10.0008140814431
645.362182617188 10.0355699646295
658.289428710938 10.193479237273
710.324340820313 10.1171311532886
729.327392578125 9.95180924751801
744.409484863281 19.1767861363062
873.444641113281 10.7812128038255
930.500610351563 12.8209405641617
1086.58142089844 100
1100.55297851563 32.560239265594
1103.27868652344 11.8397660089641
1103.83203125 10.8983366837194
1104.57922363281 11.3516954606447
1184.57763671875 10.819569017418
1201.66064453125 11.3427914448607
1730.81628417969 14.7656910898193
1846.33911132813 42.0616122266089
1860.59973144531 70.8036694438194
1864.62683105469 47.3396992957711
1866.79602050781 32.687765110188
1867.533203125 26.625233661174
