1567.9578 80 1
72.0890579223633 7.72427067046956
99.948860168457 6.21168749281198
112.099075317383 10.0398840444989
129.124069213867 7.49163903753533
154.456146240234 5.98204877452087
154.658782958984 6.26345668819402
158.092391967773 6.9574290289545
175.136093139648 48.3611370799246
214.130157470703 6.77159622754251
242.162536621094 9.79474067988781
271.183441162109 9.36894914710046
288.216766357422 9.04787465806036
314.195404052734 7.97902473082281
316.128845214844 8.3102646161655
342.20849609375 9.08360381937505
358.174957275391 7.10446581718935
371.209930419922 8.53746877723792
384.270141601563 7.86274811136687
401.298553466797 9.20281735774388
413.234191894531 9.53865369260072
414.216125488281 7.10063765194956
415.181427001953 7.95774429634348
427.271301269531 7.19377215031101
441.253356933594 7.58672938676036
455.315765380859 9.52994212829852
469.122528076172 6.1405956565232
469.317962646484 6.69703242742451
472.337646484375 11.5133465480209
482.309173583984 7.14548863199825
486.248596191406 8.13676378870859
498.272399902344 7.26444824687196
512.306945800781 6.9706529348985
514.283935546875 8.89922199303843
526.302490234375 8.72930100689922
530.329833984375 7.21406317452
540.271118164063 7.04747713408642
554.336120605469 6.73548926646416
557.264709472656 18.0691159183839
568.367980957031 7.33075164828574
571.390380859375 8.76376032218435
585.304870605469 7.84490764315663
588.367309570313 7.12649613734596
593.302185058594 8.07819591173574
611.851318359375 7.37952895751766
625.384521484375 7.24296085674473
626.836547851563 6.78556819073179
628.36328125 11.6784311029449
630.439514160156 7.1011037878346
646.432067871094 7.11210157780883
656.338623046875 18.9860731990813
668.408386230469 7.48037921039895
685.416198730469 8.53081762725475
688.261535644531 6.95789276502253
692.372619628906 7.35568528991709
725.444519042969 7.28435735734528
742.466369628906 10.6905951125647
755.422302246094 8.45510157214069
757.390319824219 7.14082727314781
796.465148925781 8.51358808388919
809.544677734375 6.80436904285424
813.532348632813 9.69791309170117
827.459777832031 7.3009178088729
912.580810546875 10.2620536180373
984.490234375 8.19562558612674
1054.52258300781 7.28305517092457
1055.52893066406 7.03807762224119
1068.6787109375 28.6735256027106
1197.73181152344 19.6813673819066
1326.79260253906 8.23638293546348
1349.66955566406 8.19261141596152
1568.31164550781 79.6688307378436
1582.55541992188 100
1584.69177246094 78.3620522101446
1587.34387207031 29.2861856293655
