1244.6990 80 1
70.0785827636719 1.46105283934102
86.1176071166992 3.29621634732792
112.101692199707 3.25896561320958
175.130920410156 13.8952662344938
185.138671875 2.10587250920164
242.169692993164 2.05651848565704
246.191986083984 3.23901992667122
277.155883789063 1.40596450641667
288.215484619141 1.48328201495041
290.17431640625 1.14534078104335
312.182556152344 2.23647879079094
314.20703125 3.40094285295887
329.158813476563 2.29897352807388
330.14697265625 2.24795423405951
357.193267822266 3.12564039304889
358.181854248047 2.31308223906734
360.218933105469 3.57562676424737
364.205688476563 2.64295874994895
370.215698242188 1.80559466484467
372.186218261719 1.97117002517759
375.231475830078 10.5896985654076
400.201629638672 2.4458531813477
401.20263671875 2.19600702897054
428.215454101563 2.94320529737107
443.218719482422 6.84318771821323
458.218017578125 4.18391251816788
474.295501708984 31.3405929907058
476.270965576172 3.64280673182217
486.242797851563 5.97353788035034
514.264587402344 10.4584574517376
529.265258789063 3.60466779270613
541.294372558594 2.1875617718739
547.29541015625 5.54836433420899
557.272644042969 6.98696908601744
571.279663085938 9.49195689546421
586.331237792969 3.08272370051528
587.257934570313 2.90011605514385
594.371826171875 11.7744025316831
603.342834472656 28.8287490975375
614.350402832031 2.43397750804427
615.331970214844 3.4977032281988
624.29736328125 2.88444570485776
627.336791992188 2.15477971832079
634.301025390625 6.76165703685993
642.314697265625 21.5910953123419
651.319885253906 3.19400293766194
656.338806152344 3.82638691486473
659.330932617188 11.8596379425728
674.375244140625 16.0860604458569
676.34765625 6.09697303999499
681.333801269531 8.28065210357879
686.3203125 4.04797354574013
695.386352539063 3.71964037363646
697.402587890625 2.08365857245028
731.395324707031 26.0508487670969
743.328735351563 3.41918435613486
753.365295410156 3.14254297336303
757.335693359375 3.70963935062936
766.466369628906 2.52553278924379
771.351745605469 29.0314739794162
774.305297851563 3.17652369674387
784.426208496094 2.75865074382889
799.372863769531 3.05561488982928
802.418762207031 22.4029097545114
815.391906738281 3.29028924903779
870.428283691406 12.8712324111115
872.440063476563 5.91528869585682
898.455871582031 2.91856236301773
929.47412109375 5.98168474047344
931.46484375 11.2724887832674
999.460388183594 11.5976196707702
1060.51281738281 6.44642783861455
1237.37048339844 5.57944225993999
1237.7314453125 5.71633855200845
1239.88244628906 6.49376418875839
1241.88244628906 9.73081965653763
1243.92944335938 8.11361089267251
1244.89147949219 18.5192922148697
1245.95678710938 13.5326013488836
1248.76831054688 6.08287625627174
1251.09265136719 9.91190088902445
1253.03198242188 14.7621324536847
1255.18688964844 100
1257.53369140625 58.4630297567458
1259.82067871094 24.6615898813578
1260.10437011719 23.5365910943571
1260.42297363281 22.2206988887363
1260.7177734375 21.3174459109876
1261.75158691406 16.2599589901406
1262.36938476563 13.330742284072
1263.03100585938 11.5470758152412
1263.71215820313 9.25864038446015
