1113.6661 80 1
110.086219787598 .870617980380175
112.097351074219 1.10401099482753
175.124298095703 4.14677149865324
201.099197387695 .813573694376271
223.147308349609 .797869620891924
226.028869628906 .701785757852779
229.119064331055 2.52968035377827
240.135360717773 2.6014105363334
258.160858154297 .803828917119728
260.212066650391 1.43049566705278
288.117248535156 .771235930189772
311.167510986328 .96116275665862
325.229187011719 1.37257352704738
328.189117431641 4.45401990551149
331.230773925781 2.79423075295712
353.210510253906 4.6794903786937
365.212585449219 1.94735366719883
369.187316894531 2.01194817703619
371.232849121094 1.12517669736656
373.261047363281 1.15169626299041
398.199890136719 1.6229706342919
405.233856201172 1.26083742562489
424.246063232422 1.58571937033308
457.23193359375 5.46101069832707
468.239562988281 1.73131590221028
471.239562988281 1.69814111961277
472.346771240234 1.31121220548745
481.301116943359 2.39531817428894
482.279174804688 1.29975611266186
484.258178710938 1.46221141079034
499.319030761719 100
512.274108886719 1.67286873413099
516.240966796875 1.27191160169358
526.246398925781 4.43903675829349
528.26025390625 2.06558223634708
544.257568359375 5.28546652260952
570.351257324219 16.6564130617228
587.287414550781 1.56144513896009
592.288330078125 1.28279248805937
597.290710449219 10.4604871797047
615.292175292969 8.43036457035078
627.352111816406 4.01646412935304
657.384460449219 16.8328923108669
706.361267089844 1.70249995375589
712.33984375 1.82163920580294
745.383972167969 1.45602261768597
765.390197753906 2.20385730076595
783.381713867188 2.62324562289145
786.411193847656 8.81277825810169
834.415161132813 1.73591803918908
854.414245605469 4.08849736526139
885.477111816406 2.76211563210802
886.460144042969 2.51318117000733
964.432800292969 4.04607469861002
967.513427734375 1.76319692419644
998.511901855469 2.76645492035995
1025.50659179688 2.51828227944992
1071.57287597656 2.97139536338019
1110.72998046875 4.18134004720951
1113.85388183594 7.90392838903835
1115.85900878906 5.46480412405773
1117.86633300781 4.03988335349503
1119.9443359375 10.6812051397281
1120.93078613281 20.3348329775551
1121.95947265625 27.3468330850789
1124.20324707031 13.51821895344
1124.52124023438 10.1507229589386
1124.92016601563 10.6885169095461
1125.44934082031 8.61115844109988
1126.26147460938 6.71020324718648
1128.5498046875 4.34320117869435
1129.07568359375 4.87601775472179
1129.2880859375 4.1409231605004
