1197.7267 80 1
84.0954284667969 7.92033690811002
99.951042175293 6.56674983131198
112.110389709473 8.08645372545202
154.287216186523 6.95752710917074
154.418685913086 6.08318905727169
169.119232177734 7.11036608069988
175.132766723633 23.3569589119304
268.181884765625 11.0767487279016
304.171600341797 9.2089427559885
358.201721191406 7.30406401964027
367.256439208984 8.75716889198492
386.224426269531 8.24775004036677
403.233093261719 8.10482395277263
414.261016845703 7.70798882110799
415.213073730469 8.99229521885535
467.180328369141 6.35562644189929
467.415252685547 6.56252488480014
496.305999755859 8.99679310878513
500.289825439453 9.50322968695717
502.336212158203 8.92127694983942
513.299560546875 7.75415634878263
526.326110839844 7.25554974621797
528.308715820313 12.4518811870585
573.358337402344 7.51773992670149
582.366271972656 7.53073726047477
599.379516601563 11.179779901266
605.329650878906 8.27237833518763
625.378967285156 7.77499181808349
628.403564453125 7.90530195947925
653.383911132813 20.0971521518968
670.406860351563 20.9719457402109
703.390686035156 8.73970760881954
771.457397460938 8.11601368683047
795.48486328125 8.5123970663909
840.533386230469 100
914.561340332031 10.3411747312522
938.5625 9.37400942707776
955.565551757813 15.5890663426868
1023.58703613281 10.7976657386937
1046.51123046875 9.24714513720364
1180.74267578125 13.1171294435721
1194.42443847656 11.5711064954923
1198.0166015625 38.1354367567253
1199.85632324219 21.6806095026145
1202.11926269531 14.9323867119488
1204.01477050781 15.2541806156758
1205.08312988281 20.8120543506883
1207.0830078125 35.2227558405327
1207.42175292969 26.4799283039609
1208.12670898438 35.1604405403265
1210.43078613281 19.621720195759
1211.23400878906 16.0021487033016
1212.44738769531 14.086969309419
1215.56237792969 13.4409219364511
1215.97192382813 12.4228879262254
