1025.5535 80 1
70.0737991333008 2.99823229729458
86.0995101928711 3.56789772673301
102.06372833252 4.14878643002596
110.082588195801 4.1031466926395
112.090354919434 10.9682079176165
120.089874267578 8.16107736149854
129.118896484375 5.46188337448066
157.117141723633 4.12992103021212
158.101104736328 7.01660516456577
175.124374389648 99.1384968748598
200.146789550781 17.6319026263336
211.127410888672 1.56092616788737
228.139633178711 37.2544965680411
243.137390136719 3.36604657271009
246.161209106445 86.7031588493352
249.137741088867 3.06648007883701
267.154998779297 2.71962096441894
271.183715820313 2.66520935515038
274.193603515625 1.66631239617791
277.124298095703 15.6566065569999
284.175842285156 2.72315419770062
295.143768310547 7.01623999390575
312.202301025391 1.7307518072734
315.161376953125 1.76477036978574
330.165252685547 2.46622084922666
339.173645019531 2.36134526568668
340.16162109375 9.4966848688766
340.755859375 3.37560784510994
348.154327392578 6.30502221245336
357.179077148438 74.1231774145733
375.205200195313 11.9920761348225
378.132659912109 4.05451046244013
388.24951171875 2.31604557040736
390.208709716797 3.1946936348516
396.202209472656 2.3301461861759
400.194061279297 3.08654497663527
401.244232177734 2.91585020165206
406.162750244141 3.43282183008842
414.240844726563 3.1590815452232
418.204223632813 2.74862543847324
421.250549316406 2.4570600397456
424.193481445313 13.9677780554524
427.235870361328 2.79419151964437
429.230072021484 2.11786675369432
434.190246582031 2.23436560292792
470.226776123047 4.28323641016885
476.277221679688 4.37016685131958
485.204345703125 3.11092377712562
487.221557617188 8.67569939925645
491.233276367188 2.24688682397146
495.226104736328 5.34016187754393
504.242462158203 38.8283513183045
505.239624023438 33.2712803918425
522.263366699219 14.1612612013202
525.272888183594 3.58655206993402
527.264892578125 2.25000933383125
538.227722167969 3.692256108435
542.301208496094 4.85797083788977
553.224243164063 5.16847245326208
620.249145507813 4.84365703597002
623.313293457031 3.89212064191648
624.278198242188 3.77154783088783
634.300964355469 4.28089510533063
635.267150878906 4.6908744536095
651.307067871094 7.71294583602507
652.309692382813 14.6474221651399
669.324157714844 56.5945078910935
679.342224121094 7.05618871420858
780.356506347656 6.22546828574773
781.335388183594 6.15957587690312
798.358947753906 6.91286360538478
905.475402832031 7.16597676850702
911.434875488281 4.30187578206974
921.402038574219 3.6178280967649
988.56787109375 4.78165587452754
990.452941894531 4.77954832847189
1008.50274658203 11.6891863930582
1014.80047607422 5.48029231742262
1015.64459228516 5.41288615526027
1016.17565917969 6.30192697359112
1022.76062011719 6.67258373747584
1025.74426269531 100
1027.7880859375 50.2746731775509
1029.9296875 21.2210518038372
1030.81762695313 20.1240040781409
1031.87854003906 25.1097951785723
1032.90246582031 31.9345439064661
1033.94396972656 43.5382125812281
1035.84631347656 24.7723495078717
1036.52111816406 19.723935420791
1040.41174316406 11.0163476685287
1040.99035644531 8.19279928785346
