1197.7156 80 1
84.0988922119141 10.9456119491001
99.9501724243164 9.02318636244587
100.057838439941 8.85466680405337
129.123916625977 10.265730527887
154.29931640625 9.24153604390257
154.425750732422 8.96991045255268
175.13117980957 27.9748237116295
205.257080078125 10.1917112296922
240.194381713867 9.97926126049423
268.184051513672 15.1666367605964
304.188323974609 10.4026693257873
367.253387451172 11.8702125476294
386.215942382813 11.3904923054906
403.231323242188 10.6896155383396
415.2333984375 10.8436028190355
424.228607177734 10.3518720047826
467.181365966797 9.74936020858742
467.330200195313 9.30376975750646
485.272796630859 10.8108504555344
496.297882080078 11.102673290394
500.297241210938 13.0735082784266
502.312377929688 12.2571162098599
528.306762695313 11.875147368602
573.367126464844 10.7520733522918
583.360900878906 10.8016960538934
599.382507324219 13.2581052181051
605.311767578125 11.2687838144004
653.377197265625 19.7703051984851
670.41845703125 22.1275406432153
696.3994140625 10.6733479467816
703.409729003906 10.9205591980428
771.436889648438 10.874240690176
795.480285644531 11.5034431394995
796.321838378906 10.7896047488748
798.744750976563 10.953160741832
840.529663085938 100
842.107360839844 11.4832458959898
843.865234375 11.2863667312809
955.547424316406 16.4139519745466
1183.51953125 14.0729976064308
1190.09362792969 16.004182269646
1195.83984375 14.6643247902282
1198.02758789063 32.2225739535053
1202.51379394531 15.5491219375738
1207.13000488281 26.2485923907573
1208.15856933594 33.1518405590501
1209.75366210938 23.2313592407578
1211.19604492188 18.3124456667552
1212.04650878906 17.1095839418583
1215.63549804688 16.3994676042879
