2032.0801 80 1
85.8880615234375 2.19375609800005
86.1150436401367 2.84352461707359
92.9470596313477 2.41701509833987
110.090774536133 1.91888551351084
175.136611938477 8.39831784177466
186.143325805664 1.64861522837949
190.050582885742 1.90018895292604
198.803405761719 1.59375191297027
255.13508605957 1.8363800576626
265.45849609375 1.7886283602891
288.189422607422 3.59834187198726
453.219848632813 3.11615433049997
462.245849609375 2.48983764410844
500.237945556641 13.2634743109245
518.252563476563 6.00101856910062
527.250366210938 3.56645927875112
531.161193847656 3.07629053617953
543.252197265625 3.32080606737474
544.324462890625 3.39213320565409
571.339904785156 3.8538199176108
587.382019042969 3.83317969471199
593.301696777344 3.66776723236207
600.337707519531 3.81872000180213
603.359741210938 3.85733483077949
611.319274902344 4.23393500258133
615.260498046875 69.7774669241059
625.345947265625 17.9252027047928
655.27978515625 7.21687946263788
669.323547363281 4.69635661791157
676.360717773438 4.09300487703422
680.343078613281 6.93188529715648
686.297912597656 4.92241179928102
696.37890625 5.73441106539557
713.384887695313 4.91854845466541
714.368835449219 9.54863490821392
716.423156738281 4.37392133729379
728.335388183594 4.90067107540286
747.342102050781 5.94656917619837
754.333618164063 7.65852710667745
767.447021484375 4.91537394566419
817.41552734375 26.8739254510624
824.442504882813 4.94267475701666
841.3427734375 6.57581318696405
846.387512207031 6.62020237916697
872.465698242188 7.0808071988376
916.466613769531 16.3412410349442
929.461547851563 15.1023194985875
933.439147949219 5.60089802726359
1000.48797607422 9.2640498963906
1044.54174804688 15.2455267070527
1071.55432128906 13.3794797337784
1072.55480957031 10.6548366475989
1083.587890625 6.70430763107928
1116.49182128906 14.7015569780463
1171.58935546875 8.29029507738903
1191.60729980469 13.2315419629811
1199.52624511719 6.01104937604096
1215.53564453125 21.1302680458836
1241.68200683594 10.5532620669676
1278.63537597656 29.8471492490664
1352.60168457031 20.2965965508166
1373.64074707031 6.99992426321237
1377.6953125 12.8975311078021
1412.73742675781 7.03782272962551
1430.69812011719 9.14997706227808
1439.61804199219 10.109757898175
1470.65173339844 32.1525874371601
1482.7783203125 6.13839549491998
1506.76586914063 7.74773299038424
1568.69995117188 13.7180168205399
1599.689453125 7.11096377001024
1640.65905761719 6.92270095240884
1643.81286621094 9.06284615393973
1667.74328613281 18.0409508474005
1814.7119140625 12.5350304365654
1827.74792480469 7.61232816177682
1885.64306640625 8.67405972338271
1916.64685058594 14.3217537690049
1929.75268554688 11.0294686594591
2014.13415527344 12.7062809203337
2033.34460449219 34.7692842175179
2039.47900390625 24.5871036271285
2045.59411621094 100
2049.662109375 94.62397189999
2050.55712890625 68.0198921537687
2053.74536132813 39.4044559950256
2054.7626953125 49.0160625855012
2058.11328125 45.3465875282224
2060.2646484375 30.1524079845278
2061.77709960938 25.0924688285499
