1098.6807 80 1
70.067138671875 1.10810162963339
86.1108856201172 2.26545558549544
112.09602355957 5.00634964780032
129.119247436523 1.89104552997106
157.127395629883 1.72901117774669
158.10481262207 3.49163702457578
175.127532958984 25.2032154815087
185.142532348633 3.39824966217876
186.105484008789 1.91775126910904
201.123626708984 1.369449388765
229.129287719727 3.43548641319846
246.166229248047 12.2182967634285
256.168853759766 2.71774997820014
257.142913818359 2.92686115644365
272.148193359375 1.29872641373714
284.198028564453 2.11921524283717
289.198944091797 1.01139235683603
296.190460205078 .95780375256328
300.164093017578 3.84042037002143
312.181793212891 1.35241825284571
314.175903320313 15.6049497797666
327.205474853516 1.22534710201033
328.164825439453 2.19475258608381
338.178985595703 2.12410716751641
340.180603027344 1.42159448212873
343.179504394531 8.31806823871887
355.223052978516 1.73627192324466
360.213836669922 3.65693487115741
370.187591552734 1.27486079228715
385.240844726563 3.82898461433714
395.229095458984 1.54382891652595
397.219879150391 1.80933439669534
398.228088378906 1.58062758180079
399.202758789063 1.47280881285128
400.228179931641 1.60079651730763
413.247406005859 17.512854580881
427.251617431641 2.12713988631905
431.240173339844 4.70886625958023
439.2666015625 1.71281655999
440.281524658203 1.71894177017158
441.218994140625 1.59199977725533
442.249816894531 1.42264108738482
456.259521484375 1.85005843813064
457.259246826172 1.41717873783824
468.264434814453 1.95595024902026
484.2841796875 7.23036389966614
487.235260009766 1.55322152575248
493.27001953125 1.42528293311744
498.323791503906 4.52286036460235
502.276672363281 5.50060176110327
515.2763671875 2.40930057780151
526.313720703125 7.44413401801307
552.30859375 1.74208626921588
555.313232421875 4.41459080105388
556.289978027344 4.12178039837548
569.334655761719 2.17806337632512
570.327697753906 2.42311166034413
571.313354492188 1.60140169070364
573.321228027344 4.3067154513709
597.358215332031 6.69620763358947
599.36083984375 4.5868352360053
623.346313476563 1.95943344323759
626.340942382813 2.02487464722562
640.360656738281 2.37762379352087
656.394165039063 1.76439235627086
668.411560058594 3.13058691653182
669.384338378906 4.50210798150952
686.380004882813 3.34325855153758
785.452087402344 12.513264277312
1025.49597167969 5.37558385358839
1098.884765625 33.7328192719839
1099.89013671875 31.5230235945923
1101.84509277344 15.3721117414493
1102.87377929688 10.9302469415235
1104.935546875 20.29942025376
1105.94458007813 27.2805589175165
1108.00305175781 41.1956208039268
1110.0263671875 100
1111.875 75.9617500725323
1112.50744628906 72.916680285196
1113.25170898438 58.9982641550177
1113.77795410156 54.9936859050728
1114.97290039063 37.1653035335944
1115.912109375 32.2544999978755
1116.64721679688 18.6617880192023
