1164.6925 80 1
72.1001663208008 26.6238324337318
99.9488906860352 22.2950899159611
100.066497802734 21.6062698971476
112.10619354248 27.5952587401415
129.141784667969 25.3258449183696
154.27571105957 22.5348222374552
154.423690795898 21.6810396141415
175.134201049805 100
214.174789428711 24.4477736090386
228.150344848633 29.648478566836
229.139938354492 28.2398559121136
242.179306030273 27.3327397136466
246.174194335938 33.3883667141289
299.1484375 28.3957405955042
317.162719726563 36.3153605272625
328.222229003906 26.5525709843547
329.212188720703 24.9301580930287
341.233642578125 32.8696587687561
345.233642578125 33.880311553344
364.197204589844 26.2116646159081
391.212463378906 28.8386041777062
412.273010253906 25.6354582631147
440.295135498047 24.819155344761
452.240661621094 28.0840772212226
458.340789794922 29.0329145070555
462.224426269531 37.3172924845194
466.963836669922 22.767950637375
467.158020019531 22.0209327447643
480.223449707031 40.5522222690309
551.320129394531 27.2341410320722
552.276184082031 26.9590072157002
561.313049316406 26.3033342481215
569.374450683594 31.8193092694243
579.306823730469 34.8447423547778
586.383666992188 35.3586116584212
596.312683105469 29.7006924910606
608.280212402344 25.5646603206209
662.375854492188 25.7664061079406
685.478393554688 31.7822068472905
689.371520996094 26.279082575358
707.374694824219 41.2549407646615
728.380187988281 25.3970163582431
730.550842285156 25.4681230249223
736.509094238281 24.5947688024301
770.579406738281 25.3667723238038
772.877075195313 25.8107101315774
779.864929199219 25.3070648980971
848.586364746094 27.4520632937408
1120.52758789063 27.7574369385005
1132.5419921875 29.5696458040228
1133.54370117188 31.1883174124748
1135.88635253906 28.7084887104865
1164.99475097656 88.3545098496306
1168.96960449219 36.5630969648997
1171.12768554688 33.7036599109179
1171.96936035156 36.7965101145109
1174.04431152344 51.3551258847682
1175.66174316406 45.1569822946091
1176.66162109375 44.1685879349444
1177.18408203125 41.5011865776213
1182.36572265625 31.0642847370397
1183.90734863281 29.6966122004299
