2045.1460 80 1
87.5761413574219 1.75554089805941
129.114974975586 2.357162511974
255.112899780273 4.62397509561444
272.142944335938 2.6703443527493
281.230041503906 2.06741600860716
286.209747314453 1.99213223623064
288.214019775391 2.52196467383223
343.293365478516 2.59382428961634
347.207824707031 2.72159055454658
354.194732666016 3.87707392245624
446.254791259766 3.60887915437948
472.233581542969 3.90660407795889
500.256530761719 14.2275331408925
502.239837646484 3.93777243602765
517.270080566406 8.46400177099763
518.25830078125 9.08135876445896
543.27392578125 5.26167623647854
579.314697265625 3.02422814125485
592.42431640625 3.38933146116897
598.212341308594 4.25826133439938
599.333312988281 3.83016464793498
601.307312011719 3.57256609486891
606.319213867188 3.68182953036294
611.296997070313 4.67154650116404
611.687683105469 3.1874940318092
615.264038085938 100
634.204223632813 3.13315154318726
669.301879882813 3.30777255281645
686.302429199219 6.7318069648417
690.355102539063 4.36419198248055
704.334045410156 4.24716068782863
713.41552734375 3.58042029291213
714.368774414063 11.6013896713973
747.336059570313 13.2652304651194
752.34228515625 4.63340530582114
770.319091796875 6.09537849865264
787.330139160156 4.13543495657086
803.321350097656 3.86340568168391
847.404296875 4.13228954378016
856.379943847656 4.0747589232462
865.386291503906 5.76715760307822
933.429809570313 5.28655651694962
934.416198730469 4.67377652833689
999.514770507813 4.47336025688452
1046.51879882813 6.62937950986808
1112.54968261719 4.43211317468443
1199.64465332031 5.02079785435597
1355.63757324219 7.07136070905301
1359.72058105469 4.09658077970749
1373.67407226563 12.5506663516448
1430.7373046875 10.6017399624606
1431.73706054688 12.6357657069624
1454.6337890625 4.85839142257751
1470.67626953125 59.8843200747034
1474.76306152344 4.59334754278976
1520.67321777344 4.32150366725173
1599.73669433594 7.23288917794171
1827.77819824219 7.09130691566169
1916.66381835938 21.040043731018
1929.77038574219 11.8069091328502
2045.38439941406 37.4080738138731
2047.20776367188 31.3103728851759
2055.67724609375 14.0883399562177
2059.486328125 19.0202889158979
2064.59619140625 21.3143300472418
2067.53955078125 35.6999901751343
2068.61303710938 37.8968915862669
2069.71313476563 35.4452661460945
2077.30395507813 13.7452075286643
