2129.1870 80 1
71.8894348144531 100
112.10400390625 4.43358371515467
158.112442016602 1.29876597094384
175.129928588867 28.1989865694783
199.156936645508 2.22642772817417
214.142990112305 1.44693322636074
229.130676269531 2.33693441346787
231.133987426758 2.06301739193422
272.134857177734 1.40161181742841
304.166442871094 18.8726308892822
313.203796386719 5.59548156600187
328.186340332031 2.39909080160095
344.164428710938 1.5599262347265
371.202667236328 1.98004439900729
386.169464111328 2.32561474273291
387.152160644531 1.81278448166649
412.242218017578 3.03530559731302
413.210906982422 1.78567904768362
415.216094970703 1.95208018329655
416.156951904297 1.47280326534229
433.202484130859 56.1300644400174
443.183807373047 2.04413539140097
459.246246337891 1.89758253653914
485.206359863281 2.28003988945837
500.265655517578 2.7435915849394
531.169250488281 5.01749164339628
548.236511230469 6.46084191734441
558.231628417969 3.31922410626873
567.23388671875 1.87778326067877
584.288146972656 8.78155467331652
599.316284179688 2.63501735286433
615.282531738281 1.90956506660452
616.295593261719 2.30642646330788
618.347778320313 1.74870370504689
619.339233398438 1.85857903941933
641.362548828125 1.94325134210008
661.296203613281 89.4380021295878
665.346740722656 2.27975662202492
668.026916503906 1.74559652492187
668.696716308594 1.72924803552507
683.365844726563 5.29108417254259
687.349731445313 2.16055544519348
695.349243164063 1.85579203954611
697.094360351563 1.68703371122758
698.384521484375 2.40459987137493
714.317810058594 1.79645351639314
715.266479492188 2.12013866659222
727.117370605469 3.24577632924691
728.354187011719 3.5190114905794
730.326721191406 4.27756273076325
741.283142089844 1.99090025885626
745.29150390625 1.68792038530225
759.269653320313 3.89255385340634
776.325622558594 9.40894287939009
782.433410644531 2.93558227304253
830.347839355469 2.47550103919049
856.493103027344 2.22620316877404
889.403076171875 3.58527966579847
911.464172363281 3.78146230583208
944.797973632813 1.88315036168276
988.455444335938 4.04782632880088
1010.55706787109 3.07290747280504
1069.54895019531 1.65452944083298
1084.46447753906 2.62872128149897
1119.48034667969 4.5045347020404
1129.53015136719 1.99636062528745
1141.583984375 2.23477301379566
1218.56140136719 8.86846529264163
1347.53588867188 2.03595511281206
1375.06286621094 1.8129621403104
1446.68591308594 3.39185046670293
1470.5908203125 2.1745699728029
1545.74609375 17.8124133150189
1643.70446777344 3.39743145482289
1660.71716308594 2.5136338534904
1718.74926757813 2.17754604993535
2080.86938476563 10.0095897069578
2083.41845703125 11.4676804081178
2129.47802734375 18.5450483994897
2144.69580078125 8.91627069267529
2145.4541015625 13.9054387690317
2146.66015625 17.5787320495079
2148.64086914063 27.563329677661
2151.80249023438 21.812455258327
2153.435546875 16.9104773697412
2154.8720703125 13.2547273710706
2155.91821289063 13.0052028572228
2157.98803710938 10.4449211457231
2158.6982421875 10.0242340542951
2160.671875 9.33974499841062
2161.79931640625 9.92016382936056
2162.57275390625 7.92691661618888
