2960.4036 80 1
100.092681884766 100
100.240264892578 49.232775363776
154.758514404297 9.92987301921588
313.207641601563 11.3988810021722
454.263214111328 12.6499287325302
462.256713867188 12.3693360925567
471.273162841797 15.6849621772913
483.298309326172 13.2875707681168
488.253692626953 12.3334206324145
525.279602050781 17.1005072697693
533.298889160156 14.2945372211261
542.286193847656 13.3414997530212
559.307189941406 12.971284897876
576.302307128906 14.4302135888714
596.320678710938 14.664387323223
604.318176269531 21.0249327610397
641.329284667969 16.158811306177
675.348937988281 30.8266442362393
698.3837890625 13.9321689214105
703.384765625 12.4905639126535
720.35888671875 13.5846666806368
734.458374023438 13.1028222104789
746.3583984375 13.7757931028402
766.405151367188 14.6313363701106
774.41455078125 26.9388041209594
783.375366210938 14.2209538920758
845.447814941406 33.3313597701004
854.432800292969 14.8387149887507
911.481262207031 14.2656811178472
944.515014648438 20.6439096771705
964.570434570313 17.7886493838727
1015.56335449219 16.9465693375979
1092.64428710938 51.0038020969596
1221.68859863281 50.908661141598
1235.66552734375 15.4936945603596
1333.68078613281 15.3274282787998
1346.63940429688 14.0769083206725
1350.72973632813 38.6485816816836
1404.66333007813 15.8225769361061
1421.76062011719 42.331181595258
1474.75463867188 17.4759751760993
1492.80017089844 58.271425739238
1502.72351074219 15.8410108188297
1603.80944824219 15.8822320884021
1621.861328125 36.3597726244123
1817.99743652344 53.4735939497786
1857.00598144531 18.6166991529041
1874.99560546875 92.3019635855987
1888.91223144531 19.3723425951774
1946.06994628906 56.5703693441923
2000.05725097656 18.6451419200024
2017.0771484375 74.3894386009163
2032.03820800781 17.0279054718146
2098.15087890625 24.5037947544542
2116.16381835938 37.7039191105725
2187.1923828125 49.9531341675161
2227.17260742188 26.7500571335739
2286.28198242188 25.8604961847685
2357.31860351563 27.5238110770961
2374.32250976563 18.4002650938616
2376.22509765625 19.3665551295367
2428.32861328125 23.4336343613799
2489.2958984375 47.5246030580645
2499.388671875 22.6411151829891
2504.25268554688 16.9991412210202
2511.17041015625 15.7655600756298
2571.36767578125 16.9391213156759
2588.30395507813 17.1802712841877
2658.36206054688 20.6668424338605
2701.28295898438 17.6224540792328
2702.30029296875 22.526843860155
2942.97631835938 20.4310502739127
2961.287109375 42.5709226529319
2962.14453125 58.4396478714304
2976.32080078125 29.0149572168397
2983.6171875 35.6242035046908
2984.49389648438 52.0126748685799
2999.8408203125 28.179824938046
