2014.9303 80 1
70.1416244506836 4.93315159879845
99.9497528076172 4.50035741357073
154.585372924805 4.50749321859182
154.752365112305 4.54600585151853
242.168029785156 5.08163323407191
313.197631835938 5.40381891162378
372.204284667969 5.35114108068866
384.253021240234 5.51143729280733
412.268218994141 5.74172007965323
455.271514892578 5.75418139371333
462.260345458984 5.74768414698867
471.282073974609 6.31190055156973
476.255615234375 6.60043626454337
483.310333251953 6.40814059359015
500.309448242188 5.63377264766626
525.274963378906 7.0475086890419
528.268432617188 6.64289897070705
533.282897949219 8.18380273024489
542.287719726563 6.07299640983017
547.27685546875 8.16310886124619
554.352905273438 6.95588878891438
576.324096679688 6.5792246269597
596.32958984375 6.3798806223659
604.326477050781 9.41629652153319
627.375305175781 7.18434974319849
648.360534667969 6.72725426937133
654.3603515625 6.15018714811796
657.341003417969 6.2707058360478
658.338500976563 6.36797108397276
675.358642578125 21.4935867705694
676.357727050781 17.0725476472106
695.407653808594 6.49634394424544
698.404846191406 6.68835275039568
703.399169921875 6.5653433665624
746.430969238281 7.83084468990796
774.429321289063 23.8867238459505
827.435241699219 6.53256983766675
845.483947753906 23.3543186128918
854.425842285156 8.29084393806734
872.460998535156 50.0330455855515
916.483215332031 8.07254774363579
927.168212890625 7.98094626759826
929.484069824219 100
944.545593261719 13.7713646608432
982.519470214844 6.98694801650242
1000.52770996094 67.5957649415616
1015.58666992188 11.8433156705887
1053.54028320313 8.25535018698833
1071.56042480469 82.2952787783838
1086.650390625 7.42536680090286
1143.67846679688 7.15984036569484
1170.6396484375 38.6149496468588
1241.67016601563 59.4828770502413
1340.75866699219 23.6644494255837
1411.80029296875 22.7299782039227
1482.84143066406 19.5708439182313
1553.8681640625 12.4820847248343
1624.94104003906 9.34189729116012
1711.95568847656 11.8281397304474
1811.939453125 6.31693566595674
1998.32897949219 8.06134934067862
2015.56005859375 15.2288107364935
2032.73278808594 15.249138534321
2037.97668457031 24.3574748420257
2040.09997558594 24.3211277284235
2040.71166992188 21.9180182269143
2044.46887207031 10.7339679802127
2045.28039550781 10.3836025709313
2046.14794921875 9.21661709518896
