1361.7896 80 1
99.9526901245117 35.5399260327487
100.065162658691 33.9079041358102
154.379806518555 35.9464328941259
154.50715637207 34.5721384136633
175.145233154297 55.3960261366348
209.125213623047 38.0665873103416
212.142669677734 39.9336542941136
288.145538330078 38.2052109160367
325.205200195313 40.7612205425671
338.227172851563 38.2339030281865
401.220031738281 37.9491495877793
451.289428710938 40.0979034631092
468.144470214844 36.6643279440729
468.330810546875 36.7044147131741
496.271850585938 38.6483000620949
511.34619140625 41.2357893906648
512.343322753906 39.1006705093547
559.341857910156 39.0944030980829
587.323486328125 43.9332172117505
588.347351074219 39.9975982200165
600.63232421875 39.9980448209793
618.414306640625 38.7173832319123
628.335571289063 41.9352164909498
645.358276367188 63.827988293029
662.407348632813 52.1244314536445
728.728088378906 38.8565747540555
738.390441894531 38.9222770879282
740.18359375 40.4244747512746
755.483276367188 38.9509035430707
758.470520019531 40.4438052407063
775.470764160156 57.1954920658739
779.106872558594 38.1753663067756
804.493957519531 39.7140506022087
843.473815917969 39.8225233103706
975.558166503906 41.3101404521367
1113.54931640625 41.3676933182923
1357.52502441406 48.1740019741629
1362.13305664063 93.1808299029713
1363.09680175781 88.6924102392723
1364.75415039063 58.7743757805018
1368.17272949219 55.7984775946429
1372.30834960938 75.4832762337338
1373.27587890625 80.1019300707147
1375.60290527344 86.7282325424284
1376.37365722656 100
1378.16662597656 69.9514580748214
1379.56164550781 71.1772723996846
1379.8876953125 65.4780442034701
1380.72082519531 64.6061711401019
1381.12731933594 63.0500014171248
1384.52478027344 50.4426375458309
