1394.8002 80 1
70.0851821899414 27.192884720466
99.9479751586914 24.1434968041664
100.065933227539 23.314738826031
112.109977722168 28.1825485667245
154.396331787109 25.4325494368251
154.522094726563 23.433562050719
175.135330200195 51.5923463388641
314.169921875 27.3439474613121
444.332855224609 29.6686995879753
468.311676025391 24.4471527469808
468.47705078125 24.1622598362123
506.33203125 29.6363345941549
576.2265625 31.0259136101865
593.380249023438 33.1436862113238
689.354614257813 27.9456893293979
704.470764160156 27.8521622182546
706.447143554688 96.5190225051973
802.399475097656 28.7407675459445
804.464416503906 31.0853249935567
821.484008789063 29.9555149630738
823.420104980469 28.3690981306759
885.563049316406 28.8894100333404
968.525512695313 33.3760552717196
1184.66748046875 31.8393935380653
1354.84643554688 34.2349361318699
1382.16027832031 33.2309591311011
1395.13806152344 88.7598135896521
1397.04321289063 60.7679544338402
1397.25390625 61.082488465672
1399.10864257813 49.3214241293361
1400.53137207031 43.4801806658523
1401.0986328125 46.7463449822399
1404.04541015625 44.9914766779157
1404.3525390625 47.140393384378
1405.42004394531 52.8538547928529
1406.29895019531 48.3644856817165
1407.23486328125 55.5062382547871
1409.46569824219 100
1411.9560546875 64.6583124188631
1413.72814941406 53.6283404764011
1414.32275390625 53.5828058234092
1415.53308105469 48.4125793463035
1416.43139648438 45.5417374424795
1416.82946777344 45.0523461666757
1418.58801269531 36.3961194246932
