1721.8535 80 1
86.1057662963867 2.1160878786533
110.088348388672 8.2999608225759
112.100814819336 3.50806503806337
175.127838134766 11.3788486404785
239.137054443359 2.13472644441576
246.159240722656 4.96525066135604
253.129577636719 2.66466558288996
267.118133544922 2.85221106797203
272.169891357422 4.23380629953429
286.132507324219 1.73132701494489
301.149261474609 1.78206793617307
302.156097412109 1.53310124178698
341.21875 2.34891011296649
343.162139892578 4.80955615766465
354.145904541016 2.89396864862241
375.201629638672 21.9271929413557
379.202423095703 3.13481536048286
407.187561035156 2.41033678932877
414.23388671875 2.8714570934312
415.195526123047 2.66112912302571
416.158843994141 2.97448996875919
430.164215087891 8.59022285204232
432.240081787109 2.39900623206721
439.229736328125 2.48489153693481
442.239990234375 3.45136733550033
449.191253662109 3.26339545147494
467.230926513672 4.08556750972146
473.210144042969 2.89947992791152
490.254425048828 2.62996533189826
506.262512207031 3.22946792018693
515.212341308594 3.21170392047278
515.364929199219 3.15005197813547
520.246398925781 2.96711443313495
522.229553222656 4.49210215490158
524.28759765625 13.7018041840039
543.257629394531 3.20265139896017
543.506164550781 2.835350870954
554.254943847656 3.36938605799439
559.184509277344 3.67441605497413
571.270568847656 8.99725454656998
574.276184082031 3.61341135334615
582.247680664063 10.9469834816047
589.293334960938 3.35751046978527
620.266540527344 3.51515249447859
621.284912109375 3.31255848382947
635.288940429688 4.57476041012165
685.40576171875 4.1067036626046
706.315612792969 4.74197625455399
711.293090820313 5.73564887724531
717.350830078125 4.19686145770692
722.323974609375 29.9534443436193
734.327209472656 5.95624659546584
741.994140625 4.24651776829752
745.314575195313 4.22574421094359
784.444763183594 4.93808433267085
833.347351074219 4.84958009621685
842.355590820313 5.66249209541325
843.384643554688 12.595721006178
844.386962890625 10.8452184160354
846.356079101563 5.3777908753091
851.358642578125 54.7285172208754
871.362670898438 36.2779293151291
874.344909667969 5.68916383966734
875.419250488281 5.96924053944001
962.459045410156 11.4897257226377
970.408935546875 6.36064247267609
972.406127929688 8.40708689180188
973.396728515625 10.0499718198954
984.443664550781 6.3971250057304
988.40576171875 100
991.439575195313 9.13127496096584
1000.40808105469 76.8887125197868
1004.4296875 5.33738714474866
1027.64575195313 5.69840698138495
1059.412109375 7.95453969349754
1069.41516113281 9.16395461250334
1087.43725585938 34.9934129005552
1151.4619140625 56.5246589398348
1172.51428222656 6.19210421110539
1182.49340820313 10.845190775263
1183.15759277344 8.89817645060122
1200.515625 21.3158013868926
1280.50402832031 19.9280989350887
1315.53002929688 48.1388183637202
1379.55993652344 25.6686580944317
1412.75646972656 8.44215553192981
1444.5693359375 34.3433749113473
1494.58166503906 9.81378950945045
1575.52014160156 16.5441729880889
1593.52380371094 11.3157715550833
1681.77856445313 76.5777083237827
1684.09167480469 43.3998493914985
1684.66821289063 34.1152997742895
1713.21752929688 16.8467851759167
1722.0986328125 67.6416353629301
1727.38256835938 23.7272995100167
1732.37438964844 24.9433815855826
1734.22814941406 63.0657149252081
1737.33435058594 56.2273554657268
1738.36962890625 62.7346768995952
1739.2587890625 71.510086859442
1748.77001953125 22.7682840338808
