1434.8169 80 1
70.0768203735352 1.60846278590219
86.1065826416016 11.1306599397547
101.08235168457 11.1038248887819
104.06120300293 1.18566925701342
112.095672607422 10.2812756426749
129.119155883789 4.41236747384277
136.084030151367 1.41542393080135
146.103179931641 1.20857916131245
158.100311279297 5.90708822188004
171.120803833008 1.37563094651673
175.125473022461 100
189.073837280273 2.61324295162736
200.111175537109 5.81315778308333
214.168273925781 1.46942435540471
215.118026733398 1.47155307211014
228.136566162109 3.14429643951492
240.143920898438 1.62205287218863
242.155975341797 9.14069174848201
243.11979675293 9.12871624575305
245.128051757813 1.29044739970326
250.132522583008 2.40700659829064
259.153717041016 1.36821467873791
260.138702392578 2.29341461704891
261.111846923828 1.11539170568347
271.179992675781 10.6747995255025
274.155364990234 1.16162538585397
278.119476318359 9.00191921452216
288.203796386719 16.885344350879
296.177703857422 1.49785366327234
298.189758300781 2.31682698992683
299.175720214844 4.82128613213075
302.15576171875 6.4190809597772
311.1396484375 5.01643675146196
313.193695068359 5.59170041415789
319.181884765625 3.73024162436516
328.166259765625 9.88576486933727
330.211181640625 1.56643371284172
356.190063476563 3.96691457948286
374.181121826172 2.21478085046606
379.206237792969 7.3399439710229
381.224914550781 3.72209618672406
382.219604492188 4.20789479183683
388.177978515625 2.02563890390156
389.156463623047 4.14547495850621
391.195007324219 8.26846780310961
396.226959228516 1.98047975500771
399.238067626953 9.16851328050172
402.218658447266 3.86655715498558
405.214660644531 4.50911778383944
406.179962158203 11.0958200974496
408.20458984375 2.25119882455033
413.211944580078 6.63388200376104
414.184875488281 3.691700046417
416.260467529297 16.688251542429
419.242156982422 3.58114287716382
420.224456787109 2.2641109269453
423.217559814453 1.85460616243235
424.219512939453 3.49808389347157
426.245025634766 2.66632449164933
430.213592529297 15.3766964527168
441.239959716797 7.66945784046871
445.271820068359 2.62854855452691
453.2431640625 4.6320567012983
457.222076416016 2.08336033322948
466.183959960938 1.82572864158008
470.266357421875 9.10455667856774
474.231567382813 3.7101542388163
476.249542236328 3.84151424610088
482.205963134766 2.30191184312844
487.296600341797 28.0848932786168
491.260894775391 2.57405299246876
493.267974853516 2.29005734111833
497.282440185547 2.62741916332391
499.233428955078 6.11502762148466
502.23095703125 6.3385818501798
510.202362060547 2.35755298865322
519.253234863281 10.7295324461929
527.226196289063 13.7907151859778
529.225219726563 3.37091280943976
530.211547851563 2.53683227348547
531.262268066406 3.2380630371607
544.251892089844 20.4033564699242
546.245178222656 4.22330994192279
548.276611328125 9.09422048905007
554.317199707031 2.82988837885322
559.252380371094 3.21681556417447
573.316955566406 2.81095770415594
576.272644042969 8.07015827266985
577.241821289063 5.2230618917921
579.24951171875 2.98470138356339
580.301452636719 4.10445665488805
581.301818847656 3.91110053741801
587.277465820313 2.4550455719672
590.281860351563 5.3281553231792
594.23583984375 2.37761597069575
598.325317382813 10.3149730478774
604.299743652344 4.00310190973614
612.313049316406 2.5280130151297
615.350952148438 21.4676876948417
625.333801269531 2.90889150746868
642.317626953125 2.49766564346499
644.3310546875 2.67343020946208
645.300476074219 2.55629660221724
647.310546875 2.70742229851451
654.320495605469 2.54433190072575
659.279541015625 2.44267924861929
662.292297363281 14.2147083045206
672.331115722656 2.77898128333331
673.301513671875 2.46934829051965
677.35546875 2.31094451705366
679.319152832031 13.6661119570618
689.33642578125 4.68748665673062
690.292419433594 15.0164930253336
690.862976074219 5.56643610868282
694.380310058594 3.93322469485779
701.327392578125 2.92619647122352
707.311584472656 31.485874968135
711.404541015625 7.22935119413785
718.347229003906 3.94594437023357
728.428527832031 16.9504105065745
738.386596679688 2.31845389034835
773.364135742188 3.62428873678605
775.36279296875 8.10659953752194
776.395812988281 12.7583434222135
778.374206542969 4.16097248961115
792.390014648438 6.54522836276311
802.383605957031 2.55142411219538
803.376220703125 5.5581360003908
818.363464355469 2.45712305473896
820.386047363281 10.134851842077
837.424560546875 4.54170824446032
874.452758789063 4.44857126495173
876.441223144531 2.04782476077243
888.424926757813 2.84291632116264
891.485717773438 26.4869209883655
901.491027832031 2.2764086442094
930.440856933594 2.19114394422632
931.422302246094 2.96636222530239
948.448120117188 5.97626091980935
971.486022949219 2.15061294332875
988.501342773438 13.4237427017324
1002.46411132813 2.5479655674691
1005.52984619141 8.19782751821516
1019.48059082031 7.23105775128755
1036.50842285156 1.85700353833652
1133.57641601563 4.68425979183324
1147.53918457031 2.55471010571421
1246.64965820313 3.01321143211998
1283.54577636719 3.18454680008977
1304.58483886719 2.18108052912131
1369.54760742188 8.16224812688355
1417.79614257813 7.60954462326631
1419.69189453125 6.55198061343711
1435.03637695313 69.9121852563911
1438.03540039063 32.3288062260853
1445.15063476563 6.46478811319512
1447.29443359375 34.9173484551006
1449.63781738281 28.188699501786
1451.38842773438 21.6155650388775
1452.18273925781 19.1247006833209
1452.7607421875 16.8369441017091
1457.12219238281 8.72115027458795
