1877.9650 80 1
86.1034622192383 2.26595824309076
110.089004516602 5.68006078902493
112.099975585938 3.64159190731984
129.12678527832 3.70845822983977
175.130462646484 11.2011908788321
225.221374511719 1.67783749763726
246.166778564453 1.95498038970445
287.227661132813 6.33767390630482
288.231384277344 5.05640228302806
301.153686523438 2.16357107297537
303.206115722656 2.29916285545956
343.151947021484 2.00813077616298
366.229644775391 2.48822516882596
371.186187744141 3.40824196064515
377.196380615234 8.26515556398708
379.1953125 3.09795402135148
383.238891601563 2.9133827541883
384.245178222656 7.56007869321511
385.227630615234 9.93675757861436
389.233581542969 1.98208362380966
401.270965576172 8.53152414865688
402.256774902344 9.58219646354453
427.263702392578 3.85293910688876
430.184051513672 5.33853121717233
434.256500244141 7.45801687531454
482.2353515625 6.88671886529181
484.264709472656 3.80630074704859
499.261260986328 100
504.245971679688 6.70008898633566
517.301147460938 21.2471233811497
521.278930664063 2.59376189224129
524.280151367188 8.65855190901667
527.2578125 2.67953918370301
537.239074707031 2.41815034652957
553.940490722656 2.24679249382829
555.26318359375 2.57576439296299
563.297058105469 42.4379131341264
571.251342773438 3.34530298355633
572.226501464844 2.97129145597084
581.30029296875 3.00714752143826
582.282043457031 4.18712514330345
598.317077636719 8.31826086758204
602.316833496094 2.79923705707964
620.016296386719 2.62733207285093
632.317687988281 3.74190528220895
661.310913085938 2.69402228734173
678.322387695313 6.37084939463782
688.385803222656 2.8648969978057
699.373291015625 5.91163954778408
700.368408203125 3.58631221069142
710.347106933594 8.00587272015728
711.307495117188 7.87708944543605
713.387451171875 3.66951784319336
722.345031738281 4.81444631575809
727.361877441406 29.2310246559406
745.312744140625 4.9054840921912
791.409423828125 3.42063001445066
795.392639160156 16.6885191375605
820.941467285156 3.12060145670579
843.414306640625 4.02061929117425
845.458984375 4.46394056869363
862.427734375 4.03622181144407
871.395690917969 3.75693418655625
878.420776367188 12.5192435086783
890.437377929688 6.80344743974526
962.481018066406 5.56955944586663
963.472412109375 4.8411477992974
982.472839355469 4.60760952525682
988.423889160156 10.7024098701896
999.446655273438 4.95302432927275
1010.46936035156 4.3560000289727
1022.70819091797 3.51602047042072
1023.46789550781 4.35268283649089
1027.4697265625 6.0799654761744
1029.4482421875 3.68779856492097
1058.54418945313 8.52441152747568
1113.3935546875 4.30529781028288
1129.46862792969 4.93326182323757
1139.52587890625 5.19081359069206
1144.50390625 4.57626590358009
1151.52648925781 7.39839693845602
1156.51318359375 17.078421346193
1177.58679199219 3.42153800685967
1307.56494140625 9.32750320700508
1329.63806152344 4.24141609651425
1373.58923339844 5.29656542832721
1379.58093261719 12.1676258569602
1455.63696289063 5.78988875983901
1471.63793945313 68.9160950360473
1494.62683105469 5.84132233498056
1535.67565917969 14.5396256492522
1600.64892578125 9.08415754589267
1681.95959472656 31.2451247155972
1749.58642578125 29.1963816593568
1860.99072265625 19.8017807213299
1878.220703125 88.2487693695867
1882.46704101563 42.7184247604098
1890.34509277344 26.0047069087612
1893.46179199219 36.0104086030776
1894.45874023438 58.9924798325643
1897.45385742188 47.1429144909369
1898.30615234375 36.8437755537018
1900.68481445313 22.4284217252454
