1681.8649 80 1
70.0820007324219 .493970065729775
72.0950698852539 .525940878781616
86.1144104003906 .982957951305262
110.091438293457 4.90884096687138
112.105133056641 2.6947395873828
129.13020324707 1.19748162067271
136.097244262695 .589543197781853
155.112945556641 .293664522305995
158.109222412109 .655587653591907
166.077606201172 .3692897509736
173.115798950195 .279302003208072
175.134887695313 8.885904610244
201.108520507813 1.38493762422033
220.143127441406 .348131610153939
221.124984741211 .403726868973161
227.138290405273 .296401426155163
235.147567749023 .661176051644727
237.149765014648 .787709497793557
243.133529663086 .719556093777895
245.144073486328 1.80084775276054
253.110626220703 4.35638742459891
256.130035400391 .332205910741127
262.167724609375 3.10005222739347
267.128295898438 .491691806086331
270.144500732422 .260930737112447
274.129364013672 .398469977958987
279.12353515625 .729823690916458
292.145843505859 .500910092470993
296.173004150391 .476036521664032
300.187622070313 .29771761540438
308.192932128906 .359753226823039
314.187957763672 .869730316194008
324.191192626953 .840419547382142
325.200256347656 .643341445069553
344.213287353516 .705079114183744
350.16943359375 .699639508645656
352.182159423828 1.09061467110845
353.197143554688 1.01739321833027
354.206420898438 .457767102180583
361.232269287109 4.41064631274545
371.209350585938 1.85211050899376
379.224243164063 11.7232033735977
388.182983398438 .693971684799898
390.198608398438 1.07935850985433
398.163208007813 .614201494578657
407.169036865234 .920147376125796
416.171447753906 3.12778571143794
421.194885253906 .640295236647943
437.221771240234 .700171748206291
439.212341308594 2.21139157910129
444.199676513672 .662787678318312
453.269195556641 1.00745501424338
476.231994628906 .585378519525925
477.218109130859 .703002130884944
482.273162841797 .756259299021966
487.251708984375 1.23538232339993
489.241668701172 .88104617137765
490.224975585938 .77628406992578
492.223754882813 .707461081136812
494.236267089844 1.66138576347633
503.274627685547 .723651951112219
506.280334472656 2.34340120731112
515.238647460938 3.5187859147916
520.246337890625 1.17914175341394
524.29345703125 100
534.266235351563 2.05969703157293
554.241516113281 1.70940489509538
560.326538085938 1.558469110027
568.291076660156 2.42259039191122
574.29833984375 1.38232562489905
587.279602050781 .915790746270991
602.269409179688 2.54019167556004
604.270385742188 1.15246886197152
605.282104492188 .944889722196862
607.307373046875 1.26652736976744
619.322387695313 .827814400088139
620.292358398438 1.39985930045229
622.295471191406 7.74809158553437
625.274536132813 1.58140465707713
626.265869140625 1.5757252765056
639.318298339844 17.1245138617293
673.421264648438 3.95618168667785
681.370300292969 1.18942764540575
716.345642089844 .899063779219592
717.308532714844 .883872730818253
720.338317871094 .966446593786118
734.351318359375 .889333896782223
738.381286621094 2.17049826711319
740.379699707031 .862333767803363
759.348876953125 8.4274937064165
769.373962402344 .977715432370259
776.373779296875 10.6166736962778
786.49462890625 1.60128971367905
788.352905273438 1.37988706347599
789.352172851563 1.73785413149013
807.362609863281 1.30856758988915
845.363708496094 1.13906377726209
853.465698242188 1.26410190754895
858.447326660156 1.03362015857913
867.478454589844 3.47828287894357
875.436157226563 6.42949949712048
884.516906738281 21.6409129639168
903.391296386719 1.28590693629148
932.447387695313 .826620811536299
939.515930175781 .944635405675253
940.460998535156 1.16038639246428
944.457397460938 2.9131094078607
946.035095214844 1.35319225565103
962.468933105469 83.5321869368492
973.465209960938 .884750736117922
987.467102050781 1.00193630459169
990.526977539063 1.37982928775727
997.602722167969 1.87275450735234
1004.4619140625 1.1584777898426
1016.48974609375 1.00183606720019
1022.51470947266 2.73346708511356
1039.53918457031 1.10064085713135
1042.43603515625 1.04550476524678
1043.46716308594 2.21799013992792
1054.62072753906 3.93800100323116
1059.48913574219 1.78697830019436
1060.47204589844 4.98272833806942
1077.49877929688 5.32323509451342
1086.52502441406 1.11134988929016
1103.60070800781 1.48174394697865
1110.70056152344 1.08214642558676
1140.50769042969 1.34207202237479
1148.53784179688 2.53534138393487
1158.50500488281 5.78635129168552
1183.66760253906 1.65436958903922
1198.58544921875 .762363981867535
1282.59558105469 1.01228016214576
1293.57080078125 1.33877680250396
1296.75036621094 1.16339140483673
1298.65478515625 1.81199124187098
1311.57666015625 2.10168097363056
1321.57995605469 2.0843195705471
1368.60021972656 3.2222966200792
1420.63110351563 2.34094998965175
1428.77551269531 1.15143889746132
1434.99157714844 1.30765650962529
1443.81494140625 1.1072006898749
1481.64379882813 1.98020089105506
1507.58581542969 2.1752247596536
1525.57580566406 2.176433071627
1552.59106445313 5.1373733706855
1652.98352050781 1.45557213702511
1663.91577148438 3.51497330798077
1677.16088867188 3.23060092515332
1679.06298828125 3.45001728453754
1682.13110351563 24.9075722656665
1687.21936035156 4.66995021411264
1688.28076171875 4.93373739734598
1690.2421875 4.38883073713933
1692.49401855469 6.68172596786686
1693.39428710938 9.25665006833338
1695.28381347656 10.0353562254813
1700.63110351563 2.86203048345976
