1020.5721 80 1
70.0727767944336 1.08216611813593
86.1074752807617 14.6678264561423
104.064743041992 9.52109317660365
112.097747802734 8.46701472595854
129.123580932617 2.81966071907949
157.118392944336 3.88926568421581
158.104019165039 7.23436557919177
175.129486083984 100
185.125900268555 1.22234563410563
199.191940307617 1.90339461200896
200.156127929688 .876335419643087
215.145370483398 2.43082280768879
217.149703979492 1.81369080467986
219.095291137695 2.80407781612509
227.190277099609 4.0007066321698
228.163497924805 3.26854143794469
235.118667602539 1.77904105099236
243.144943237305 16.1065020149825
245.141311645508 5.0997354511154
247.08415222168 34.2001462267646
249.088287353516 2.54946526729212
253.174224853516 1.32232832431825
263.103454589844 2.13550984185025
271.185424804688 24.7171120778602
274.195098876953 12.83145208385
277.124877929688 .935584742986904
284.198120117188 .965952401740161
288.214050292969 18.0661089484034
298.186859130859 .873436412740765
301.124786376953 .890406768957495
333.103698730469 1.59368313336773
348.196197509766 3.55490338622467
350.126495361328 1.14345428463037
356.226867675781 7.90004539427083
357.196807861328 4.21965698802045
358.174835205078 3.23232779143183
360.155029296875 2.04646162530818
374.183410644531 16.0781821141464
376.166442871094 2.82207698669819
378.124237060547 76.0424512345176
380.119293212891 9.36450078374524
384.269775390625 13.7898691173413
386.238037109375 .965540537528832
389.22216796875 1.72324732685099
401.295471191406 38.4348904534517
411.293609619141 1.02876784959642
463.213348388672 2.37276194556432
469.302429199219 1.16218046944033
471.244445800781 2.01872284486394
473.226104736328 1.09071740569793
486.234588623047 1.31066846701688
487.257781982422 3.686411145894
489.20947265625 6.11541681202351
491.202087402344 44.1838620782331
493.198669433594 5.83327161822376
504.239501953125 1.65807863484418
505.228454589844 4.49909136646563
507.15625 5.39832005910003
513.31201171875 8.04771004111522
515.234558105469 1.24170954930061
530.327392578125 9.69224321343495
533.212890625 3.3711038703868
540.313659667969 1.44487401171902
544.237182617188 1.93973729066562
584.31982421875 1.33836445222379
592.248840332031 2.08835272972797
593.249755859375 2.10089478484449
602.263671875 4.42533730487004
604.288146972656 1.87595909523486
618.322204589844 1.48610793469378
620.243225097656 53.8364882907155
622.239196777344 9.85068547618588
626.391052246094 3.96681530276734
643.412902832031 6.77252719314698
669.31494140625 2.65055489568541
679.330017089844 1.28294584010418
715.356872558594 1.46494506518906
733.321655273438 8.31956078682548
774.447326660156 5.7642517906534
905.463562011719 75.2120765633304
907.464660644531 17.8487247442578
909.442321777344 3.8506976750075
910.375427246094 2.45625684815678
959.421203613281 3.13918731300424
1003.59619140625 2.46048442492207
1018.79272460938 2.54381514836572
1020.79095458984 94.2676172386233
1025.84313964844 31.3041570133167
1026.85546875 36.1743988932009
1029.03576660156 12.4876198070464
1031.23413085938 2.97506935005979
