1971.1741 80 1
70.0743179321289 1.04766095401149
86.1042633056641 2.53786168878473
110.088539123535 8.51927471474666
112.099647521973 2.65493855604307
129.118789672852 .680164995377825
158.093521118164 .793884089499068
166.076049804688 1.19386699650218
175.130477905273 12.5866786619978
181.116394042969 .973053885791124
199.188415527344 1.02337155734825
209.120346069336 4.15440047128388
223.164047241211 1.29929135228022
226.147415161133 1.22720313126893
227.160720825195 2.81933645599104
228.155471801758 1.54105767002221
234.153396606445 .798295764274591
243.127197265625 6.13092324492554
246.164474487305 8.2206490810264
251.166473388672 3.78699768835774
256.141784667969 .968364370587912
284.205444335938 3.25116254892872
292.151092529297 .848515078308661
298.225982666016 .910488378894675
299.187530517578 1.42653397189267
301.125854492188 4.99156222580428
311.176940917969 1.45671369084793
316.2041015625 1.48981297032522
322.200775146484 1.32397108830917
323.193115234375 3.17981857816584
326.247222900391 .958081391392032
339.222259521484 1.48211130072482
340.205963134766 .94768246249705
341.209106445313 1.61706389239665
342.200317382813 1.11652955406017
348.190643310547 1.14203077961536
356.207611083984 3.29794210201174
357.185119628906 3.11854563868628
366.197570800781 29.3796098949518
370.250213623047 1.13846331368191
383.220245361328 32.2024862190405
389.158905029297 1.42706801147267
393.223175048828 1.17063762825467
396.197906494141 1.31598946243324
397.222564697266 1.95403270800423
398.235137939453 7.26152178612771
406.178588867188 4.85671183855778
414.208831787109 11.1065586639669
424.220855712891 1.35717768078246
427.243286132813 3.68269257584942
437.252593994141 1.51185377059591
439.208587646484 2.52504315430005
456.258178710938 1.34581057458219
469.265350341797 2.08548486413203
479.276824951172 9.90630514945509
481.292236328125 1.41910983220305
482.278717041016 2.84044459136294
485.263275146484 1.44901682445938
489.264831542969 1.38545290148064
496.300140380859 24.9570652942082
499.293273925781 5.33357497505367
504.282958984375 1.7076141082038
506.28759765625 1.98474675539243
509.263641357422 3.22507549658674
510.259765625 5.74453296116485
513.275207519531 6.0405892726869
519.23974609375 2.53936884092893
527.282958984375 19.401351179476
536.227905273438 2.133016326193
553.244384765625 4.66679634128228
556.275207519531 1.55098536422066
562.286743164063 2.36369666592791
573.329833984375 1.68834415045252
581.338134765625 2.04422283147562
584.311584472656 4.43650237124831
590.291870117188 4.7381051875269
595.340087890625 3.38095193545075
598.334167480469 3.78761535499215
609.343811035156 3.01078345158764
612.36474609375 7.8905647040107
622.357604980469 2.47439732929009
623.328125 3.72231831433581
623.910522460938 2.2426880788547
624.329772949219 2.23549323063382
626.349304199219 14.5243201372191
638.325744628906 1.79638231590897
640.357727050781 10.5492448651123
643.361755371094 21.0165782972521
649.316589355469 1.59572406395007
652.332824707031 1.65654381791576
653.348937988281 3.38775523112356
661.349914550781 1.81266923151357
666.341369628906 3.01662653404353
680.36865234375 2.70116752446198
689.352844238281 2.53484546981394
694.409729003906 2.7282389216213
697.393249511719 7.97355565471996
711.42529296875 4.73965918336604
722.390808105469 3.32609737446075
722.989685058594 2.50969859254735
737.365234375 2.35204872864033
739.439086914063 7.4385045612224
760.381530761719 1.65968855168882
765.435729980469 1.9605927729904
789.392578125 7.72373684309492
791.405944824219 1.8071783845933
792.419616699219 2.09599736175254
793.447875976563 2.81206114159227
794.005493164063 2.56643716799407
803.393676757813 2.35677766401777
806.424499511719 18.5683942242827
810.464294433594 10.7568464816642
816.403869628906 2.86042615072676
874.387512207031 1.66225772533408
892.423583984375 2.23396323434804
899.533569335938 1.60858878189438
900.412292480469 2.05319513217488
916.502990722656 1.82303806193155
917.448669433594 5.8078335492919
923.533386230469 2.94244705071304
934.474975585938 29.615139861078
960.492248535156 1.57630614746678
987.479309082031 2.3902325792425
997.472106933594 1.44539416285438
1004.49340820313 1.5214431024531
1006.50012207031 1.94870279343973
1014.46917724609 3.18651491571911
1031.48449707031 21.8039949940431
1037.57263183594 1.96072970579281
1048.51159667969 12.4097377128097
1058.52905273438 2.22205658385591
1076.546875 1.63599273957721
1144.58337402344 3.91284545359856
1161.59375 6.82029726011855
1165.62841796875 3.33446414034933
1215.60485839844 5.90679780383553
1232.62182617188 9.58146389907295
1313.60131835938 4.54759039466437
1331.68176269531 6.71307620187651
1444.76928710938 25.1379186657711
1556.81298828125 1.64715906822101
1573.80725097656 9.67169693783922
1670.82507324219 5.88231178909824
1687.84948730469 2.87154405111088
1725.83178710938 2.69456289359268
1744.81884765625 5.93853584317119
1796.81567382813 4.15087342000409
1814.80456542969 3.55926937621602
1954.22998046875 9.37411488854911
1971.51098632813 100
1975.38525390625 44.6233732594349
1978.2431640625 11.4792968166517
1983.59973144531 12.1578982840432
1987.69592285156 17.1908989573775
1990.51818847656 12.8214688344639
