1417.7659 80 1
70.0728073120117 1.18099848679067
72.088134765625 1.59540426451799
86.1075973510742 8.76382885217483
101.093627929688 .917397955497404
102.066581726074 .80217242317488
104.076446533203 .87570564199309
112.099159240723 8.73487995337441
129.124389648438 3.40514132816127
157.119171142578 1.57762474351229
158.103591918945 3.32808736510802
171.120040893555 .70030632254298
175.128494262695 69.5024670252459
183.120010375977 .60855541682666
185.120620727539 .65610812937731
187.10693359375 1.1956374504464
200.147552490234 1.88908402069274
211.113464355469 .583661670841484
215.106811523438 1.28605049002445
217.14680480957 .90859303251069
228.142517089844 19.8492116130698
243.124557495117 .672951125240686
245.125625610352 1.93828983803627
253.167343139648 .703907073314226
254.174026489258 .611087799830982
259.102233886719 2.93213530008409
261.1005859375 1.58210587785798
271.183929443359 8.14002671774715
282.182220458984 .704071036700313
285.161468505859 1.26477584746043
288.209594726563 10.4208671427029
296.179077148438 .679455872995836
298.185272216797 1.09253735155664
300.168762207031 2.24436762103152
302.107086181641 4.80718253713759
312.171142578125 1.36240653050489
313.186492919922 1.24423761584639
314.186431884766 .688953150062747
341.229614257813 4.25385913027807
344.155059814453 3.765072164475
358.165557861328 3.60398825987074
372.142456054688 1.08414078227866
373.172088623047 2.09391391627225
374.173065185547 1.38020030888119
381.226226806641 1.57746449124657
390.139953613281 2.92457695837271
397.177490234375 1.67225953766631
398.244659423828 2.92021611651434
401.175018310547 4.15438817367997
402.218200683594 6.24490248625349
414.204406738281 2.80205072452087
415.188171386719 9.92977301976067
419.247833251953 27.2967452430685
425.202209472656 1.36812939702528
429.206176757813 1.22713349700147
431.151031494141 1.05373342767311
442.230346679688 1.13113313377557
473.189727783203 6.75465629632739
486.24755859375 3.12583684314474
489.201599121094 1.12518154046983
495.184997558594 .993420488028564
499.289764404297 1.73917144367105
502.222290039063 1.33911504623882
503.217071533203 1.0493685412734
506.270568847656 .958073037863981
510.248748779297 1.97857210701062
511.237152099609 1.49246993383652
512.214782714844 2.85625955251079
514.241455078125 2.86323193586071
527.284729003906 3.34077098873408
529.232421875 5.26689913743125
530.224548339844 5.51772465875958
531.248229980469 3.27263067289686
540.197265625 2.61468942039606
548.287841796875 35.7085362610671
558.247680664063 1.37106664731472
584.233154296875 1.05738386541715
600.297546386719 1.7687245447586
602.233703613281 2.69011051948379
604.23828125 1.71072982313148
607.261779785156 1.18323329157936
611.2783203125 2.08617354845616
615.3076171875 1.1428528228811
624.293884277344 2.48205771882302
625.286193847656 4.05285795118555
628.299682617188 3.32181916684652
639.254455566406 1.37000241106851
642.314025878906 11.4413379145568
659.268859863281 4.87257398553336
677.328918457031 10.2866773214479
679.335998535156 1.85028470671654
687.29931640625 1.53927980258695
696.350524902344 1.51559076455226
713.379943847656 3.39165633448235
724.349670410156 3.48201715743721
726.32568359375 1.7877680139232
741.371215820313 4.54942731034348
754.333740234375 1.20879279226204
757.32421875 1.65494379798145
759.370422363281 1.77936171745084
772.322570800781 2.92857885081215
776.393615722656 89.3627278033542
786.375305175781 2.77391654710867
790.28515625 1.86438592033407
852.390014648438 1.57316062088435
853.378479003906 2.24499778666462
856.379150390625 1.71391715364491
869.35107421875 1.69263898116757
870.408386230469 3.04076909258352
873.410583496094 2.7648540201813
874.393127441406 7.22969550373414
886.394348144531 1.89510570488498
891.415710449219 20.6543755326762
903.381408691406 1.84496435178962
981.427978515625 1.23728512178215
999.452697753906 3.16112327727184
1002.43292236328 1.47676473340877
1020.46069335938 2.81390134659162
1042.43359375 1.08903511218543
1060.45031738281 1.89218140002711
1077.47570800781 5.45612226425195
1130.48510742188 1.42198392899328
1190.56787109375 6.17584581361849
1287.49792480469 5.40542893998921
1418.00549316406 32.6399650783574
1421.99768066406 8.39326185792834
1430.18811035156 40.2841818249504
1433.31225585938 17.1605282223165
1435.39428710938 41.3200510789329
1436.63684082031 53.4377863723717
1438.47058105469 94.1565529165753
1440.18603515625 100
1441.06591796875 99.409936965461
1442.58386230469 97.0519504662849
1444.47351074219 20.1661830419659
