2183.1614 80 1
73.7105178833008 100
86.1178894042969 1.97783071340097
110.107574462891 3.0565172556387
112.109687805176 1.66730846775187
175.128311157227 7.51840166272783
246.164596557617 1.92427738068264
275.182861328125 4.65078672820286
308.189361572266 1.51519176899465
342.185882568359 2.08917132011521
347.141632080078 2.12421042135884
366.186767578125 2.05645503553011
388.249420166016 3.13644379745482
416.283325195313 5.19939233711346
417.229339599609 22.6895794274152
459.192687988281 2.45778836938877
501.322814941406 11.0560105878197
523.737915039063 2.47902375566371
540.202209472656 8.05716945006272
552.285095214844 2.11575391350933
556.190002441406 2.38023890422167
568.208435058594 17.8682350133145
570.256713867188 3.23354921109808
571.596557617188 2.23286560668639
572.328063964844 2.97570732967769
588.248718261719 2.98576830034952
616.363586425781 7.15973880901425
626.347961425781 3.60280244467986
645.299926757813 3.6153249846734
651.66943359375 2.30003234982357
653.329772949219 3.43756850264173
659.328247070313 3.02974506819542
675.36474609375 2.66321589920285
681.279602050781 21.6357717967158
698.311218261719 2.72922045405008
701.290710449219 5.23077559858562
703.38427734375 3.49465235921598
729.433166503906 8.43102352780271
730.465759277344 5.67678229305582
779.330810546875 3.30637861946749
784.351440429688 3.34382523507493
796.295837402344 38.2483759892874
832.413757324219 8.19856466023804
858.460327148438 14.8525114021817
954.389770507813 14.5492092342118
959.516357421875 34.0460931620502
982.380554199219 23.1148600022384
1002.47875976563 4.12209879796985
1050.50073242188 6.92464872230951
1070.54443359375 4.50390001232298
1081.43212890625 4.19150750630417
1088.54296875 42.6452654487543
1095.44543457031 31.1681221505258
1115.49865722656 4.93350198444494
1201.62939453125 27.7903770745321
1224.48217773438 29.0864654804959
1228.46643066406 5.39188417121294
1307.53564453125 7.15237999708293
1325.54614257813 14.2294129798141
1387.69897460938 49.4870196545487
1436.599609375 8.25079280961994
1438.20373535156 6.70393310354437
1454.55358886719 22.4630340678045
1502.72021484375 27.828046564743
1567.62475585938 17.3167732687031
1615.8349609375 13.2127751824495
1682.66052246094 54.4322852404155
1752.833984375 7.12405321743679
1767.74084472656 5.81022525168267
1795.75756835938 25.5302766465528
1809.90356445313 11.2183362472575
1908.79675292969 37.531684533841
1939.88586425781 7.06697525241108
1971.22705078125 30.6411326667043
2036.72094726563 12.3608407663966
2166.13452148438 18.8411628228633
2183.40307617188 44.278849606376
2188.5380859375 18.583222686481
2194.66455078125 20.0687421599557
2195.60375976563 19.4102101436098
2199.56665039063 23.6496060846371
2201.64916992188 25.8647396432575
2203.91772460938 26.3942883086482
2205.70751953125 40.3950868170024
2207.8583984375 48.1326696178969
