1960.1389 80 1
70.0787200927734 1.4460721584637
72.0940246582031 1.07506149042638
86.1084442138672 .63193538095924
87.0706253051758 .373065804030088
101.08659362793 .781735184750447
112.099327087402 4.01331488793785
129.122268676758 1.66704433023202
157.117858886719 .487869082825214
158.103454589844 1.16293372038473
171.158050537109 .477091803617336
173.146682739258 .334476519555565
175.129791259766 37.8734871869761
185.104141235352 .717846751549517
187.120620727539 .365248862253887
199.152313232422 1.56150538549006
200.149185180664 1.34056717290314
201.138046264648 1.16598815173446
212.116775512695 1.09730445511284
214.133193969727 .727604377353828
228.146148681641 2.4415212464466
230.103668212891 .307722414820787
251.118728637695 .302562908742104
253.183456420898 .445270739374564
254.167694091797 .309811983738694
268.168579101563 .470751844508936
271.180847167969 1.36155942819891
282.170623779297 .460461231107076
286.185424804688 .657907540092663
288.209564208984 7.10310720419247
292.135528564453 1.37225667219855
297.157104492188 .493696331539024
299.175842285156 2.86102570958079
304.140625 .367663935172133
313.194366455078 13.9757214940093
315.182495117188 1.62237714294021
327.144744873047 5.75325998931599
329.145324707031 .938830571270157
339.177429199219 .691823761166062
355.2080078125 .570705309923997
357.219329833984 .810628848879259
358.216339111328 2.58327113486323
368.199768066406 1.21197304839592
375.238342285156 8.15815448573647
379.164459228516 2.66471482048108
381.211395263672 .858014038310307
383.200622558594 .612878942904169
384.2177734375 .997990061942758
386.214721679688 1.63826936720982
391.201446533203 .931660218581016
398.249481201172 6.37254152898446
409.202667236328 .785446079429994
414.166107177734 5.01723890735478
426.239044189453 12.4446694195595
431.229797363281 .693212535333148
450.206451416016 2.29595800858264
452.264923095703 .742144140804672
457.275360107422 1.72231582366953
467.249389648438 1.05048610898086
468.257629394531 .927034047727555
469.310913085938 .821928048189729
471.250946044922 .990872897904327
474.303314208984 11.2149158398463
478.226257324219 2.78624240200642
480.2724609375 .97012958282676
484.284210205078 1.05255750424744
485.246520996094 3.20683724541516
495.237335205078 .981001358554037
497.303649902344 7.78842053934095
513.231689453125 7.61656751736484
525.264282226563 6.18420390578294
531.253662109375 1.46839759013524
549.265258789063 2.46399893580479
555.368347167969 .94691990277214
556.358093261719 1.33091704812691
563.28173828125 1.07593823651923
565.25390625 1.5327028628694
566.315002441406 4.18124949768286
573.368713378906 100
583.351135253906 3.54940154427473
584.332885742188 6.23500587101294
594.286376953125 2.02638017998319
595.274047851563 1.69965655301789
612.29296875 6.86775365945885
616.305969238281 .807013960878394
624.271118164063 1.14211420532143
630.316589355469 1.06540058434169
631.312194824219 .927681184934525
636.299987792969 1.38258133694355
641.296142578125 1.12543671762729
648.326110839844 1.17274343051557
653.354431152344 1.60420387966462
658.348754882813 .918105442778898
670.382507324219 2.93181484957838
671.363464355469 6.95522275773236
677.316955566406 1.38715615591391
681.323181152344 1.22627709603196
688.388977050781 19.3294205264556
699.330444335938 1.42620591285357
711.356872558594 1.00039880156988
712.362670898438 1.39709606958513
723.32275390625 .760894162043914
729.378112792969 3.17774948216295
740.356262207031 1.13155468008738
747.398132324219 2.20810062798495
759.353576660156 .758922197992803
764.426208496094 1.34489766944427
768.395202636719 .846065101861254
776.385620117188 2.0775471445677
785.403686523438 7.10514469686822
802.429016113281 1.2121147705388
803.416198730469 1.33453263461686
804.379211425781 1.07505253941804
812.398620605469 1.34635813252172
839.399230957031 .827139902145218
857.454345703125 1.81022326265202
864.432739257813 .767881174281894
875.443664550781 4.6640329202482
882.454956054688 6.18990994076966
899.477416992188 15.0212675130307
903.417358398438 .725488228662422
944.490661621094 .939761476137462
956.490905761719 .622420510834315
969.485961914063 3.67497446417019
974.507873535156 2.94660768435767
986.506469726563 8.80348247661408
990.464111328125 .549347363252114
1043.53771972656 .671658753016381
1061.52136230469 1.16481080633444
1068.54577636719 .741974563175582
1085.57092285156 4.53745601283064
1089.53918457031 .444866640799736
1095.54809570313 .773728472219586
1178.58483886719 .391237631522546
1196.60363769531 .975881537003657
1213.62060546875 3.43560957420217
1223.6337890625 .433316075961721
1359.64526367188 .417351176489285
1376.67785644531 3.11010462960928
1386.67395019531 .459889627734207
1445.67749023438 .395342936474543
1446.71166992188 .480782510021932
1463.70703125 2.52796483338605
1534.73852539063 2.11729171706222
1544.74426269531 .374575601133267
1588.92541503906 .367613527542799
1647.80737304688 2.16956692513302
1744.77624511719 2.28893208791535
1761.78869628906 .827445458784667
1877.82788085938 .940919441698974
1930.06213378906 1.34970950904586
1933.123046875 1.44645749161173
1942.251953125 1.79899331724133
1943.1845703125 3.52443832029446
1945.00524902344 3.58586743485041
1955.65246582031 1.63683359054772
1958.74865722656 3.32677025395776
1960.43371582031 28.9922386086084
1964.36145019531 13.3289425860719
1967.04125976563 3.0237988519803
1972.56274414063 2.87787987620977
1976.58862304688 2.91780277038199
