1000.5883 80 1
70.0738143920898 1.61088250054601
86.1057739257813 4.61267884947864
101.08903503418 .745373631451072
102.066497802734 .701629519708406
112.094764709473 6.86584527602795
115.104225158691 .737873852627525
129.126480102539 1.47169062766198
143.081420898438 .867458859213266
157.113037109375 1.99568933859334
158.101409912109 3.46371274092697
175.126098632813 28.1675706079117
185.128356933594 1.71001714282605
201.098266601563 1.36260293677641
214.136947631836 .519658661346238
225.173675537109 1.11145576778667
228.157623291016 .774740881714417
240.116989135742 .739017825239035
242.164947509766 1.36145377661364
243.140228271484 4.78080231693541
253.173645019531 .738459000232497
256.167999267578 6.68862057187863
258.117950439453 1.46874031746893
261.155181884766 .771867586243007
268.1416015625 .835030988578973
269.128601074219 1.76036717266917
272.129486083984 .893447335329736
276.192657470703 .938684594739808
286.157012939453 8.39498659020776
303.179840087891 25.0802685183118
312.145751953125 .632957304128678
314.177673339844 4.42339448308589
316.157928466797 .747819563376539
320.158508300781 .812170732753862
327.211517333984 .678343452934705
328.197143554688 .695548114934553
329.161926269531 1.3847429774452
334.179656982422 .824065798030425
342.174560546875 1.10609713015332
355.238159179688 .946260265628425
356.210906982422 2.20584730967216
357.213806152344 2.48618188259011
358.212829589844 .940080394192348
367.188293457031 .904731204001575
380.165222167969 1.26698333401563
382.197204589844 .697914415212092
385.208984375 19.9161865009724
391.215484619141 .720515161184403
397.196075439453 1.49888576897226
398.171966552734 1.3717905103892
399.238922119141 1.2548495800466
411.234405517578 1.11090334619191
415.197784423828 2.49346467300519
417.224182128906 1.26808254888941
427.254211425781 2.64829168229344
432.221801757813 2.92065145135025
442.220336914063 1.61719540949135
443.22021484375 1.0864819507211
451.220062255859 .856116448841984
456.245452880859 3.61039770600303
461.234771728516 1.15747128977093
468.205902099609 1.15706606065899
469.21533203125 1.65659689080155
470.289276123047 3.40478656738631
473.234558105469 1.02674683547496
486.227691650391 4.66324042461975
498.290405273438 8.63419743644238
503.246337890625 5.33075630413618
508.256805419922 1.11775167873743
513.244079589844 .800872450542687
514.197143554688 1.07781588265336
516.290771484375 1.56872943428824
541.33935546875 1.10730446641555
544.328063964844 1.04574653813671
569.325317382813 4.13540192756695
573.30810546875 3.46924940892179
599.299743652344 3.50550138095662
616.33349609375 14.7170795036708
736.381408691406 1.97493135971669
745.367065429688 1.76991254119962
803.486267089844 2.79842406051045
804.409301757813 3.64937567820146
831.440124511719 29.6368755849542
849.445373535156 100
854.456970214844 8.2222300086897
855.59814453125 5.73103686618927
945.498229980469 9.70056507474125
963.485046386719 19.396817454955
965.356323242188 6.92782930148169
967.075256347656 5.04888438323282
988.60302734375 27.1399473715187
991.270812988281 10.2208591272341
1000.76776123047 18.7816411980576
1005.88787841797 97.5414239189163
1007.93157958984 97.0845640057792
1009.83740234375 14.1238633761649
