1163.6461 80 1
70.0773010253906 2.33951741192688
86.1041107177734 4.53609343189417
101.080955505371 7.89665286254416
110.07918548584 8.13662364406588
112.093307495117 8.52594115040601
129.117004394531 4.79806373529823
155.104553222656 .99763621181907
158.10009765625 2.34408825869063
172.116195678711 5.22005876602289
175.122375488281 35.1367575164477
195.095138549805 5.15990479624261
200.108734130859 5.47601394087332
215.156005859375 1.62744596999058
228.132705688477 1.25389088413183
229.136199951172 1.40362142444088
238.131896972656 1.31644663691476
243.143081665039 5.53117853610175
246.155960083008 7.95122775527667
248.125991821289 1.89903179562975
249.099624633789 1.50303619172288
255.146606445313 4.5243388560593
258.095642089844 1.22693794793307
266.128173828125 6.67087156945812
283.145568847656 23.1976596570371
286.157989501953 2.68368482674267
288.203674316406 5.4955990952011
299.144805908203 1.04275896663411
300.178619384766 1.32247046650011
301.162689208984 1.23173492733741
303.17724609375 32.7604885068719
306.133392333984 1.1059092621856
313.164978027344 2.63396516935695
317.1455078125 2.35448269358029
323.153106689453 2.34415177637913
326.190124511719 2.02492798575953
329.145568847656 3.35725722507704
341.219940185547 2.007840044801
351.136383056641 2.07443807746997
354.176910400391 6.05578523647712
357.145904541016 2.96028891395086
371.190399169922 21.0220501708344
380.195526123047 6.00506685197282
392.205657958984 12.5943733960993
398.216766357422 4.15930239890532
408.171905517578 2.80887464944264
414.235595703125 1.77598747185451
420.198822021484 17.0433647520838
423.211059570313 54.4946999052482
440.233917236328 44.5778658927881
442.231628417969 16.5843137524221
450.228454589844 3.46388959784463
454.195831298828 1.87929385601984
462.177398681641 2.0405742334184
463.222320556641 2.3767273214697
468.249084472656 1.86107636009007
477.215301513672 9.98906851790541
480.206237792969 2.61450243539024
482.240142822266 2.15075386439507
491.23828125 4.64035819632293
520.251159667969 3.86480927932217
531.229309082031 2.15561207595621
533.250427246094 3.51338853816967
534.236877441406 3.89488546992726
548.252075195313 14.0142787221231
550.261047363281 5.09981205234019
551.273193359375 5.97507595439664
565.279296875 8.04457396813197
566.263977050781 14.6066679924023
568.280883789063 16.7831219072185
578.28564453125 2.88187159319148
579.278686523438 2.31885755852798
590.271179199219 2.05047395115936
591.281677246094 3.24180101721853
596.299194335938 3.06646713147838
608.28271484375 5.82837797244297
613.315368652344 3.0012628712907
619.276062011719 4.81871365542478
625.302795410156 7.21886812883579
635.285217285156 7.16446197615473
636.300476074219 4.42568739671306
658.289855957031 3.42636724544514
662.330078125 7.1114307591553
680.341857910156 8.19813648173766
687.321166992188 4.13571671645797
688.313049316406 7.51190754979895
689.939636230469 2.84453587580313
696.361938476563 2.88524737373421
705.331298828125 85.1958661882616
722.353881835938 83.7953950396162
726.34033203125 3.18591474416648
747.330749511719 2.92768934566178
748.328369140625 2.71828049301934
759.353881835938 2.33384180569919
776.359497070313 16.1669655184375
793.387756347656 30.1957231089545
833.421508789063 4.84023879291393
834.372009277344 4.356146905241
861.404663085938 9.78064143926186
903.44482421875 2.93731736140427
904.417907714844 5.2042284012051
918.412841796875 7.53674891842813
921.439025878906 85.9767257767517
961.4833984375 4.72138682494717
989.453857421875 15.8534044339773
1006.47991943359 3.67590646819092
1007.455078125 17.9744541973501
1012.47784423828 8.45188550316843
1033.44201660156 2.9247199376773
1050.45837402344 5.00985573506951
1121.46154785156 3.50828321291257
1146.57275390625 7.32690506129195
1148.50207519531 6.16059693209354
1152.64123535156 5.25575141844417
1161.13586425781 4.5757953919534
1162.10485839844 5.85687398159722
1163.84423828125 100
1168.9013671875 10.9718051023628
1169.9638671875 16.0651383002453
1171.96215820313 15.5847944836238
1172.98718261719 17.3476400477779
1175.33483886719 8.61772313030086
1177.98461914063 7.41211430411955
1178.55200195313 6.77797379479885
