1456.8411 80 1
70.0793609619141 2.4054700964227
86.1108322143555 5.83647892654953
112.102142333984 22.8073508361637
129.129486083984 8.84587303139289
157.124603271484 2.38417846163992
158.107666015625 6.52351311461155
172.084396362305 1.36441799553148
175.132415771484 52.8081397265977
185.133560180664 3.6820286891283
199.201431274414 1.00914235463869
200.16813659668 1.07061010460296
215.137420654297 3.6073949477241
224.088088989258 1.02857156223329
227.186553955078 2.83174105437497
228.153366088867 4.4621892507489
232.153839111328 100
240.142700195313 .7663567849885
243.149551391602 2.28244258273111
244.134185791016 1.72613578017501
245.126693725586 1.02280795050284
256.120025634766 .850106441983152
262.167083740234 1.82788904848411
270.123443603516 .899968843712077
273.132904052734 2.96114107644192
285.151184082031 .99599454978479
286.147186279297 .753045993965874
288.130767822266 2.04759680577851
298.228820800781 12.3542919229302
300.180328369141 1.60866914598822
301.137298583984 4.11251861479258
312.142486572266 1.38472421266476
313.175445556641 .992373881980419
314.178192138672 1.13742396514232
326.164428710938 1.86535371307632
330.155120849609 2.3598807526592
341.230377197266 5.21247007387147
344.170806884766 6.74488412961394
356.226287841797 1.98595802916379
357.184722900391 3.74493474631064
361.194091796875 13.846510719596
363.211151123047 1.10770896616416
371.177673339844 1.82227746476373
386.212921142578 2.10770738304706
398.218994140625 1.31601005918641
402.176696777344 5.12577330411461
411.305786132813 3.64869427473943
412.272216796875 8.12894712760318
414.212310791016 4.75550331542015
427.262939453125 2.86528324487632
431.213806152344 1.36634539621687
439.246063232422 2.95540003067225
441.186889648438 3.11327137333761
442.186859130859 2.64942875176814
457.2509765625 6.98437154856318
459.197082519531 5.66702971110716
470.258911132813 2.11880342166507
474.275421142578 25.4117140215059
484.270355224609 3.59042938032729
487.255310058594 2.6139700398221
497.245269775391 2.06024600469191
499.247955322266 1.84775351720563
508.276519775391 1.55542872229518
510.224731445313 1.56965816523186
511.206970214844 1.73627991268183
512.217346191406 1.99801568652041
515.249633789063 5.40586944818641
516.236450195313 3.06482637986484
525.342834472656 4.00999464515172
527.26806640625 5.61372531125689
538.20458984375 3.09766141057103
539.175415039063 4.49957518953207
539.763427734375 2.33763461776629
540.343078613281 2.38044359726413
541.298889160156 2.9365243559163
545.290710449219 1.95264337857635
555.235168457031 3.98106651539287
556.211608886719 13.8771801134604
567.251281738281 1.51456395186386
570.328918457031 5.24009218235192
573.235961914063 10.2807724027974
583.280578613281 2.01359003784478
584.258728027344 1.67321536079188
587.359375 22.975033661853
597.33935546875 2.22060511586264
598.319213867188 3.98380431428618
610.32470703125 2.03999974690622
611.321533203125 1.78424788484723
612.29248046875 2.36879400750766
613.297668457031 1.49160447183794
616.364868164063 2.47037480462457
624.308715820313 2.17382022681079
626.268676757813 2.20816953070306
627.31640625 1.76927076632246
628.356628417969 3.13927175211159
641.319458007813 9.19139419318901
651.290832519531 4.26089163918761
652.264099121094 6.96084182796647
652.845275878906 3.04701893857635
654.399597167969 2.16407550151612
658.376403808594 30.8222746275602
668.316223144531 8.17289230608562
669.290161132813 26.7918696850709
681.354370117188 2.03184234766368
686.315979003906 27.9197523548247
699.36865234375 3.51831694184154
711.396118164063 1.96512780594521
712.34033203125 3.19517622643889
729.437133789063 2.43864799248411
737.3642578125 2.10960265840521
738.365905761719 2.10114287300075
740.318603515625 4.25599182681607
754.408020019531 8.70221946553141
756.400024414063 2.98800799725975
757.359069824219 5.22759644569669
764.364013671875 2.51924792229597
765.347229003906 4.8508763208068
766.3544921875 2.8301003843588
771.466918945313 19.8871268218777
781.402954101563 4.62307054717323
782.376708984375 16.1614919949606
799.399047851563 9.1364301098136
825.398742675781 3.39394304662706
835.399353027344 2.59665614457494
836.393371582031 3.41532257542676
836.978576660156 2.70400367125348
842.448974609375 2.67875797689718
852.407897949219 3.9928444966594
853.405883789063 14.4085203990803
854.008056640625 6.01069480490121
870.431823730469 11.8299641634554
884.559204101563 18.1650993367016
894.519104003906 2.43387313125718
936.469543457031 2.45765366913392
938.481750488281 1.94968363951288
965.5185546875 3.48818768535042
966.489135742188 6.22208549705723
967.040832519531 3.60235240593656
981.568786621094 11.8563475207816
983.52392578125 8.02023406864415
998.592102050781 36.6722783077265
1127.62817382813 3.23110366987558
1184.65771484375 9.27882324838859
1285.66906738281 8.60611713927225
1382.57824707031 3.06804308494658
1412.70239257813 5.34393851500699
1418.88854980469 4.71763023553128
1439.83264160156 5.32496746160931
1454.86840820313 5.35181124230963
1457.10620117188 71.9435797870783
1459.86254882813 22.602966375016
1461.65637207031 7.52364484108009
1463.15930175781 5.06542834280092
1465.12841796875 5.63708795453222
1467.2109375 17.3782098777863
1469.28002929688 50.0306010989505
1471.78283691406 22.3064613348045
1474.41882324219 8.37054027551489
