1050.6063 80 1
70.0753326416016 .682698800847283
72.0879821777344 2.12026504190891
86.1015014648438 3.24043025825579
101.079696655273 2.09369356059737
112.092399597168 3.41936543076091
115.09529876709 .737915496653849
129.115615844727 1.88599424844542
136.085647583008 1.70595875527619
157.106857299805 2.49595001638541
158.0966796875 6.43913595433902
175.121612548828 40.6421992756226
197.129135131836 .59597261574476
201.123397827148 .77047094146044
214.148071289063 1.85758994767728
221.103179931641 .823257470373459
225.125885009766 .816051941437935
228.140197753906 2.73598564532538
242.154388427734 2.83961953276201
251.09846496582 .720454625009129
255.167663574219 .701048678933017
258.160797119141 .825630505483806
260.191253662109 .722682739983978
271.180419921875 6.20969287249929
279.112365722656 .530435577205602
285.159820556641 5.16349522969507
288.203643798828 7.08069211612005
298.1494140625 1.33545656250251
312.177490234375 .658233076269775
316.152282714844 5.91814171254803
320.154724121094 1.37912071051963
329.181854248047 .679371996874897
336.118621826172 3.40231165601753
341.207214355469 .995701839743164
356.202392578125 1.01386393936307
357.216217041016 1.29047192828166
359.138732910156 .939317018089255
366.152008056641 .910269350409261
370.203094482422 .777840454561864
373.173461914063 2.37458792978788
374.233367919922 1.66882420296015
381.228210449219 4.98813347176206
382.213958740234 4.95550264194949
382.776702880859 1.8810213575851
390.219207763672 1.05529067827172
399.233978271484 12.7467895223958
405.144561767578 1.31393013169583
407.192108154297 1.09108915253116
416.257629394531 5.82740567473173
423.148071289063 5.78257332045659
426.233734130859 .933712295898217
435.185577392578 1.64585768177448
442.252410888672 .889985275669294
448.208557128906 2.17049602805369
451.21435546875 2.6436837749401
470.208068847656 .911169967816418
472.236145019531 1.57622959751965
479.196838378906 .899116675962355
481.266571044922 1.88796129900207
487.230133056641 1.06810111702319
494.220611572266 1.95681790539065
498.295349121094 2.66529699343293
504.194213867188 1.61721829928688
508.232635498047 2.74478012043112
515.306518554688 2.15019161834796
518.226257324219 1.63838100804944
522.213134765625 5.40293945153657
533.278259277344 .800652886561684
536.223571777344 11.1541239833055
555.320983886719 3.36737076381975
572.337341308594 6.09587815847745
590.2666015625 1.51936141837554
599.252807617188 3.54958642374958
607.302429199219 5.56048527779714
616.279418945313 1.69052354128381
617.284973144531 2.49033848609072
635.299133300781 5.73718312160445
650.260925292969 2.02929849573016
652.314392089844 1.7761960743458
701.34326171875 1.33031942837524
712.261596679688 1.606814815548
718.367065429688 3.09604885639848
718.913208007813 1.27912924341435
725.117004394531 1.03673614776378
735.398376464844 100
737.00341796875 1.94760225258128
745.346008300781 2.40007686231087
763.354797363281 2.95416790483021
832.419982910156 1.51465734039522
833.3984375 3.19010357670919
850.416748046875 5.68277716194162
876.439453125 1.14749205765199
917.460876464844 9.43303223531795
937.425964355469 1.42444730452938
945.585571289063 2.93256148550652
1000.52227783203 1.43136776869444
1005.50311279297 2.29815418994007
1032.60791015625 1.71979120363074
1043.59875488281 1.29214376445401
1046.64477539063 2.00979651306528
1050.78881835938 30.3027396939845
1054.77612304688 4.28141103528316
1056.85668945313 4.65993159163129
1057.87182617188 7.48723832942828
1059.37316894531 6.84222450870626
1061.62145996094 4.01725732837607
1062.33923339844 3.30943769719797
