1195.6274 80 1
70.074089050293 2.46458154989522
74.0712127685547 2.20864802322815
86.106201171875 4.1066731047615
101.08464050293 3.8178715110081
104.057655334473 1.14889417693403
112.096908569336 14.2621427685332
120.089851379395 8.54385959090996
129.116561889648 7.40441031948123
157.120635986328 3.13547136560419
158.096878051758 5.28432714700529
169.125228881836 1.09327656924174
172.116241455078 4.38046369549002
175.127029418945 100
182.096237182617 1.94050148609116
185.136276245117 2.05229711557811
200.110778808594 12.9769223912445
204.142196655273 1.38139448218828
217.142395019531 1.94437649495461
221.141250610352 2.21036446841134
229.134918212891 10.5108752558691
231.13249206543 1.58133194410469
246.163177490234 21.8693171578929
249.125228881836 4.20486587676339
257.174713134766 1.20787462649749
259.107208251953 8.41977309508733
261.102325439453 3.98648609861428
268.179840087891 2.23923177655852
277.123077392578 7.54110280837531
283.146331787109 7.53846907993373
301.154602050781 19.8119868762563
304.191192626953 1.34485625168712
316.165466308594 1.51844325207153
342.21875 7.03663057226325
359.240020751953 15.1148398679026
367.217987060547 1.4086707205439
369.211273193359 1.68979032351429
372.146087646484 1.67113033326012
374.175018310547 2.77424232030786
378.169464111328 6.90320768118669
385.189392089844 2.60927309072357
386.189453125 2.18023924125519
388.16015625 2.80664151819674
390.139923095703 8.56654021142973
403.207458496094 5.97596579055608
406.158721923828 12.2026668193193
412.192687988281 2.08044281704763
413.188385009766 3.28219473104543
414.193939208984 2.49575362693489
420.230560302734 3.22273707338541
430.20947265625 5.44481695438547
431.200347900391 8.34428350742887
448.235961914063 4.86146824796778
473.261077880859 5.45376650140043
485.239776611328 1.85954403784991
490.279541015625 53.7260371931421
492.274322509766 6.54672800490147
494.250305175781 1.73034548754338
500.257171630859 2.44354211534068
501.236145019531 1.55228046566337
503.217559814453 3.62838309049576
507.208465576172 13.3558278549526
531.251159667969 2.40787923180047
532.230163574219 2.25015870571865
537.200988769531 5.07862670415729
549.259155273438 2.80208354739703
559.25537109375 6.2326666789261
560.235778808594 15.7580255516834
577.263122558594 9.95419415709216
578.242492675781 8.14544576070515
588.284301757813 1.60384111616177
590.262084960938 1.90350873548565
601.317260742188 1.82352133560576
602.300415039063 3.3518343500714
619.320434570313 49.3711525522002
622.306884765625 3.19886785041089
629.283081054688 1.70407154652048
638.2451171875 4.87431980724048
645.252258300781 2.17507944069224
650.286682128906 1.95012244954466
653.352416992188 2.91848328610664
661.318054199219 2.02243785312144
670.369689941406 5.06716029092159
672.268249511719 2.31381777435456
678.310180664063 2.62231674965112
688.297180175781 8.11570534280951
689.270751953125 19.9487925720231
691.308654785156 4.04877597578399
693.016357421875 2.16349452272526
696.365234375 2.12441089555364
706.289916992188 24.5155270754452
708.301635742188 4.56250249034207
709.270080566406 5.65863953724377
731.308349609375 2.50171019754404
733.33740234375 1.77182437852564
748.345153808594 8.60460448878634
758.339233398438 2.02642977213046
761.33935546875 2.75715930998125
766.279724121094 1.90643763220074
795.409545898438 1.97504146759382
819.31982421875 6.87658041743612
820.886474609375 2.49335021156719
821.307922363281 2.67296030423315
837.3359375 9.11647180352797
840.474731445313 16.5951341204483
895.405517578125 7.55942747380788
905.397583007813 2.1007356717951
996.456481933594 5.67867384255104
1067.47705078125 3.53937042256306
1130.42346191406 2.0501164455373
1151.4140625 4.63903305492901
1154.10107421875 2.93247402439028
1177.59533691406 6.52919439340453
1178.57507324219 12.8411325293619
1179.5791015625 10.0937885480206
1180.13842773438 6.91617563650355
1195.83923339844 63.6989553766112
1198.87158203125 23.5354913444563
1201.14367675781 6.12916243337559
1202.97326660156 6.09519409778403
1204.04235839844 8.78362031507926
1206.02465820313 8.4573804147147
1206.32727050781 8.55066148365079
1208.04028320313 7.29133275635006
1208.24816894531 8.22431562611473
