2104.0825 80 1
71.0288848876953 69.0550688501857
96.2528686523438 1.06037802341424
110.066246032715 .997598504316725
175.138137817383 2.34993785909725
209.145919799805 1.08603623659237
251.181777954102 1.11456189089119
252.140319824219 1.49606149153386
288.219451904297 1.74754825386041
323.175903320313 1.44642775632976
386.227142333984 1.68567059601469
438.283264160156 1.4516684207236
460.223785400391 1.91629321556301
486.259033203125 1.47533400252848
490.025024414063 1.43561917289091
497.334625244141 4.41765898111199
499.359954833984 1.717718317664
504.27685546875 2.35965151117382
518.209167480469 1.57653473956694
522.255004882813 1.93851728623107
531.263610839844 1.94726603368429
536.281188964844 5.26296306878424
571.398376464844 2.75038651237119
615.378356933594 18.6449580112451
627.37060546875 2.07310735876368
650.3046875 6.54767441466676
657.968139648438 1.96315353764005
671.340515136719 2.42267570664606
684.393920898438 7.24973038937858
688.485534667969 2.21638465314181
690.325439453125 2.92603550220375
743.3828125 3.68273115731171
744.434020996094 2.59671874410961
760.32080078125 2.27112786016558
771.33642578125 5.20930550312397
775.502807617188 2.25659169451908
787.378112792969 4.15176997172706
831.338928222656 2.52979301280736
845.386535644531 2.72993574931926
860.412048339844 2.76451677476868
885.400390625 13.7881232423762
957.533752441406 6.83870951572965
994.433227539063 15.0070692470442
995.448486328125 13.9954145343677
1005.45239257813 3.90405175976913
1022.44775390625 40.0033240477708
1026.52136230469 8.49268380516261
1048.41271972656 3.54402914606692
1065.48107910156 8.94279750726439
1066.49243164063 7.95331641680252
1076.47668457031 4.85025506532626
1088.525390625 5.68000290788517
1093.4775390625 50.4249389609113
1136.53295898438 5.24892994327435
1147.45361328125 3.77144031941614
1164.51953125 39.937016970319
1181.54113769531 4.06395664796554
1202.61669921875 5.04403039035817
1203.55200195313 3.83678519877057
1219.64025878906 29.3280183980435
1264.56591796875 5.13695664332292
1275.53466796875 6.21829269306926
1292.55920410156 48.7093697602022
1309.59155273438 6.83656149926813
1333.67297363281 14.4003386009953
1392.60681152344 7.4955266995937
1393.59948730469 12.2563110613554
1403.60217285156 13.1191727515101
1420.62292480469 100
1470.71240234375 17.2506929102873
1513.69104003906 3.68472143638024
1517.67370605469 4.58462217744782
1599.75500488281 4.53193924546073
1617.67456054688 3.38877226527865
1645.70544433594 9.7521620103361
1716.77526855469 4.26656860516894
1744.78576660156 12.8928012509963
1770.79357910156 6.16491109448052
1841.84228515625 6.14431370901933
1857.84191894531 9.67016673860763
1878.11938476563 4.85131579426952
1972.6845703125 8.69144128409401
2104.41845703125 20.3310675161412
2115.6123046875 14.9398669548625
2118.45849609375 23.1080186195508
2119.61938476563 21.6363184715793
2124.22924804688 10.7948352310995
2126.6806640625 18.641722633899
2130.16748046875 28.8801354695099
2137.18505859375 11.642295882399
