1776.84 80 1
110.071 2.637
175.127 1.013
216.115 1.099
226.109 .524
235.109 .727
303.171 1.067
327.115 1.257
350.162 .678
363.174 1.883
464.196 1.102
510.251 4.394
528.299 16.18
625.334 7.094
640.164 1.256
642.345 100
673.332 2.704
739.361 .827
740.344 2.851
837.389 4.63
854.427 15.419
924.433 .949
974.463 1.726
991.49 5.595
1052.608 2.388
1104.586 3.637
1135.576 1.516
1249.602 3.686
1268.627 1.091
1602.635 2.825
1755.485 1.19
1758.173 .875
1761.505 3.037
1764.891 1.533
1776.663 3.378
1777.797 8.909
1778.178 21.012
1780.442 5.981
1781.339 5.776
