1481.8153 80 1
70.0797958374023 .762405426599466
110.08154296875 4.19969457294953
164.118515014648 .681176184357893
175.131698608398 3.52067578786121
198.111129760742 .502204242864042
273.107574462891 .640592359788584
275.136322021484 .886325248418791
288.224151611328 .749647054815727
296.125335693359 1.78863151932992
308.190948486328 .560791562437387
359.259613037109 .809621017212753
374.235626220703 3.52114093102442
433.190246582031 3.00352961258908
487.322113037109 3.34168303635492
518.287292480469 1.44997480376451
523.242858886719 1.87971119630255
535.280639648438 2.37480190919847
543.033020019531 1.18494660048223
546.277709960938 2.69888253457276
556.418090820313 2.64301373296686
557.311828613281 1.93278867180301
563.259765625 6.74681713790696
570.226928710938 2.10783639634246
624.372314453125 12.4141593581512
629.227172851563 1.3370029616458
636.310668945313 1.41255698169762
672.315795898438 6.16211087255151
681.393371582031 24.0899738327283
684.312133789063 1.99343872031672
700.31201171875 9.25941554874889
745.411865234375 1.76638190191907
749.408325195313 1.31056480714893
764.450012207031 4.67588991819965
773.364074707031 2.79195670743631
782.434204101563 46.2251428065121
791.395324707031 1.77120478717043
801.354858398438 8.72036339147162
840.367431640625 1.71974290870982
858.372436523438 7.46001400074189
876.397583007813 1.86231325651723
901.499572753906 4.04325645391761
903.122497558594 2.17552398438933
910.422607421875 2.27722046349936
919.494018554688 46.7297515354858
929.454650878906 1.68251463911101
967.433654785156 8.63983157431086
968.432250976563 9.48479875486954
971.841003417969 1.92250182102264
995.421508789063 24.3797704755281
998.745422363281 3.51886245906583
1056.55456542969 17.2170881739572
1080.50036621094 8.07719610406085
1108.49633789063 22.6127973018031
1165.52648925781 8.86601713830557
1219.60119628906 8.17139372449748
1222.54040527344 6.83037336796745
1307.61657714844 4.5668288929261
1315.8203125 4.02745736790508
1335.56591796875 10.2690617369174
1353.55737304688 7.3284240120344
1482.00915527344 16.7625740543344
1487.25012207031 6.39059361644955
1488.11987304688 7.53444262228198
1490.2451171875 6.65111284325969
1492.22583007813 6.21836936728652
1494.29113769531 8.51466337958354
1496.47729492188 11.1042179491809
1498.35437011719 100
1500.82836914063 93.3223946919579
1501.17163085938 95.3302853797177
1501.67150878906 94.8053290748818
1502.85180664063 77.4047203321911
1503.53918457031 69.084613276108
1503.88623046875 62.4970690123322
1505.28503417969 48.4820916067299
1506.16845703125 49.8436558420212
1507.3388671875 32.0939814161313
