1962.94 80 1
70.928 2.403
71.757 2.592
72.478 1.899
74.036 2.321
91.042 1.986
112.091 4.73
169.55 2.406
175.123 36.232
204.06 1.705
238.739 2.502
376.212 5.537
393.244 6.273
527.268 3.405
528.284 5.703
559.266 2.128
582.986 3.098
589.296 8.725
598.322 4.457
603.026 2.38
606.344 100
642.361 26.6
722.602 2.406
740.21 1.702
854.434 5.311
903.382 1.733
1054.595 6.804
1218.607 4.862
1943.609 6.597
1946.96 4.232
1949.849 14.625
1964.154 10.271
1964.416 9.795
1964.657 7.489
1965.024 10.549
1966.666 13.423
1968.94 9.835
1969.717 8.507
