1737.94 80 1
70.064 2.764
84.083 3.647
86.096 3.024
112.088 8.875
120.082 2.93
129.107 8.539
158.096 2.564
172.081 2.985
175.117 15.028
232.138 23.198
301.118 9.914
361.184 8.599
390.211 3.742
431.172 3.532
444.213 4.469
448.19 11.431
462.236 100
476.232 4.567
560.24 7.782
577.261 16.588
688.334 6.469
690.323 5.517
705.364 27.534
715.409 15.793
834.409 6.661
918.448 4.537
935.455 7.319
1048.54 16.687
1177.581 3.746
1276.618 3.987
1290.656 3.521
1437.73 9.074
1721.48 15.636
1739.218 38.528
1742.348 16.776
