2960.4629 80 1
70.0822448730469 5.35033790294184
72.0910873413086 5.22546561733537
84.0974349975586 5.96719429458367
100.094833374023 39.5013137771989
100.240631103516 19.577937749498
313.209228515625 7.68490149644565
370.214324951172 5.74141284457042
372.193908691406 7.52036936596031
373.269592285156 6.19318012089714
384.229461669922 7.95081437182698
412.257476806641 7.30498140140021
454.252532958984 6.90265833679565
455.272216796875 6.73472755914359
457.258850097656 6.82378661137036
462.239959716797 7.27571934932385
471.260528564453 8.20208938882289
472.327911376953 7.80260650126239
483.322845458984 7.34052594529802
505.279083251953 8.43474655663364
517.292053222656 6.40861932806158
525.285583496094 9.40417048377035
528.286865234375 9.10200309449483
533.281433105469 10.5949728587085
542.30419921875 7.85026152918198
543.325134277344 6.29528405489614
554.338500976563 8.24583987882101
559.270385742188 7.22190629712612
576.307312011719 9.31904389297117
586.306213378906 6.32504338302854
596.315612792969 10.019037771188
604.318176269531 18.2138908131023
616.311645507813 6.77632883034517
625.353759765625 7.93943435484331
627.355590820313 8.52695235035478
630.331481933594 7.71237792942235
641.380493164063 6.99067263401103
654.325988769531 7.69597138427609
657.329956054688 7.84156513937287
667.370178222656 8.24296999591937
675.353393554688 29.137968926865
687.392822265625 6.6181035504845
695.34814453125 7.58860787966171
698.381225585938 7.62795982332667
701.367431640625 6.83457043179223
703.3916015625 7.55481360489303
712.424377441406 6.83344784743395
720.371643066406 6.75360444340693
726.333801269531 7.0294478384509
734.437927246094 10.3151291243524
746.401733398438 8.78294138989145
758.43994140625 7.33103076497835
766.410034179688 8.69897629812399
774.427490234375 27.0704406445715
783.360778808594 8.39293051208169
817.4697265625 6.73616502559231
833.460083007813 8.28868998427562
845.469177246094 33.8657535973259
854.445129394531 11.7731977735436
863.487609863281 11.3523804361214
911.459106445313 8.3850816303896
916.495910644531 8.90228972275
925.45263671875 8.18716932479037
944.518798828125 13.7595963881765
964.54345703125 18.4122442506867
982.516784667969 7.72057526082397
1012.52404785156 7.98372044145376
1015.56127929688 12.0899358859664
1074.63977050781 8.25764290721675
1084.49963378906 8.42218989063088
1086.62438964844 9.9799000067563
1092.64050292969 49.5454896847835
1106.61926269531 11.5026522696713
1203.66198730469 8.66052058018249
1221.68969726563 47.1406484189842
1235.7001953125 10.6021898968097
1346.65905761719 9.17143043661693
1350.72827148438 35.9650136766957
1364.71472167969 9.02966517244619
1403.66809082031 12.667349434019
1421.76416015625 43.1584611681346
1435.72509765625 8.87161129538381
1474.72937011719 10.5386743174063
1492.80285644531 58.7768344596884
1502.75219726563 10.6296517739162
1506.79516601563 11.6705058120936
1545.74401855469 10.4369314581063
1621.85302734375 35.8034934231112
1646.8203125 9.14672585721183
1817.97827148438 56.0887573476548
1831.9384765625 10.6321901394471
1856.98840332031 14.1564696161478
1875.0029296875 100
1888.96411132813 15.6840048191932
1928.01477050781 12.2867116454543
1946.04309082031 63.8432552125522
1959.99829101563 12.271796334359
1999.1005859375 12.2361659405327
2017.08972167969 77.6410283806674
2031.04577636719 12.4076590446268
2098.11767578125 19.0861667829908
2116.16162109375 34.4195046474577
2187.19360351563 52.7011964069791
2201.17749023438 12.5005153966292
2227.1884765625 25.164642339217
2286.27905273438 24.1689328869343
2357.34033203125 23.7101936458315
2374.24829101563 16.5628098395211
2428.37084960938 18.6765051833276
2489.27734375 45.0335667873113
2499.36328125 17.7234539366595
2503.25830078125 10.8833118742179
2511.1953125 10.4278616656673
2570.42138671875 12.1511388643565
2588.30029296875 14.0065708881693
2657.38916015625 12.4440035672695
2701.29052734375 14.5483688953245
2815.28466796875 11.4894827718265
2944.07958984375 23.4510242971814
2946.96875 22.1159239366545
2961.23461914063 45.9800773982555
2965.1376953125 46.5758147075032
2975.46264648438 27.4220237279459
2978.2724609375 34.0398614110049
2984.55395507813 52.46512633319
2986.22192382813 52.5304215905215
