1113.5892 80 1
99.9562377929688 2.59058642652815
154.25325012207 2.60741773578243
154.430297851563 2.51703672877473
175.13444519043 3.19384576541849
229.124740600586 3.92707814288883
240.144683837891 4.0934679544449
258.167694091797 2.95706154390815
260.196594238281 3.2268537147025
288.130035400391 3.05794036967694
311.186157226563 3.22627392369985
312.171630859375 2.96898224515865
325.246368408203 3.18863750912239
328.204986572266 5.82979951306035
331.248626708984 4.22514449710742
353.237976074219 6.51551778233529
369.200439453125 3.56623734183168
371.239349365234 3.88296692112151
398.225952148438 3.79067916914324
457.255706787109 5.89519675853414
466.615020751953 2.87843592705684
468.263305664063 4.03752695498225
481.333251953125 4.79999078929175
499.343719482422 100
516.264343261719 3.39377905765693
526.274230957031 5.3357449577182
527.274353027344 4.50093541446978
544.282531738281 7.48590185379557
570.382690429688 18.8423938376374
587.320373535156 4.5714924858301
597.318298339844 13.7380477085796
615.325988769531 11.2078904114768
657.423583984375 17.1072458063564
712.367858886719 4.09411251560019
765.426147460938 4.16591219252509
783.433471679688 4.94507298709047
786.463928222656 9.78078019754881
836.442932128906 3.97920565241036
854.477172851563 8.80088354967192
885.5576171875 5.84433825332123
967.551635742188 3.69148505429906
998.599609375 5.90966248516842
1054.61877441406 4.24650255307455
1110.94421386719 4.0575363197257
1113.94604492188 7.44331057161002
1118.15283203125 4.51608485876071
1119.29260253906 4.91173824294545
1121.08813476563 6.53455039354973
1123.07348632813 8.26129322175093
1124.12817382813 9.53618101550869
1125.99682617188 6.82336177991331
1126.49291992188 6.97217856583086
1128.39965820313 5.3154711148515
1128.83190917969 4.9953328590745
