964.5150 80 1
99.9484329223633 7.72931204016021
100.070083618164 7.43308112242906
129.102630615234 9.56281450238493
147.117248535156 9.52468636106095
154.156845092773 7.69186765734709
154.309799194336 7.64068500579652
175.123641967773 8.5806484616575
231.111282348633 10.6766789142424
260.203643798828 18.8590595541846
328.213409423828 9.215028365022
355.280334472656 9.12435392708039
362.177612304688 13.3754734697855
373.287933349609 54.9380735633984
375.286437988281 10.4139306526841
378.19091796875 10.0497013277432
445.225799560547 10.0844399312814
465.368499755859 8.32211303016911
472.362854003906 31.8108482578447
475.269989013672 13.6125564082129
488.313507080078 8.97729321734387
491.243530273438 10.3093032676303
493.204467773438 53.081691004091
540.296691894531 10.6683438865226
547.2958984375 10.7092472154938
558.299255371094 9.99252431676435
564.281433105469 24.3777783210624
565.251953125 17.3321568174446
574.284484863281 13.9575246230216
574.848510742188 12.8918709224087
587.383117675781 21.6979560565155
592.277099609375 100
604.3212890625 11.9794726287625
606.302429199219 13.62245312431
613.354614257813 9.16876266566559
616.383605957031 9.22373782509749
660.899169921875 9.66231929143069
677.366882324219 13.3865524227038
678.357238769531 13.4164186732293
687.382385253906 12.4543050554408
687.969543457031 11.8800786923444
690.430114746094 9.55194606907519
705.369384765625 54.6712758108943
720.393737792969 9.89714774840904
734.470825195313 29.8009527348832
800.454162597656 10.1609873275571
818.467590332031 14.6086021157255
855.605895996094 10.672006182003
929.468200683594 12.4333589280052
964.797668457031 19.2580366606304
965.840698242188 18.2403670902119
967.797729492188 12.2606092331927
967.955078125 11.3955262254258
969.743713378906 11.3272818773925
969.950012207031 13.0861288951104
971.037292480469 13.0550761055919
971.824829101563 16.6608708763697
971.972045898438 16.71106058666
972.353454589844 13.1912104461046
972.743103027344 15.6087300106899
973.002075195313 19.6880418908093
973.238891601563 17.2666413370085
973.995178222656 23.1042958769006
976.463317871094 12.8741290525584
980.606628417969 9.47577038044633
