2983.5522 80 1
82.1020278930664 .935698970332382
86.1116256713867 1.2652570989223
95.4193115234375 .796432952383499
98.0170593261719 .797276600354147
100.867721557617 32.3627041094166
101.033592224121 9.06445717350533
110.080360412598 1.43644937876017
175.140853881836 2.3106218064558
177.941421508789 .687183686557412
180.89826965332 .701401197388179
288.233764648438 .736803471828561
309.164581298828 .715670073136706
324.169403076172 .835511051608498
354.131500244141 .767752085642725
401.29345703125 .777178125781133
437.195831298828 .796546190004538
438.194091796875 1.45024892884
506.340667724609 .820615222807956
514.386291503906 2.67618156403159
524.333679199219 1.36441000739796
534.219970703125 .917972852939102
540.674072265625 .915788336007451
550.253540039063 1.4895780780095
550.425964355469 .919057659225135
552.131408691406 1.260378921111
552.24853515625 2.16853894934962
609.247253417969 1.07542617406012
613.446533203125 5.13940421083174
614.43994140625 2.53041263406851
623.412231445313 1.25919825413953
628.260070800781 1.01410316908396
637.314025878906 1.0941763698945
665.323913574219 1.39739628885975
680.408630371094 1.07479501921897
682.459838867188 2.32124144622479
700.483337402344 10.6714812658297
710.45263671875 1.46932636070163
804.731018066406 1.2011418831565
816.393737792969 1.3895711926618
819.514221191406 1.94455580948005
835.114624023438 1.6221457205826
837.524658203125 66.3630800842898
847.536437988281 1.1961419369394
922.419372558594 1.78708122235023
948.55859375 1.52927046529106
966.565063476563 6.56816698945227
976.533935546875 2.02876289700736
1094.62036132813 7.81373301243921
1104.58142089844 1.79763662549546
1207.69091796875 13.6828224429251
1217.64624023438 1.73766409025709
1287.69653320313 1.58442528819969
1304.71569824219 10.4020553908181
1321.72900390625 7.65986197296047
1331.73400878906 1.51287162034085
1443.84130859375 1.97592382571862
1458.787109375 9.79494294595886
1498.73498535156 2.64635363668206
1515.80297851563 36.5533127322604
1628.82421875 2.2343777175545
1645.83947753906 3.37447421659599
1701.8642578125 6.15030709205383
1741.88134765625 2.63757689818464
1758.87719726563 5.17240309898602
1871.97729492188 3.98616567081969
2034.97888183594 3.76287360136981
2106.06201171875 2.18346501884135
2122.03784179688 5.42775268621421
2223.10815429688 2.94632102501044
2322.162109375 8.24916182121908
2638.15771484375 4.78222511316764
2655.20043945313 49.6439327718012
2770.16381835938 7.00109763251571
2771.06323242188 10.0317963289471
2943.56005859375 8.21888328610479
2955.51513671875 6.2148238456836
2966.8134765625 11.342827387492
2969.69873046875 22.1032329388562
2981.89868164063 10.0587471424675
2984.12133789063 39.6188424294178
2987.00463867188 100
2991.44384765625 16.9956948848502
2998.22192382813 11.713352734934
2999.115234375 10.6135594051019
