2983.5696 80 1
79.2177886962891 1.18597445404809
81.939582824707 1.08892697187092
94.6023941040039 .895468192216605
100.868148803711 100
101.03343963623 27.8034792281762
108.722503662109 .912394591936391
163.74951171875 .839042022779674
185.226135253906 .807864694301088
185.544158935547 .923157072271843
190.952575683594 1.2897528007449
200.782958984375 1.08741641209126
208.531021118164 .850890730532709
252.115371704102 1.00375728780962
261.391662597656 .859401411546979
263.258331298828 .882162038495667
304.265411376953 .800768718782656
329.046234130859 1.09549058693556
337.251007080078 .794869228711193
384.632415771484 .774435318730469
406.73828125 .68143654442843
420.336090087891 .74400122847828
422.253784179688 .986246757981163
448.018127441406 .780370686021382
473.334045410156 .877197569549503
481.259857177734 .775084486623181
488.930908203125 1.10101270135102
489.485626220703 .979119199938059
498.578125 .96151257011968
500.444213867188 .78216759251058
501.24951171875 1.0509571231608
509.380310058594 .803774608693576
514.402282714844 2.52849184179384
523.272644042969 1.03297789088866
526.018859863281 .806989449958724
528.040954589844 .916167068347047
530.508605957031 .811958240441508
530.642272949219 .76809241794128
533.944274902344 .677754372234501
534.124450683594 .714782743323848
535.851623535156 .850361129626788
541.7265625 .771082372056867
543.353454589844 1.18977109534352
550.079467773438 .575826382394062
550.319885253906 1.73897861778904
551.084777832031 .724638716829614
554.084716796875 1.04039832698421
555.961364746094 .943881026942077
559.177978515625 .754530905385432
563.620971679688 .69794973463266
568.382934570313 .754784123067225
574.422424316406 .831533814375796
594.30224609375 .707240755493739
596.32275390625 .941663424128062
597.444519042969 .915051380975095
597.806945800781 .815357481034152
599.295593261719 .912281434988031
606.287841796875 .742250450727556
607.553100585938 .836199934179376
608.291870117188 .771479858447072
609.241394042969 .841035471432901
613.445068359375 2.1406598924129
616.337951660156 .710795653994984
616.590270996094 1.01547595096594
617.584594726563 .92267135055153
618.541320800781 1.05688740495497
622.272216796875 .909202768583446
623.274047851563 1.16251234652069
630.128845214844 .900728757655353
636.334716796875 .739240325999815
642.781433105469 .778838813818887
653.913330078125 1.00613017894072
656.173217773438 .957578295212794
658.468444824219 .811262128231266
662.447814941406 1.04883561207768
672.886108398438 .820645139183248
678.304626464844 .984833334699487
680.014526367188 .777197125445027
682.424133300781 2.0645847717037
690.693054199219 .895426302424467
694.819946289063 1.1946526033816
697.423950195313 1.03802947864752
698.680114746094 1.09394523599868
700.458068847656 2.43228127587289
711.605285644531 .948314537404524
728.268859863281 1.12446612863955
732.88623046875 1.16048074115617
737.692993164063 1.02924247118995
747.40380859375 .957555983447522
753.302001953125 .876151057734827
761.263977050781 .979319718824271
768.146911621094 .986519682220951
769.022399902344 1.07908334354788
770.431396484375 .956969851556835
775.128112792969 1.13605959937834
781.421936035156 1.14822167531714
786.620239257813 1.1564498831062
790.401794433594 1.61878153733127
790.716369628906 .882690408806353
790.907470703125 .976513265866841
793.280212402344 1.35678428740075
796.304260253906 1.1892259468166
802.173522949219 .922266561115447
803.203369140625 .942776063918526
813.596557617188 1.11900717927344
817.302062988281 1.08387175272049
818.287902832031 1.07131962351707
820.104614257813 1.25467363882305
820.486938476563 1.12190304240777
826.304809570313 1.72901845663977
826.752075195313 .8450067756937
829.767395019531 1.18066504884479
830.96484375 .802179600348337
831.132629394531 1.12132185457797
833.387878417969 1.92826508081939
834.918212890625 1.07071858924198
837.520629882813 13.4597098059146
839.78369140625 2.27414815297308
843.684997558594 1.00758058821641
846.64453125 1.07785894258486
847.349853515625 1.32124409205929
855.867065429688 .934905552585506
860.911743164063 .876836606647721
862.184509277344 1.4828219834459
867.965759277344 .957814284561307
884.350341796875 .900440143842516
907.458862304688 1.4025465480064
910.155334472656 .913527697599277
933.347534179688 1.93900082667985
947.137878417969 .978930741298095
947.378540039063 .96057915331065
949.627807617188 .930342170965937
963.3388671875 1.23810858811463
966.527526855469 1.82001556455531
973.1220703125 1.41797484875565
1027.50231933594 1.0820405691986
1035.67724609375 1.26576613341604
1048.0068359375 .954900988682742
1067.85913085938 1.07578146038223
1086.39685058594 1.02163698794936
1094.57067871094 2.0584420202092
1101.07482910156 1.30590145188804
1115.46313476563 1.21472875702833
1116.72595214844 1.36075052681237
1132.10913085938 1.0246607875634
1170.60424804688 1.03889145899025
1198.44384765625 1.10728670119563
1207.720703125 3.21103597561685
1210.45825195313 1.18387491817483
1217.57470703125 1.03624718857387
1245.46923828125 1.44375891605065
1291.64147949219 .99923778021377
1295.65966796875 1.17979865818089
1304.68286132813 3.75487227919325
1352.80041503906 1.28383582218076
1440.82434082031 1.20730503435566
1441.66186523438 1.40365369347821
1458.76965332031 2.14867421820777
1465.88745117188 1.11509432002724
1474.52954101563 1.1023217201897
1480.82763671875 1.11698953992597
1481.31958007813 1.19066753132043
1495.87622070313 1.11424170335798
1498.87438964844 1.16391293733696
1499.73693847656 1.2959613808254
1510.2265625 1.29382620724452
1515.81237792969 8.02653207725765
1517.46618652344 1.13768907677869
1525.7265625 1.2793295806493
1527.59729003906 1.20438619047475
1530.01232910156 1.48429681673338
1530.28039550781 1.20292095624305
1589.72021484375 1.24229426371705
1594.21801757813 1.32648891372512
1598.35314941406 1.22437548804911
1622.62878417969 1.32959038950144
1646.8798828125 1.50305668359641
1653.9755859375 1.17270703104092
1654.58044433594 1.1249336681088
1722.4248046875 1.13865470586331
1758.86657714844 2.62459309947366
1871.9814453125 2.00390867193944
1884.97021484375 1.32810350009722
2035.08813476563 1.66294712952697
2036.25451660156 1.46037308320108
2123.03784179688 2.37673263336731
2150.390625 1.14656573186023
2224.13427734375 1.86402363849626
2243.208984375 1.3473548245758
2318.78588867188 1.35255524157534
2322.09057617188 2.51139799440238
2348.39086914063 1.41717302098165
2639.13720703125 3.30279947181544
2655.21533203125 12.9357076210276
2660.048828125 2.97404019016073
2770.96240234375 3.89195019431102
2915.50903320313 2.37885024309188
2960.29809570313 2.43876117742549
2967.77465820313 5.86193990321804
2970.3798828125 5.61730853862177
2975.63745117188 3.32729465991256
2984.017578125 7.21424705183872
2985.12377929688 14.4709780172837
2987.39794921875 14.7382629057481
2997.08349609375 3.3954059092315
3003.30590820313 2.96716352488292
