2137.1228 35 1
355.22363 17.28964
400.25986 12.53958
487.29199 58.56727
488.28027 13.37102
585.33136 10.78951
744.3924 39.35228
745.38995 15.26334
953.46436 34.47466
954.47284 18.21928
970.48657 29.67596
971.49579 15.26334
1083.58032 14.33737
1180.58545 11.22083
1181.57703 9.66715
1197.62354 29.81637
1198.6156 20.28229
1199.62463 9.84243
1893.9425 6.602
1894.92651 6.68092
2008.91284 11.09969
2009.92627 13.82529
2010.88867 12.3386
2089.41333 12.51755
2090.40991 16.8574
2120.78491 31.13144
2121.39111 38.43182
2121.77808 42.7836
2122.52197 41.88608
2138.00513 65.16744
2138.90527 100
2139.16455 97.25238
2139.93604 96.7816
2140.91675 74.69509
2141.66211 55.51222
2141.91577 52.37916
2142.1875 44.87781
