1263.58215 100 1
112.08257 15.7687
175.11041 100
176.11403 8.9271
242.14223 6.40542
258.09958 10.66123
263.07809 6.00536
287.12344 7.72043
304.15451 13.53063
346.13467 5.63898
371.18231 17.37502
378.10471 43.99646
379.10825 8.40532
380.10574 5.82359
400.20868 6.56772
417.23471 29.41699
418.2338 6.24191
449.18201 12.7512
450.16806 6.39082
459.21735 5.12288
477.17545 36.03016
478.17371 10.70262
479.17062 6.33036
546.28094 11.06008
562.27368 4.70497
585.27728 4.2761
590.25708 9.21112
657.30853 8.96727
674.33588 9.44401
718.31586 5.37403
787.4292 7.73747
788.42236 4.01156
847.36371 9.99055
848.36316 4.91595
886.49188 83.87384
887.49152 40.35575
888.4895 12.55604
984.50085 4.92934
1001.51965 8.71125
1002.51624 4.33534
1215.61963 7.41734
1264.26318 41.82778
1265.10303 42.84173
1265.54333 31.50777
1266.17969 28.65542
1267.03247 18.23276
