1642.79028 82.47122 1
112.09126 23.33261
175.12128 100
277.1554 20.97673
375.2077 11.04054
440.22296 40.47374
441.21655 12.35825
446.23798 17.72887
539.28857 23.63191
540.29041 10.032
574.29639 10.51306
638.3584 9.99249
645.33228 14.8139
746.37299 9.84037
766.41791 8.12557
831.44421 13.107
877.42938 8.56118
946.48499 7.47165
956.45355 8.53748
1594.92395 11.14821
1595.87488 12.40369
1643.40527 56.98269
1643.65576 58.6076
1643.92798 55.06341
1644.38123 76.57453
1644.54761 72.44161
1645.354 62.49259
1645.90381 45.55
1646.43848 38.47149
1647.49438 22.50286
