2983.6685 80 1
73.0832824707031 1.00076601783965
100.87174987793 49.2174322156011
101.036964416504 13.980182042505
110.089912414551 1.90937719166564
175.144943237305 3.40816415876708
252.130752563477 1.05292324710739
333.186798095703 1.24846017259123
399.218902587891 1.13600773292019
401.300872802734 1.69385328419735
410.167175292969 1.28774274375907
437.250610351563 2.23118598780864
438.204406738281 1.97771041153997
506.274536132813 1.47584632024605
514.375915527344 4.69652144041601
550.334350585938 2.14746917949843
552.221862792969 2.27230261685829
608.278442382813 1.54178970313854
613.421203613281 6.6865957710004
622.288330078125 1.81326962152869
637.337280273438 1.82522610071619
652.588134765625 1.45196998497383
665.289855957031 2.5986003110589
679.3447265625 2.72915221177781
682.470520019531 3.08371326821854
694.30712890625 2.32111531636113
698.098266601563 1.45872802054241
700.476135253906 17.2753744579381
718.2080078125 1.91718701523594
798.64013671875 2.59227407208741
801.347595214844 2.12519582357889
807.418090820313 2.61443411889819
816.356689453125 3.11207162599319
819.504333496094 3.56844418805783
820.5166015625 6.23971748688409
837.533203125 100
839.345336914063 4.8380482564376
841.590515136719 1.96622834363646
948.518127441406 2.71731675773473
966.566467285156 11.1586445716684
1035.50122070313 2.63589374305258
1094.62231445313 13.3649313280991
1104.64465332031 2.68300796803238
1207.69177246094 21.9778258755557
1209.20959472656 2.71610112559717
1217.63916015625 2.50501815923974
1287.67333984375 3.32517567787454
1304.72766113281 18.8800087500658
1321.74230957031 11.560332799118
1442.75317382813 3.15023844566121
1458.78271484375 15.4423974562896
1498.82153320313 4.72576708666382
1515.81469726563 54.1872817940313
1627.80908203125 3.91482270677172
1644.85131835938 5.57980446069002
1701.84924316406 9.23022387630357
1741.89270019531 4.83096224738012
1758.87768554688 11.2192057076702
1871.94653320313 5.08545807188698
2035.06799316406 6.6580381900196
2122.01733398438 8.17863915960676
2148.00830078125 4.27571145861222
2223.12548828125 3.88470512927786
2322.18334960938 14.8462095108925
2638.2158203125 8.75797499993346
2655.2109375 75.1518028075753
2770.07202148438 11.2084602445517
2966.9892578125 19.49860691923
2967.8740234375 26.9454233627543
2969.70703125 31.3431413071614
2970.3720703125 26.034080131757
2971.52099609375 21.1039738271475
2984.10693359375 42.9901182545194
2989.01318359375 52.2604352063514
2991.65747070313 19.695705034689
2993.55078125 13.2275563521748
2998.06884765625 15.3248625289645
