900.5696 80 1
70.0795669555664 1.81705099422792
72.0938491821289 11.0042091037928
86.1084594726563 1.28488738757214
101.08268737793 3.10051202373089
112.102203369141 6.68054699548722
129.122695922852 4.21374908100566
132.093048095703 1.43241713634461
133.099624633789 .893623596294818
145.110717773438 .94719731621174
157.12873840332 2.4680251918506
158.106658935547 5.26469145927582
173.105117797852 9.12648554857423
175.129989624023 97.2672303155597
185.155578613281 1.26653984549618
186.141647338867 1.06762751617751
213.166717529297 3.20487339526935
214.139556884766 5.79931752236438
226.117599487305 1.58367162592405
231.15234375 2.82253691538249
243.123260498047 25.3666345920833
254.161972045898 12.6892473476136
257.17333984375 12.8429661328134
260.163726806641 1.07799898431798
272.173858642578 5.43965450695518
274.196716308594 13.5351396700648
284.202331542969 1.01469307004083
299.140167236328 1.23661347108958
311.189422607422 1.53657851326566
314.174743652344 1.66092329338871
315.167938232422 2.30156982278203
324.21630859375 1.7500257885884
325.168487548828 2.19482149232474
328.229187011719 1.18018216743144
339.18115234375 5.84984886560256
342.190521240234 12.8836068873394
356.206176757813 14.7367581701925
358.217437744141 2.13374943027873
368.193725585938 1.48588598567345
370.254486083984 11.1263353355416
386.216674804688 20.0230852642484
387.267883300781 14.2741916686217
397.225494384766 2.86306511049468
403.243072509766 22.7338008646801
410.226013183594 3.81844064665464
411.256042480469 3.59784167916018
415.210235595703 2.23192780519099
425.219848632813 1.35883677107066
427.249145507813 3.30564107379083
438.247406005859 3.51795036884166
443.243499755859 4.23047826291382
452.229888916016 3.23890851468019
455.274993896484 8.70275392370185
469.266754150391 1.62844077751397
471.267150878906 1.86234751582054
473.306823730469 1.54523098248458
480.294830322266 4.56072248562335
486.272369384766 2.09036939888644
493.252777099609 1.99544647677566
494.248687744141 1.66176460816633
496.263763427734 5.29691325328472
496.876800537109 2.56693572802953
497.251098632813 10.5509529102301
498.307067871094 9.71213892815557
510.297698974609 2.52313704305462
514.273071289063 39.378130197317
525.315002441406 2.10456942543032
526.317321777344 2.25954772486995
528.286926269531 2.89267768771549
535.289916992188 2.26758111447449
537.306579589844 2.3172585694769
541.360656738281 5.57340313253259
556.318542480469 3.58853711577492
565.305969238281 3.13853978091663
567.333129882813 2.64313190619015
571.294799804688 2.06255820370146
582.325805664063 6.93373663897903
592.312683105469 3.06764405047366
593.313232421875 3.71912533594736
595.337585449219 6.17770903008721
599.324157714844 6.14679206017954
609.349731445313 5.48693570492388
609.936584472656 3.13088567265735
610.329162597656 7.05130949645504
612.35009765625 15.6428825341551
614.354187011719 3.16483616673452
627.357177734375 17.2626999288608
629.376831054688 6.86342545229518
639.361511230469 2.96096685797463
696.375427246094 7.77068650228662
726.433715820313 2.76021186140066
728.451354980469 6.10158303623203
837.462524414063 3.00334387367333
838.506652832031 2.59063504477961
856.432922363281 8.51741981091386
866.553771972656 2.51711172837899
882.519165039063 3.85455856650369
883.588623046875 6.42998298523541
900.767578125 100
902.785949707031 46.9380791379101
904.784851074219 14.8013840194266
905.786743164063 12.2392353560199
906.851196289063 17.2475169133323
907.891296386719 17.0770902558234
909.835571289063 8.76696949787451
910.090148925781 7.7408094680598
911.905151367188 6.28830360126039
