2419.33 80 1
70.072 .257
80.384 2.783
80.511 1.708
86.096 .27
101.078 .151
110.081 .567
112.09 .793
129.116 .21
175.117 2.428
207.13 .527
235.121 1.481
361.22 .491
363.182 .8
388.174 .528
432.262 2.423
462.262 1.202
476.263 .49
484.282 .419
501.269 1.11
533.306 2.727
561.318 .866
569.3 .693
586.328 1.96
634.365 2.423
733.409 3.101
846.501 4.442
901.537 1.111
945.579 73.967
955.564 .74
959.596 .833
976.546 3.347
997.505 6.995
1011.542 2.733
1025.56 .825
1042.597 3.316
1060.611 4.057
1089.615 1.814
1117.625 3.733
1203.675 2.052
1216.691 4.852
1302.713 1.197
1313.719 3.748
1330.745 3.958
1443.829 2.54
1474.769 2.366
1660.92 1.553
1677.941 9.145
1805.992 1.459
2047.129 2.803
2381.436 9.397
2402.165 1.336
2420.868 100
2423.595 4.306
2424.197 4.656
