2381.13 80 1
79.035 1.406
79.1 4.208
79.226 2.534
110.071 1.761
112.094 1.134
129.119 .679
175.118 3.544
235.122 .34
237.142 .297
283.152 .294
304.149 .518
329.18 .409
412.189 1.005
432.247 1.056
468.231 .48
489.267 .796
526.268 .304
569.272 6.568
586.308 18.286
600.318 .779
640.349 1.618
650.331 .993
668.363 3.405
732.357 1.149
739.402 1.42
749.371 7.608
767.418 3.583
824.445 1.691
896.444 7.901
901.592 1.634
923.507 3.3
945.572 5.018
953.465 1.898
979.475 1.31
997.487 100
999.138 .339
1007.455 .688
1011.49 5.091
1094.501 3.654
1112.518 4.445
1199.543 2.896
1286.585 3.651
1357.635 4.601
1384.686 2.717
1458.67 2.93
1557.742 .955
1614.759 4.463
1633.793 .949
1713.83 2.945
1795.885 2.921
1850.883 5.282
1951.921 2.561
2367.441 2.146
2382.992 87.559
2384.884 9.56
2386.318 12.312
