1331.74 80 1
84.078 2.961
110.064 3.482
129.108 2.205
175.115 3.023
248.154 2.398
251.15 3.323
285.137 2.78
289.175 2.139
302.154 2.089
308.188 1.955
398.213 3.127
418.252 8.356
421.255 4.342
489.28 4.46
517.272 4.794
531.352 22.946
636.345 4.781
664.338 8.256
668.416 81.494
773.404 24.11
801.4 70.732
815.486 35.954
886.488 20.856
914.495 100
971.505 22.868
1029.573 6.121
1056.597 8.538
1084.59 50.143
1116.614 10.657
1167.584 5.418
1185.583 16.202
1203.557 10.449
1317.307 8.003
1332.063 12.945
1332.448 19.585
