2108.09 80 1
69.993 2.472
70.108 1.548
70.2 1.162
70.299 1.002
70.445 .96
86.102 .187
112.089 .24
175.126 .394
230.097 .294
270.118 .158
343.163 .486
352.163 .41
369.193 .656
403.232 .708
414.228 .231
471.239 .259
514.304 .314
531.336 18.866
597.304 .878
599.275 .587
615.32 4.764
629.336 .848
682.321 .758
700.331 .562
725.404 2.421
726.394 2.539
727.002 1.005
743.418 100
745.73 .203
757.416 .671
840.442 1.474
884.428 1.098
970.49 .408
995.484 4.267
1012.527 3.15
1094.584 .459
1096.57 .331
1111.592 1.103
1224.702 .613
1295.711 .39
1408.816 .426
1509.815 .306
1580.896 .488
1637.901 .943
1733.892 .378
1878.965 8.06
1979.92 2.817
1981.801 .626
2092.059 1.187
2094.225 .505
2108.25 2.915
2109.674 11.651
2112.354 1.515
2113.115 .819
2113.512 1.024
