1086.6700 80 1
70.0762557983398 1.14896628113527
72.0885009765625 2.26485469095634
86.1049575805664 3.51789424753038
112.096313476563 6.99031605284453
129.111831665039 8.1923274279661
143.122497558594 .965280281437609
157.117553710938 2.4560572262492
158.099380493164 4.68418087610967
171.116394042969 3.63873426786335
173.132720947266 1.26328901446474
175.123458862305 84.1456793921976
183.116577148438 .825685212389157
185.133972167969 2.70726830520963
189.094085693359 1.41841500476302
201.110870361328 4.32422841392078
213.167541503906 1.06067699356048
217.088638305664 2.85242723351501
225.15380859375 .765630540274149
229.125198364258 1.49575103360733
240.149993896484 1.32780445852903
242.162338256836 .777160893192412
243.158004760742 1.49114409618707
258.150024414063 1.35366037867418
268.181915283203 .928481737783722
271.179748535156 9.61303407999431
284.186187744141 1.58291432005297
286.160705566406 12.2789493664653
288.205078125 60.6099943689733
298.157928466797 3.30434440579184
303.219055175781 13.063214560598
306.166046142578 3.6425354844184
314.177917480469 9.04201449703807
316.155548095703 6.50053976160236
330.16650390625 1.0854707714919
334.160888671875 12.1355998737981
342.185852050781 1.76629431155321
343.168701171875 2.25940654794249
355.204803466797 1.6363455381881
357.191101074219 1.90399893169704
359.191864013672 1.8237933031724
369.179992675781 11.965800961909
371.190612792969 1.44887683585449
373.166717529297 2.89875007200545
382.215423583984 1.82334320454487
385.241058349609 2.50575549514437
387.190185546875 33.1613577437926
399.229064941406 2.84074431495876
400.225677490234 4.44347670626133
413.226684570313 2.42336795009892
414.231842041016 2.93753757207334
415.226470947266 3.68414174991398
417.244964599609 8.38502655207205
427.226715087891 2.00746467731582
429.233612060547 4.86626644997775
432.276580810547 2.20323645260342
433.240509033203 2.98508825014425
440.245483398438 4.14822753286842
441.250244140625 2.47939666394739
442.237365722656 3.20607174820434
446.252288818359 1.50570221584438
453.250457763672 1.83597726337428
454.247192382813 1.2535891212065
455.249450683594 1.64214061579922
458.259918212891 12.2761449036944
468.244506835938 20.0847184539193
468.849334716797 5.62459135596454
471.251708984375 7.48681630584058
473.284271240234 1.49119268715229
475.245941162109 1.48166393633118
482.258270263672 1.95580995248296
484.270202636719 1.72614044550733
486.251220703125 27.1046718413541
488.277130126953 15.184628069612
498.270294189453 2.41700711539882
500.266723632813 4.31912690639922
501.286773681641 2.40882229768142
502.275512695313 6.06608892039829
512.275573730469 1.50636166077369
514.267517089844 1.58241356391664
519.299072265625 11.5874775256045
529.298950195313 1.33925076464451
539.271667480469 2.59841036280585
553.304870605469 1.35556668354221
557.288391113281 6.66666063380965
571.324890136719 4.48311293033461
581.3271484375 2.76074996332266
584.332702636719 8.70794603687422
599.330871582031 8.83897544937757
601.361083984375 10.9361603121478
611.341064453125 1.18900003613406
629.322143554688 1.78496672911624
631.315307617188 4.27724913514662
642.374206542969 1.40291739633148
643.362670898438 1.45953935773666
648.330505371094 2.2748986365274
649.330017089844 1.74905719007272
652.363098144531 2.30408701452739
668.3232421875 1.3356974517436
670.375305175781 5.95376444632781
683.395263671875 1.77957022250024
686.333435058594 2.78662382296938
700.423522949219 9.32932188911379
730.370056152344 3.01944926827075
747.423645019531 1.48246303609955
757.430358886719 3.30303098139713
759.438110351563 1.43117637355282
781.393798828125 1.67712159699633
783.471069335938 2.01413314149834
799.420288085938 4.57471739565322
801.468688964844 100
803.068054199219 2.08313149637956
805.371398925781 1.49834311823948
871.494323730469 1.94208029926579
899.46337890625 3.93315992364413
916.49609375 5.25183910359031
933.448608398438 1.30753545251749
963.489135742188 2.57147678777451
1042.47912597656 4.31979401929283
1081.71179199219 3.94129383913047
1086.86022949219 40.1358431755861
1088.8466796875 20.9504916612781
1092.86181640625 6.8702493276767
1094.93237304688 19.3315361959859
1097.29431152344 19.2672971453261
1098.84484863281 9.63940585427995
1099.47546386719 8.91842806749369
1099.66845703125 8.26551939795817
1100.11791992188 7.02347515835494
1102.87768554688 4.02846815167371
1104.66088867188 2.50569538863702
