1120.6648 80 1
70.077262878418 9.47143329818821
86.1102523803711 1.67771608298045
110.084487915039 13.0088822670889
112.100769042969 4.74473913271436
120.097068786621 1.46399261366932
129.1240234375 2.85036823803363
158.106689453125 3.1599220656153
175.128982543945 100
184.118438720703 1.96604084914399
197.11589050293 1.52380581766894
207.117294311523 1.30947605820126
212.116012573242 24.6353398370531
223.168762207031 1.56994327052353
225.111038208008 10.0036152588018
229.140731811523 4.33145334195518
232.155151367188 2.2676722053915
233.178237915039 4.16488927314925
234.165634155273 1.82274029670812
242.145355224609 1.66216760525817
243.116592407227 1.68875029418299
251.169921875 2.26255653436724
252.15739440918 5.85148228746804
261.173858642578 7.26213830302163
277.150024414063 1.45603129855313
288.214233398438 1.09197011220486
295.163879394531 15.1738958173365
297.201385498047 8.65176813514623
303.208465576172 1.87524953772932
310.128143310547 1.19607500173216
312.186981201172 61.4166190051282
325.197296142578 32.3644637029846
327.209136962891 2.26471114760403
329.207153320313 1.62620489847302
334.176971435547 2.09064799085304
338.18994140625 2.91800452113823
339.187194824219 3.21507217381846
342.221649169922 3.25809041319483
353.212280273438 3.19084222610475
358.216430664063 2.93729239174481
362.165008544922 4.70937870393732
364.178863525391 1.73664583033861
365.223724365234 1.79334268009223
366.173522949219 1.77982995943902
379.20068359375 3.04374114095921
380.179321289063 6.22419564074653
382.191375732422 24.7807156603879
393.198272705078 5.10685117719827
399.217041015625 56.8023564861868
409.196929931641 2.50780780255815
417.236785888672 1.93334091153936
434.259918212891 13.2643701074988
462.254241943359 17.8352927207256
464.250274658203 1.99447509439151
472.260009765625 14.8291717189101
474.250610351563 2.23773996117858
475.263427734375 2.33780935638322
476.242462158203 4.0670024324451
480.247711181641 4.64150591295562
493.249603271484 2.07999515348527
494.266937255859 3.1242609834154
501.247253417969 5.4766651632017
501.854431152344 3.62514204448684
519.248779296875 65.1209343727335
529.212524414063 2.49779775531811
531.267150878906 4.50274668937411
536.272033691406 59.0470786599105
546.250854492188 3.35106669887769
547.3046875 2.72409850975228
549.285095214844 18.4134716872961
557.337219238281 6.96903286259634
566.30126953125 3.00659976858705
575.346496582031 2.28113796301975
585.345825195313 12.8364649864068
609.317932128906 3.5094100464178
632.333312988281 13.724399239783
649.352722167969 47.2310320960348
658.34716796875 7.34560600847823
668.354797363281 4.35087008960601
677.376892089844 3.87450372756554
686.344543457031 8.96677206083844
694.410095214844 14.9966821013498
695.39208984375 12.852319130703
703.369506835938 6.46528098045546
704.35595703125 11.2831232645687
712.336364746094 3.62670145997749
722.396911621094 23.8872698923759
729.337646484375 5.49727207847432
746.363525390625 32.7335334422329
763.392761230469 7.91588730904617
765.389526367188 3.37146774942997
773.393493652344 3.45154205080367
781.439575195313 6.83597350489538
791.430725097656 3.97447489973368
800.410827636719 5.67731868051768
809.430603027344 24.7272411816304
818.417541503906 5.7966358411209
825.400329589844 4.40501498507659
826.405395507813 4.66824386849878
843.413940429688 62.6958162823408
860.443176269531 51.8158797019042
918.496643066406 14.4395120787199
928.494812011719 6.63221960325761
946.479248046875 27.8388207593807
956.498291015625 6.79850968491467
963.49365234375 7.04870107703699
964.489135742188 22.1467878947218
968.465576171875 5.76685642205668
973.506286621094 9.32609614773261
1011.48529052734 13.6436960158292
1102.63134765625 9.24452684226294
1104.59741210938 15.432278133944
1120.85144042969 93.5709129280794
1122.86657714844 64.674007056336
1124.89331054688 21.0339864310782
1125.90991210938 19.3998474724285
1126.92895507813 18.9404640166317
1127.95129394531 18.0218283584461
1128.978515625 22.1078504253663
1131.43200683594 12.0032384035305
