1244.7731 80 1
70.0835647583008 1.83889409330001
72.0946350097656 1.02235653522417
112.092346191406 2.0089297022587
129.125213623047 1.64590688748796
157.126754760742 1.49217109305267
174.146835327148 6.18117602613149
175.129287719727 8.60207911517361
204.138488769531 1.92750314176775
212.113418579102 1.843241170796
213.171432495117 2.92651275134934
225.111328125 .950116542636816
255.115112304688 1.67552489443017
256.138214111328 .980358667291544
272.139953613281 12.5379656802947
276.210388183594 1.53864473637345
288.209197998047 1.91731144590995
289.166473388672 5.32897455714838
290.150360107422 5.51375822333136
303.229614257813 1.07408023567775
305.188415527344 8.32978421355251
312.217132568359 1.54715179237952
315.179473876953 2.49271369836212
325.187927246094 1.12343953838727
360.08837890625 1.59558413164462
370.149139404297 2.5636995681401
387.167327880859 49.3324448908633
418.270935058594 9.68850538274437
457.221466064453 1.83531448665305
459.181030273438 3.30639984392554
471.175933837891 2.59764643521905
488.198913574219 3.80376043419975
499.178741455078 13.6742218455328
516.197265625 18.9145569553008
517.330993652344 12.674572654922
527.237060546875 1.61586010470693
556.231994628906 3.14601309172393
570.257995605469 3.40781965384813
573.260498046875 1.83687959638596
587.272033691406 2.64930668824946
598.240905761719 18.8180324367555
615.264221191406 6.05554469711525
630.4208984375 5.77152142223184
646.278442382813 1.54501695315147
669.310363769531 2.0171114184369
683.314331054688 4.07322808302294
684.312866210938 4.21937835926785
686.333618164063 2.21775336730504
699.439453125 2.86033978804737
700.349060058594 7.85423171528248
703.341552734375 2.09233171932412
711.326721191406 19.1151654158911
714.384582519531 1.82105010746294
727.35009765625 3.12350888111061
728.348815917969 8.93129650301428
782.387817382813 5.49178616409978
785.37744140625 2.64101839447288
799.424499511719 6.52051615294743
800.436889648438 5.41357575359962
801.466979980469 5.3255368084292
810.395324707031 11.9717844473891
827.413696289063 7.82353602565753
858.510070800781 3.07938421619393
912.498718261719 5.16062847907805
923.447998046875 4.75575414542573
940.495910644531 6.38791284155334
1013.57781982422 3.15829328495921
1041.55187988281 4.27434025304673
1088.56164550781 3.29646042193763
1098.52185058594 6.42231620904907
1116.53271484375 100
1120.7109375 21.3329794930681
1168.64831542969 20.5655407470553
1207.63684082031 5.98682804844949
1228.59643554688 7.14974967813609
1230.70495605469 5.72092505418601
1244.96508789063 38.682297247973
1247.92150878906 17.255356727742
1249.93835449219 14.912764316138
1251.03845214844 12.4032981672907
1251.96203613281 18.0438045635966
1252.95983886719 22.5478685972014
1253.20520019531 18.4542105098805
1255.11022949219 26.7291364168351
1257.39111328125 24.5105105292739
1257.99768066406 19.6568811201268
1260.53967285156 13.4247519427616
1261.35717773438 13.5985004738158
1261.65881347656 10.9510824980464
1263.16772460938 9.31599084006286
1264.82690429688 7.90068360661457
