1244.7654 80 1
70.0744705200195 1.09688514943311
72.0911407470703 .685442891097757
86.1089324951172 1.31689344688392
112.098823547363 2.31545113823393
129.124130249023 .73232334650123
130.114562988281 .519488448479904
147.123428344727 .479935681254558
157.115585327148 1.29280516704907
174.143890380859 4.73488405686701
175.131225585938 7.06864630676462
185.173736572266 .995207795642127
186.134094238281 .569974810739679
200.157653808594 .385415201302864
204.142074584961 3.01588689907749
213.162811279297 2.71991589796315
215.14582824707 .435572719611726
227.131332397461 .519887483929367
229.127944946289 .573891109983544
245.099136352539 .434266035104026
255.115966796875 1.25309926161463
272.141967773438 13.9501563943863
287.180023193359 .685855647160637
289.164916992188 5.95085204150707
290.152954101563 4.55393063118874
298.190521240234 .353471718956571
305.187835693359 8.15828574449903
312.233581542969 .989721036746722
314.221221923828 .63727734741493
315.181610107422 1.9630020739935
326.248596191406 .75004051358849
342.197631835938 1.06504886581872
344.152740478516 1.05519258417845
360.103820800781 1.40482939490481
370.152130126953 2.20830497911616
372.167999267578 .649468704877814
387.165832519531 51.8207060988281
400.258148193359 .774859999943675
405.177642822266 1.16802216825257
418.268280029297 11.2861013723567
441.257965087891 .855911973627298
457.181488037109 2.14627753747719
459.180480957031 2.49353994367645
471.200347900391 1.91318372014702
472.210235595703 .821045061516774
474.208312988281 .696770802974258
488.210876464844 2.15968439704206
499.176818847656 13.0954328594232
516.203552246094 19.1592248509399
517.333312988281 12.6564485474936
524.300170898438 1.18230389293814
528.252502441406 .739792808090622
556.238220214844 2.8311661003379
570.256958007813 4.21589910681726
572.25732421875 2.30187039264721
573.248229980469 1.90872218536298
574.247863769531 .910883413801268
582.286193847656 1.13395975804188
587.274658203125 2.89024191004127
598.242431640625 22.0761689464636
615.271606445313 7.62462139521363
630.416931152344 5.15428418512298
633.292175292969 .807105261729888
658.35595703125 .922955527284719
668.313659667969 .927219667261215
669.306091308594 1.59756166668739
671.322692871094 1.13334628005149
683.329528808594 4.36370684472119
686.333190917969 2.19635513192499
697.328430175781 .991674146318545
699.422912597656 2.91262170733612
700.371398925781 5.71759639306195
711.327270507813 20.3690834705795
713.845947265625 1.34603077937137
728.350341796875 9.27655780135533
746.359130859375 .845537970655678
768.371032714844 1.02535785729559
782.40478515625 3.51806436386119
783.387329101563 3.19715178611477
785.386596679688 1.53612577409846
799.43017578125 5.22840524846606
810.392272949219 12.4775926069282
815.331420898438 1.01341549719759
827.420776367188 9.54783692726399
848.505126953125 1.06101829824966
858.51416015625 4.16677338636485
895.485290527344 1.78323699253221
912.499633789063 3.84901816389412
923.476501464844 3.52917373332636
940.498474121094 6.50133936541184
958.508056640625 1.2255178063339
973.546875 2.42698851184544
996.518676757813 1.39900450510074
997.539123535156 2.56709793811636
1013.55981445313 1.9944229741935
1024.53137207031 1.56854361681689
1041.54553222656 4.24046874148901
1072.53540039063 1.93018567235505
1088.54113769531 1.57396957849795
1098.53186035156 5.29428507430116
1100.06213378906 2.26136281443817
1116.52880859375 100
1120.67443847656 3.66941667370156
1168.650390625 2.32217291654632
1200.57641601563 2.84123625783543
1227.73059082031 5.34811280947539
1244.96752929688 47.0683000802218
1250.962890625 4.82138783644095
1252.13110351563 4.25719923505262
1253.01330566406 4.2063615976138
1255.16357421875 6.59149148872056
1257.22131347656 14.1152923053907
1260.06787109375 8.34330451580934
1260.73522949219 6.55962051290435
