1083.7452 80 1
72.086784362793 2.54222589963194
86.1011428833008 1.45795191017875
112.095733642578 1.35165188846397
129.11051940918 2.05123851970055
147.114028930664 1.19338397007721
171.109497070313 .850176841501925
175.120956420898 19.4861955585739
185.164505004883 2.27791773777393
201.119766235352 1.05730655388882
204.123992919922 .836090404354533
213.16471862793 9.04231309594023
228.145874023438 4.14219566812335
229.120681762695 2.37354325189021
246.180908203125 3.20599662464263
271.172821044922 2.18961413149745
286.146942138672 6.94507023825764
288.201354980469 11.2779038276878
300.168762207031 1.33681289425858
303.208953857422 3.25649029413994
305.172302246094 5.75046916784843
312.224151611328 7.525872184813
314.18115234375 1.93259800359847
316.150451660156 1.23075871214765
327.206298828125 7.36540811754703
334.148681640625 2.01834235326018
341.218048095703 1.79761007700018
359.265930175781 11.1345722324597
369.188720703125 2.51734983967574
370.236145019531 1.8047304944774
371.231414794922 2.71476035116594
385.218139648438 1.46118717739923
387.186553955078 5.67850184584558
398.234954833984 7.15429915969305
399.227264404297 11.4755944645078
414.19970703125 7.31896304589741
418.256896972656 16.8787698175403
426.264343261719 2.43270308408851
427.241577148438 2.18684733567646
428.261535644531 1.51892978217382
439.235870361328 1.66093296117209
440.2744140625 2.99951285844479
441.271575927734 9.25262191039752
456.278411865234 9.65353518698579
459.159790039063 10.3010041603403
468.228759765625 4.35361727658871
469.265869140625 1.84867384598403
470.277557373047 2.55737540829984
471.264373779297 3.5876282165494
473.300048828125 100
480.27880859375 2.87895278180305
483.283966064453 2.02256063539473
484.296691894531 2.63560300436288
486.242767333984 5.43640657281127
488.279968261719 2.78952427309684
498.286224365234 51.2844689280433
509.292175292969 3.25741841861588
512.298461914063 9.06008649851111
513.267944335938 10.2735242476365
517.310119628906 14.1685242330892
519.291625976563 2.74759353878544
527.278015136719 9.70902357505578
539.348876953125 3.60526108414109
566.337097167969 2.04512950966873
572.237915039063 14.4078887081679
581.310729980469 2.24076441987729
583.376342773438 9.67967185923077
586.385009765625 16.5148573442608
596.373168945313 3.0364489976293
598.358581542969 4.79369468488688
599.327514648438 4.34721999380509
600.359130859375 2.18967486682531
601.319519042969 2.85981692416803
609.329956054688 3.15922375612013
611.369567871094 26.146419095049
626.346435546875 19.908019242106
630.385070800781 6.70555486948799
643.40283203125 63.9921959865491
671.295593261719 15.3269996234848
680.376037597656 4.01596681059979
697.418701171875 5.24707967797974
698.357482910156 3.7049147685107
700.408020019531 2.95977666821736
708.375854492188 6.62309729077655
708.938720703125 3.24538256159813
710.425659179688 3.29539592500189
711.420593261719 3.04085371510748
722.394104003906 2.11718938917677
725.407043457031 59.1707296489901
729.446899414063 3.36274099121147
739.41845703125 7.73326862329441
755.439392089844 3.82254190203478
772.437255859375 44.6458891738389
784.383666992188 3.78939788865468
801.448120117188 17.9217228358371
810.490295410156 4.88011918863902
821.465637207031 3.99168976864784
822.038513183594 2.96467783098411
824.460998535156 5.36983601621207
838.488952636719 71.6955881098707
854.464660644531 3.34857448135602
871.503356933594 35.2235804861885
885.404113769531 2.26141305734339
892.504150390625 2.64627383005656
920.541137695313 2.46756537696679
937.527099609375 5.88457515479724
984.516479492188 3.50163278888866
1081.75427246094 3.18175057295076
1083.89562988281 27.4338541570254
1086.90576171875 30.6771854145917
1088.91369628906 34.3843808601433
1089.90441894531 28.1914573192409
1090.94580078125 21.5097671183653
1092.93310546875 9.48091512311398
1093.57250976563 7.02608119334613
