1940.2411 80 1
70.0808334350586 .592721580846989
84.0897750854492 .93479443797746
93.2393951416016 .359046649047442
110.086967468262 .72626512938347
129.118927001953 .647190307926825
169.122344970703 .543902123648795
197.144744873047 .869245632028881
231.145248413086 .696621636614576
239.15983581543 1.20284057453881
240.151214599609 1.43652764036012
243.124145507813 .530718863768012
248.193481445313 .434014061178029
249.129608154297 .514976974391614
254.15657043457 .384826263803699
257.178558349609 1.75016675394205
266.160919189453 3.51758228866291
282.192230224609 1.2213652111209
294.139282226563 1.18613780533815
297.231964111328 .403097552099988
325.209716796875 1.44696527155656
347.177612304688 .588548940760498
356.215667724609 .497684218870273
365.222564697266 .818511130745145
375.227478027344 .930049575384581
376.218994140625 .701303282007279
377.19140625 .98403187037434
394.231109619141 6.62736541606913
396.236694335938 2.05646305488574
408.246917724609 .729918936105007
413.252471923828 .951134419882887
422.223419189453 .581633019526533
424.276306152344 1.1907862831113
436.254425048828 .843720827572239
453.276641845703 .854781301597918
462.2802734375 .689394562810236
478.312255859375 1.06428319721305
479.305847167969 .738113641327262
491.282653808594 .784694493460349
493.329193115234 1.06521500582802
496.267578125 .874156679168321
505.300506591797 1.06085386435092
507.265014648438 1.02058490971981
519.279541015625 2.39599650904161
522.322387695313 10.7489844521117
524.286926269531 6.48533314925363
545.318420410156 1.09495374706468
553.315124511719 1.18625484959101
590.347961425781 2.57905751204456
591.357727050781 1.65868984390809
592.345947265625 1.97744027419192
602.375061035156 1.15665437744472
606.373474121094 1.42061153436885
607.38623046875 1.06707108433271
619.370300292969 3.38826995777115
621.369079589844 1.40996292972871
623.371276855469 1.27851294894377
681.4013671875 1.86133951497452
690.437377929688 3.38932200905403
691.444519042969 3.19707440413898
699.405700683594 33.5265932560146
702.418273925781 1.93109786750429
703.411193847656 1.46881387761468
706.411071777344 1.15347554090212
712.41162109375 1.09127664512777
718.433288574219 31.4976918693738
720.419555664063 8.39225388139164
736.453247070313 1.12076396987697
737.473937988281 1.14077604822746
758.418640136719 1.33143974479247
809.435668945313 2.45430908108033
810.441101074219 3.38908125764555
811.054260253906 2.27895070409459
815.483215332031 2.99142551774564
820.457824707031 1.28207550660216
827.458312988281 5.25018840250027
848.489868164063 6.28305695550571
853.392883300781 1.59663061410555
858.525390625 2.51099931944291
871.516662597656 1.78659802070183
886.520141601563 16.0407463523904
924.47314453125 2.02200456166314
941.497741699219 9.43441967818874
947.515869140625 2.22901157158496
971.616760253906 3.8978125311948
973.578491210938 1.71856550411151
976.580139160156 1.90820601827684
982.583984375 1.7090187285137
985.562805175781 1.76896463189838
999.597045898438 25.8943028359649
1016.62390136719 4.43055881317178
1037.52514648438 1.82389692822098
1054.57702636719 8.84551822996095
1096.62329101563 2.62132936185482
1113.63305664063 33.673978527738
1125.61279296875 3.17069977470457
1130.66333007813 7.46516823344792
1205.63098144531 5.32614558273945
1206.22570800781 4.14288589086734
1213.70300292969 3.50663574916591
1215.71472167969 3.04824834898192
1222.65979003906 100
1225.18334960938 6.63759925778358
1236.67224121094 3.02831941833651
1241.69226074219 84.8107947053131
1253.66833496094 2.56271080626138
1321.72021484375 5.45603728684024
1338.73962402344 6.37610970301914
1395.76037597656 6.96466303952164
1401.75659179688 3.71058008543231
1418.77111816406 63.0205737240253
1452.7734375 4.39798367090113
1537.86938476563 3.34763037501621
1539.84020996094 3.55221984878318
1546.86364746094 26.4626068903438
1565.8544921875 10.0015938106874
1637.92663574219 2.46289214151714
1656.92785644531 3.04695390550917
1658.44750976563 4.63561573225036
1664.91296386719 8.43195440505171
1674.89978027344 15.2153641391971
1793.82666015625 9.53510316775674
1811.82873535156 21.115364229307
1923.34301757813 9.54256810220102
1924.23840332031 12.4142454037208
1940.52124023438 34.5886761875694
1944.41088867188 16.2357889618687
1952.65612792969 11.3746220198452
1954.62744140625 19.4070323230101
1956.64331054688 19.4075924946424
1957.61267089844 22.2929372389876
1959.61511230469 20.6100067570393
1962.79370117188 21.3063955274194
1964.5810546875 22.9960283795791
1966.20690917969 20.2732895045682
1969.03002929688 21.9061137160334
1973.39892578125 16.908446889418
1974.25085449219 12.9644717723058
