1152.7377 80 1
70.0857162475586 1.17434481217022
110.081520080566 3.19390671394766
112.098976135254 1.04478641913358
129.11442565918 .980354766286333
155.090057373047 .89377287951654
166.075286865234 .769479374581292
175.120758056641 4.2830887325966
207.137634277344 1.01116045454675
223.173767089844 1.70277045098968
232.150466918945 4.43639926080022
251.160598754883 9.29501031995316
260.201599121094 2.01890225820797
274.160034179688 .995991019960342
284.172332763672 1.11537298164045
299.152709960938 .987326919988611
302.163238525391 4.64285684526786
341.203704833984 1.6111988622014
347.182250976563 2.09291964890081
364.241546630859 8.21544821423093
366.195556640625 2.77375103216561
373.291931152344 4.37564045449128
381.266571044922 1.83439669599365
382.283142089844 1.30080293056028
385.277130126953 1.14174309147873
387.264465332031 2.12713284779471
415.246765136719 1.37556371984605
473.254150390625 2.81749328761635
477.320434570313 3.17597325073519
479.277069091797 5.64624131361216
484.256072998047 2.20225337527675
492.343963623047 2.28302572870996
502.289520263672 1.90617530704532
510.345672607422 87.2322840773761
530.264770507813 10.2784545686927
592.37158203125 3.15804419705732
615.343933105469 8.41997409942767
623.4267578125 48.2630511702345
643.356750488281 9.98763542167352
658.386413574219 2.31821383389121
721.435119628906 1.8348523201852
726.430358886719 2.42584669633166
735.986083984375 2.46337700564793
738.454528808594 20.3498401291297
752.406860351563 32.6198079372158
754.163146972656 3.78556569439003
762.412048339844 3.70779153939128
771.446838378906 3.06879462737924
780.408081054688 80.3023531514889
851.544555664063 10.0971186920938
865.500183105469 16.7200017110211
866.476623535156 17.7988796546409
893.486511230469 100
896.934448242188 5.2962030671336
908.502075195313 3.57506857708223
978.581970214844 5.80017295897727
979.551452636719 6.52421876974787
995.493896484375 5.45894416436838
998.588806152344 3.96730405506155
1006.55615234375 57.4728053052893
1021.56726074219 6.438448607975
1024.53405761719 7.49846575565155
1134.74426269531 4.83199858646742
1152.97082519531 19.1760819252361
1156.83581542969 7.40077890262607
1161.06262207031 7.98120685544081
1162.05944824219 9.80887167222763
1163.076171875 14.8062209641269
1165.17395019531 30.263201653966
1167.06628417969 22.88549860621
1167.72424316406 26.9808541778218
1170.27648925781 14.5275256044341
1171.1650390625 11.4844029834388
