2623.5142 80 1
74.0953369140625 1.55831756047541
75.5616302490234 1.78804441990271
88.6471252441406 100
97.9049072265625 1.39864918066042
166.818145751953 1.21249805387877
175.150329589844 3.71693071148183
303.209564208984 1.17398702286353
350.171997070313 1.46938678108431
472.67041015625 1.50079552668913
478.073425292969 1.62680348258813
485.19775390625 1.54738800078741
504.276794433594 1.52850589306576
513.699584960938 1.77566747010902
515.228637695313 1.69909798536465
516.842468261719 1.51906061603788
532.721374511719 1.58164530568772
587.164367675781 1.49873045249789
596.575073242188 1.50444624122664
600.795593261719 1.57692839783624
610.251525878906 2.18043259592045
612.301391601563 1.65949685406991
626.316162109375 1.78484610825807
660.372131347656 1.86596627726699
665.396850585938 1.84079612113934
671.281311035156 2.2922496909902
672.639343261719 1.55145356330441
690.369262695313 2.38419118017546
701.97314453125 1.95315781946618
704.378173828125 3.61308213987257
715.431518554688 2.11835296250693
715.6728515625 1.67307541855858
745.536865234375 1.7675059033936
758.501403808594 2.22554101038073
774.359375 2.23681620740817
786.42138671875 2.53654212865886
817.471374511719 4.06200661201289
818.442443847656 3.04643288094232
894.440307617188 3.42678084709688
900.481079101563 2.16397656813371
918.5234375 9.66225689518029
922.458068847656 5.84351436414761
924.776794433594 2.31041524204382
988.550476074219 2.61490449663857
1015.51623535156 9.98644920528711
1017.07159423828 2.43553212394784
1032.54443359375 25.7788088702639
1035.53100585938 6.8645386485983
1112.56652832031 2.90263416853729
1129.57397460938 6.36954125335719
1144.58862304688 3.0657774510284
1146.59143066406 6.81872211038923
1160.58374023438 2.81764592058647
1172.58178710938 4.8034959729478
1181.0654296875 2.36964093009373
1214.57946777344 2.63659529300133
1216.59265136719 9.04332122959112
1243.65576171875 5.8684915541558
1260.57995605469 8.05332279026573
1293.64721679688 4.19122921215415
1359.486328125 3.30064574511146
1375.58825683594 4.38314457209424
1380.70300292969 6.76856157073409
1451.70776367188 8.12370586264868
1571.78161621094 4.99953441834418
1588.78149414063 7.99011184107817
1599.7421875 3.16146468732865
1701.87744140625 5.35778009387263
1706.76574707031 4.31561607557353
1838.92517089844 3.53081870244527
1892.96813964844 3.92286280730901
2022.02941894531 6.80001352561769
2049.0126953125 7.37737319900828
2066.01977539063 71.2829809918796
2164.14306640625 4.255483193892
2448.92163085938 14.4915849606258
2606.72705078125 23.808153888664
2608.45532226563 31.85599686773
2623.85302734375 45.1452768446851
2626.50903320313 43.4175195572842
2627.73120117188 33.184271937137
