1549.8492 80 1
70.0719833374023 1.88988928968407
86.1051025390625 1.04203355319893
101.081192016602 1.33465208079774
112.098358154297 14.2002322727392
120.100776672363 .874027742077736
129.125549316406 6.8911088608593
157.13557434082 .955757811136026
158.097671508789 3.405363545985
159.100997924805 4.6474484910723
173.098175048828 1.9894318330238
175.126251220703 42.0352333800554
186.0986328125 2.13856768440991
202.095062255859 .726375383004158
205.108093261719 .880306334278349
216.116668701172 1.26732404759976
230.118453979492 .780582908682522
232.145004272461 1.37327979966443
243.122589111328 1.87749377591002
244.119384765625 3.00192191135924
245.130233764648 1.12607701694307
259.09130859375 .767186925483385
283.106536865234 3.595436122165
287.149047851563 1.36481962957694
300.138092041016 5.80933211443395
305.163909912109 3.80269021289971
311.157470703125 1.09878201880934
312.143707275391 1.05034926718678
313.156066894531 .98612557811237
315.154693603516 3.02763415664728
322.186828613281 5.42008225521322
326.154937744141 2.38319597913882
327.190643310547 4.07613134605683
330.165618896484 1.04857444669575
339.174865722656 1.19775365058589
340.166290283203 1.25147472668592
343.170867919922 1.57237272881782
344.134368896484 1.1707217401577
354.141265869141 12.5524102533357
356.186401367188 4.05969767165517
357.191223144531 2.26584419363302
358.174224853516 1.53511896706273
359.199890136719 1.68345691293674
362.180053710938 4.26080645170942
371.172943115234 11.2352039854903
379.209381103516 11.1555515180321
383.178924560547 2.09535405324269
397.185729980469 1.40211646818743
398.172515869141 2.30348806847076
412.170318603516 1.34013725083024
413.201202392578 1.6894975203747
416.191986083984 3.37541405149113
422.199584960938 1.66249592048667
428.235626220703 3.14361138510033
430.236175537109 1.2527988346335
431.1826171875 2.04981059656899
439.225799560547 2.91694979276688
442.213195800781 1.46489165070652
445.201995849609 1.81862214019664
446.262817382813 2.44377854431342
448.242645263672 1.62656936907752
449.209625244141 4.95531783613384
456.262847900391 3.53892237947505
466.233795166016 8.37859759217012
467.227752685547 11.3640718196912
469.213958740234 3.69486349301896
477.207183837891 1.49289817904168
484.245239257813 5.33119036978465
487.230316162109 2.05680480775912
495.210815429688 1.61846480194448
496.222229003906 1.74081641049899
497.230682373047 1.94805426498858
502.240753173828 1.6738940023755
506.236145019531 5.14433103515388
512.253234863281 2.19278011771496
514.260620117188 2.14683606250071
516.244079589844 1.7978869634327
523.254272460938 13.7200037814409
524.248779296875 21.8316068080687
526.259399414063 2.71391288834123
527.259765625 1.77000997914649
538.25439453125 2.45295262815231
541.256774902344 3.86786338721139
544.272399902344 1.74226614936586
545.243408203125 1.74224846461418
550.268798828125 1.49009642145167
563.257507324219 8.71136252749551
568.273376464844 1.75367808935472
571.309387207031 1.44231959467442
580.275024414063 15.3516327406772
582.272094726563 3.4165644796458
583.289367675781 1.83194777354009
599.296264648438 1.56037065212467
600.291931152344 2.19380092568545
609.311340332031 2.47234030466879
613.276672363281 1.58524133672357
614.281616210938 1.91073055333857
616.289306640625 1.77507220688433
625.288879394531 1.85704420896661
634.280151367188 7.30374943094015
651.30859375 19.2189700389555
657.338073730469 3.20030526147116
661.290588378906 2.06544396028908
682.324157714844 3.53797782348398
683.347900390625 3.14356950812723
688.299499511719 1.74263013528176
696.320251464844 1.76101250500984
699.354187011719 2.09705958323358
710.319885253906 8.53969383244692
727.331359863281 3.98214631700423
734.335021972656 2.64600078270895
735.330078125 7.69643393701806
752.359191894531 10.2428866255804
762.332641601563 1.98959985437934
764.319519042969 1.65845703020091
781.359802246094 7.77781834268739
785.416259765625 2.42077351453828
786.41015625 1.40908062827141
788.351196289063 1.9754156457996
798.366088867188 5.54039726355094
806.364135742188 5.40262206529286
823.391235351563 13.0464875374682
849.408935546875 2.07362266069045
865.3935546875 1.76988670475278
881.418518066406 2.14282365610346
882.398498535156 2.87367875101522
899.430786132813 3.03737815214743
935.401062011719 1.4425705754595
952.445434570313 1.69288106954168
970.454711914063 1.55683733386572
983.536926269531 1.83913441990708
992.424621582031 3.68466099114529
996.42041015625 2.76723345237872
1009.46691894531 6.20461366304855
1024.44018554688 1.88790451141077
1049.46350097656 5.73947637243843
1066.47436523438 8.62892062556278
1179.54809570313 5.46488787075299
1250.59338378906 17.4874273781942
1260.58850097656 2.18364650558162
1347.58752441406 6.31642033845581
1364.59094238281 3.10393970918264
1365.60266113281 5.23825116246499
1498.65747070313 3.86522118153747
1505.65600585938 5.50361596355715
1531.78466796875 10.3265708272696
1534.65893554688 15.1315398228991
1550.08093261719 100
1553.05480957031 40.5227192658076
1555.10278320313 17.3723478130349
1559.14782714844 7.41393581123853
1560.31530761719 8.46713238830356
1562.22265625 16.6476375856039
1565.24658203125 26.8990887764364
1566.4306640625 31.7299171164376
1568.00866699219 24.9286805529401
1568.6435546875 21.4541251349714
1569.89233398438 18.9869595875423
1570.53979492188 17.4103085432768
1572.89440917969 10.5178613812676
