2495.4143 80 1
84.3113479614258 37.5284180096584
110.098968505859 2.98560476123505
112.109855651855 1.46009674023213
175.135940551758 6.55403853116866
209.125152587891 1.40595215183738
223.183807373047 1.2425580910866
251.160247802734 .950317082922814
296.180236816406 1.33633395983825
322.193572998047 1.33240037875899
350.204010009766 1.33659810189119
365.224060058594 1.089129724747
487.247528076172 1.20354408487771
504.269897460938 1.87909540318621
540.23828125 1.10219197096228
541.286865234375 1.30386296155823
557.245300292969 1.44367014251823
569.293273925781 1.85406923641346
573.332153320313 1.13961977743366
605.325073242188 4.9977595987664
614.521789550781 1.19859972775072
615.337646484375 1.43152458674883
636.94189453125 1.1455814943632
639.794616699219 1.2370138229252
657.338134765625 1.67914284801097
673.035095214844 1.46707145293278
678.339782714844 1.36806000588444
686.388122558594 2.0570625612167
695.109741210938 1.19263378756495
704.396240234375 7.39336789220425
749.317443847656 1.7522918984135
765.371337890625 1.50231971479014
766.389221191406 2.96870321939289
773.393371582031 1.95883887212075
776.430419921875 2.28685105919299
777.365295410156 3.49105759197736
781.45654296875 2.00522824481336
784.914978027344 1.4960680285847
794.381408691406 6.23599065463702
817.473022460938 8.28122029542561
827.464782714844 1.80285937872139
857.476135253906 1.49007477549476
880.477661132813 1.93839071007961
890.445556640625 2.16746785081988
900.48876953125 2.64946068422594
907.446411132813 3.82956951803788
918.512145996094 18.771814727316
925.438781738281 1.76812989361571
972.505920410156 1.64430975235231
984.462585449219 2.06041791818508
989.558410644531 2.54702673043508
998.494689941406 2.79358887597718
1015.53942871094 10.1842096204432
1017.53063964844 3.70317288880965
1027.53735351563 2.89289834414055
1032.55822753906 35.7953432745364
1042.53442382813 2.06371217871325
1044.51928710938 5.75092522132292
1079.50109863281 2.39958911465471
1085.55737304688 1.87564756193396
1086.50122070313 1.9455411655442
1088.49890136719 1.98827613450547
1098.54309082031 2.62133617076517
1101.59753417969 2.68897934190271
1112.54541015625 2.16286896610833
1115.53332519531 3.89064407775561
1129.56811523438 12.2041319412305
1146.60510253906 6.11524184630479
1147.59619140625 8.27829040135684
1202.5712890625 2.01712004949985
1293.67126464844 7.5444796403558
1296.66687011719 1.96597951354228
1380.70715332031 8.51368798693622
1414.650390625 2.55237180419122
1451.73742675781 8.16155223847479
1463.74462890625 2.84989023105456
1571.71838378906 3.43929752444078
1577.74084472656 3.02537441105204
1588.78247070313 10.1323697534745
1701.86340332031 4.99541878861026
1838.92224121094 5.92347387624332
1890.8544921875 3.48975377222373
1891.94750976563 4.40034106985181
1909.96618652344 3.98505050631549
1910.91198730469 4.401522777168
2010.02587890625 3.52587451859786
2022.0390625 4.82756945145684
2048.02075195313 4.18034746950885
2066.03247070313 100
2078.18115234375 5.66047875913839
2078.94848632813 5.75447669826658
2164.01440429688 5.66987433783927
2181.02978515625 4.80236908039205
2303.89013671875 7.67159723975566
2320.8623046875 13.2381903581603
2461.27612304688 13.4591578816126
2477.51440429688 20.997733972852
2480.34008789063 60.8081866391849
2481.85668945313 42.4741438738842
2483.166015625 35.4179167371052
2495.77124023438 53.4281961524356
2499.63623046875 35.4635832492163
