2676.34 80 1
70.069 .519
88.898 2.275
88.964 6.765
89.124 2.232
112.098 1.924
129.113 .836
175.126 2.732
230.124 .243
268.166 .502
331.153 .72
351.214 .629
355.152 1.36
356.187 1.437
369.222 1.309
373.23 8.448
402.209 1.038
440.265 .424
456.236 2.782
468.278 .687
474.264 2.44
531.298 5.42
649.293 .793
654.339 1.167
678.363 3.872
770.398 .957
791.449 3.238
904.522 3.74
931.549 1.998
932.448 1.018
975.575 100
977.921 .282
1072.606 2.121
1090.607 4.215
1209.654 2.337
1253.668 77.175
1350.68 1.62
1368.695 4.81
1439.744 2.479
1552.812 10.547
1681.866 1.13
1906.954 6.101
2080.051 1.023
2275.207 3.131
2347.142 2.205
2678.216 52.131
2681.94 .726
2683.663 4.853
