1549.8440 80 1
70.0768661499023 2.81063025018787
86.1062393188477 1.60815877512203
101.097427368164 1.83557786388893
112.09992980957 17.9687890620067
120.085563659668 1.51304009823078
129.126556396484 8.45843968554487
157.104782104492 1.18415187273448
158.106796264648 5.99758156014252
159.105026245117 6.82810548382365
173.093734741211 2.30729213889391
175.129348754883 54.2950135356402
185.120254516602 1.15435990864349
186.099899291992 2.76597093863805
241.109817504883 1.33989536753817
243.121246337891 3.2032806231757
244.121917724609 4.53276320353579
258.130737304688 2.05528620653548
259.139984130859 1.33368062963942
282.145690917969 1.18630213647155
283.109222412109 4.457978426967
287.157165527344 1.35422817623587
299.169403076172 2.40888935130287
300.141906738281 7.73333086179503
305.170562744141 4.93852084785859
312.105133056641 1.57082230790397
315.147674560547 4.62581524896692
322.191589355469 6.48116574284568
326.165252685547 3.09384083919952
327.192749023438 3.78112217809992
330.157470703125 1.74109723103023
339.152801513672 1.61330524965805
341.173522949219 1.62536365404355
343.178375244141 2.69621781804654
354.145477294922 17.9863676710455
356.177886962891 4.66162852518424
357.17431640625 2.975581805519
359.177856445313 3.31764866266149
362.185821533203 6.63387774881018
371.172119140625 18.0897433564949
373.186187744141 2.12980947241313
379.213623046875 15.9278643825985
383.186767578125 2.23566392725067
389.185546875 1.99318220526203
397.162872314453 2.08143734625561
398.185455322266 3.14036829607145
400.210723876953 2.72954860048198
406.173828125 2.04108636399057
413.214721679688 2.90854674220224
416.196655273438 3.92466793912386
422.203704833984 2.24957743275452
424.199981689453 2.0254572897509
428.213775634766 5.15236555614899
431.215576171875 2.07113219582247
439.234283447266 5.09157755440911
441.214080810547 2.50233488070044
442.214172363281 2.47334239921145
448.220855712891 3.2341937180459
449.220855712891 8.90224522469316
456.262969970703 5.07010520642091
459.227508544922 2.30427077299227
466.240600585938 11.2665327498462
467.229827880859 17.3518541784572
469.224700927734 5.75345845722373
484.251129150391 6.11191578884035
487.238037109375 2.6370177848409
488.220092773438 2.83332750892279
496.249908447266 3.47638571397167
497.257476806641 2.40018813928672
498.2158203125 2.15377006845982
499.280822753906 1.97644077286733
500.231964111328 2.00122634860983
505.221221923828 2.26409688476822
506.231567382813 9.70802399377739
511.271118164063 2.40483173461501
512.234069824219 3.45908765239499
516.25927734375 1.95567117032458
523.254089355469 14.7574949290631
524.248107910156 32.5064911346917
527.285400390625 2.17531708083488
538.264465332031 3.10112467668449
541.279357910156 7.63033305227799
544.25927734375 2.90028109450674
546.223571777344 2.01077495287622
554.281555175781 2.36998094059318
556.289428710938 2.35996849926816
563.256225585938 13.0466311439944
580.280883789063 22.3008254369313
582.278442382813 4.2160580823211
583.277404785156 3.61269513676951
597.245788574219 2.02275210899392
600.282348632813 2.6411516148045
601.2880859375 2.81935287746818
609.296691894531 3.88930999210832
613.2978515625 3.20129846021601
616.3095703125 2.19259872683714
634.29638671875 10.4245518142914
651.315673828125 24.4598264958651
657.320983886719 2.00451352325894
661.300842285156 2.41109053421015
681.336791992188 2.81240142888842
682.341613769531 5.53226434623205
693.322204589844 2.17063654163857
699.3515625 4.32716239671758
710.32080078125 11.8280908404252
717.321105957031 3.15059625800253
727.335571289063 7.74552548014588
734.339721679688 2.96333497505081
735.339111328125 11.0857943807262
752.36376953125 14.2713004229115
762.351196289063 2.23501773610677
763.376770019531 2.2792142167138
780.357604980469 3.57943735951234
781.369140625 8.31380894330774
798.384399414063 8.14129883673634
800.404052734375 2.46020875705049
806.363586425781 8.72360098863641
823.388977050781 16.4751145173065
833.385314941406 2.46989707021097
849.406677246094 2.59613753268457
854.442932128906 2.05843014205943
881.401245117188 3.04082827727052
899.437744140625 3.17908497551963
952.425048828125 2.25337860904558
971.433959960938 2.16885598134899
992.448486328125 5.2721879879556
1009.47308349609 7.96371381120604
1025.45166015625 1.83722335753825
1031.38903808594 2.32426564867832
1049.45434570313 9.29882220308153
1066.47961425781 10.499493041875
1162.56665039063 2.15282489322209
1179.55407714844 8.8235134468139
1250.59619140625 25.8278130592521
1330.5869140625 2.41775019154186
1347.60766601563 9.47524973645272
1364.5966796875 3.89302866689958
1365.60791015625 6.32776618908044
1421.59826660156 3.08659468693109
1497.64086914063 5.62268316584072
1505.62451171875 7.92192095901907
1531.81994628906 10.3781540581085
1532.90808105469 20.0466994779709
1533.7783203125 20.0656847781791
1535.29577636719 13.7059023588021
1537.10095214844 9.87231600486564
1550.06323242188 100
1554.06896972656 25.7195859184698
1556.97412109375 8.75903561227051
1558.13110351563 8.40464531864589
1562.30053710938 14.4863844805937
1564.15661621094 21.5881361778553
1565.30859375 24.3928510934532
1566.40625 29.8600318174924
1568.20239257813 23.0788013770906
1570.75073242188 13.6857715692204
