1537.74 80 1
70.063 2.579
112.083 5.647
129.108 2.873
158.086 1.136
175.113 9.327
211.156 .578
216.099 .351
233.12 .424
262.145 1.116
269.127 .313
295.127 .439
301.148 .748
302.153 .468
313.159 .83
319.169 79.837
329.154 .471
335.159 .56
389.181 1.845
399.16 .503
416.186 2.508
417.173 2.414
426.214 .445
434.199 1.561
472.223 .668
474.201 .467
476.22 .538
482.275 .815
490.223 1.714
491.218 2.032
515.224 .589
531.229 2.038
548.243 3.638
573.274 .722
586.272 1.16
591.277 .653
602.26 2.942
604.269 1.388
619.285 4.498
660.343 .602
666.378 1.736
687.335 .78
705.339 1.01
715.352 .683
732.375 3.946
788.375 .922
806.385 .794
816.384 .649
833.413 3.429
858.496 3.795
901.463 1.158
934.475 2.606
990.488 .546
1005.516 1.135
1045.515 .515
1062.522 2.803
1322.619 6.058
1395.721 3.876
1493.814 2.388
1520.339 4.005
1521.443 3.474
1524.645 17.982
1538.96 100
1541.597 2.226
1543.224 2.266
