2623.4875 80 1
70.0724639892578 1.34691536771399
70.4666290283203 1.03029988662352
72.6826629638672 1.08262047519075
81.9356002807617 1.19351662495431
88.6458892822266 100
95.6123657226563 1.14567285241766
95.9544982910156 1.02036644297793
97.3470001220703 1.20997448975188
110.091842651367 1.40587698538319
175.129241943359 3.80888182227988
178.444122314453 1.0174621956109
282.5546875 1.01717786426673
341.204772949219 1.30489848607653
374.189971923828 1.23459895038279
529.281494140625 1.44193728248288
571.9560546875 1.30747347462478
573.744384765625 1.59169772503096
605.346496582031 2.19671794206578
613.286987304688 1.54752097648355
615.338195800781 2.80941175599987
615.559448242188 2.34785343726681
623.34228515625 1.4874034417121
627.213500976563 1.51859784186549
689.293701171875 2.2143035464084
704.400268554688 2.8548375062957
705.344543457031 4.67029188456142
721.824584960938 1.88351093724847
724.169372558594 1.73850562353505
763.793701171875 2.03469102696565
778.508239746094 2.21843827671199
782.246948242188 1.65678335391977
811.259887695313 2.04580961219319
817.454467773438 7.28392900223948
829.429260253906 2.28031982029806
835.478942871094 1.94694203406128
895.449768066406 3.71503249108029
900.51318359375 2.45348814893147
918.515747070313 10.5141577102698
922.47802734375 7.67318883550225
971.489624023438 2.25099031789868
999.413146972656 2.6663116368638
1007.53387451172 2.37622374958946
1015.54559326172 8.10111406312916
1032.55249023438 23.2800952630037
1035.53698730469 6.27011056904464
1086.42895507813 3.1491328554862
1112.57385253906 2.77464511585592
1126.50207519531 2.54002499774499
1129.53051757813 4.58482638983297
1144.62622070313 2.35867348436099
1146.61022949219 4.64513773171076
1147.546875 7.54688904663196
1154.42175292969 2.79304445042185
1172.61767578125 7.45783283356186
1207.59985351563 6.30113896538673
1216.57653808594 12.7974808259091
1243.58728027344 5.85041749044802
1260.56982421875 8.51565055097863
1289.60229492188 2.34315887146702
1293.63342285156 5.38346978864155
1312.54858398438 2.6741669612211
1329.63049316406 2.53574562017519
1331.662109375 3.25903955725771
1332.54614257813 2.86352651140951
1380.71044921875 3.8831633657149
1451.72216796875 6.13452948328031
1572.73388671875 3.19482218622832
1588.79895019531 6.24604935610185
1591.75659179688 3.32246249448115
1701.87353515625 4.26598060299716
1706.82165527344 3.07604899141541
1838.9150390625 4.69834319065678
1892.80187988281 4.48038521030323
1975.87915039063 4.2362917819529
2022.00537109375 5.49732419416165
2040.08679199219 5.37447427967954
2049.0244140625 6.80047368237063
2049.51928710938 5.75886177261779
2066.02221679688 57.9685830183867
2074.88989257813 6.92061617766315
2076.01025390625 5.63141184579245
2089.05883789063 6.35950400917715
2105.96435546875 7.56039833254138
2181.92456054688 5.29846186480362
2194.09790039063 5.40245490080313
2449.01123046875 11.3528731896771
2450.90747070313 13.2765963231838
2495.12475585938 10.3520143423193
2606.56860351563 18.6150059191415
2623.8125 27.5562719809897
2626.62890625 28.7396427971838
2637.74438476563 13.7356312463343
