1549.8599 80 1
70.0754776000977 .83528996253102
73.1429214477539 .821000390139588
86.1154861450195 1.29676352500855
101.084022521973 1.02860911865532
112.09839630127 10.009697963232
129.122802734375 3.49416278442369
157.116760253906 .968357015760427
158.103851318359 3.30303955545891
159.10285949707 3.4945490798714
173.104095458984 .777829814497234
175.127502441406 30.6638962955828
185.113189697266 .783526830173965
186.108779907227 1.65737302676604
216.117919921875 .743346418123386
226.109512329102 .653093447824365
230.125366210938 .756984441105489
242.162521362305 .673805953499811
243.117660522461 1.84511771826217
244.123336791992 2.29411606896315
262.150817871094 .788382732736626
283.112762451172 3.1630303724122
287.138122558594 1.00003506070073
300.127685546875 3.33686783985599
305.171142578125 2.59965982712025
311.14892578125 .743329385491656
312.1435546875 .705009696692021
315.151763916016 3.99803704250456
322.188323974609 3.44096235791121
326.147796630859 1.71114411874156
327.137145996094 1.44302645037186
330.144592285156 .990832975631647
339.194976806641 .967478258130825
341.163879394531 1.028210041186
343.179504394531 1.25388361164775
354.145233154297 10.513000252859
356.187530517578 2.79055961859292
357.186706542969 2.05089538881305
358.191009521484 1.33813652001467
359.182495117188 1.23432795758412
362.185546875 3.01337039122124
368.187072753906 .809710356120139
371.170074462891 9.13590319028276
373.212371826172 1.16030161355664
374.159484863281 1.02781509515082
379.213836669922 7.15026085442919
383.170593261719 1.42537990659796
389.191436767578 .904088812481115
397.182647705078 1.00288088588768
398.179016113281 1.5893041090649
398.511199951172 1.06958503834866
400.242523193359 1.10661121802387
413.203002929688 1.21089879799623
416.201049804688 2.3124520601095
422.199432373047 1.45826314132672
423.185760498047 1.09121248586617
427.205932617188 1.37372253259872
428.222473144531 2.09678921515586
429.180755615234 1.29417350988095
439.233856201172 2.76176835326944
440.229095458984 1.69311799786746
443.191528320313 1.26304846733099
445.210845947266 1.3781569597575
449.222045898438 4.22939003191166
456.251129150391 3.18244086694848
466.241271972656 6.01483111632866
467.231689453125 10.4675525959786
469.220977783203 2.31954663507936
470.237731933594 1.36117376540443
484.233001708984 3.84738568237848
486.251678466797 1.13932194313129
487.241516113281 1.79294081959843
488.210174560547 1.87620645504015
495.217712402344 1.17364550385252
496.235198974609 2.49874076429976
506.234802246094 4.27366759037229
507.831359863281 1.12462223691719
510.238128662109 1.16342129760856
512.239562988281 1.418565868718
516.237243652344 1.17013189073382
523.259887695313 9.38869759826233
524.248962402344 18.4306434464848
526.267639160156 1.99918984229179
538.245788574219 1.89422431304598
541.265502929688 3.65870402611282
542.255981445313 2.87649187866322
544.252624511719 1.99248796967059
545.247863769531 1.82509509773229
563.244201660156 7.78737188028671
580.276611328125 11.5200388742274
583.2578125 1.83066961003086
599.257934570313 1.25776529105554
600.283203125 1.47057576845794
601.301635742188 1.64071153129895
609.298156738281 1.90782573152164
614.285095214844 1.27440365684752
616.28759765625 1.23308069668681
625.301940917969 1.54668223872414
634.286865234375 5.53727945819829
649.288879394531 1.34790778124424
651.304565429688 14.2777267180542
653.301452636719 2.82142262652185
657.307678222656 1.0498498321575
661.308410644531 1.26122051747583
667.333618164063 1.37306498625384
670.29736328125 1.47163074605453
681.318115234375 1.67344573566437
682.330688476563 2.28535747944463
683.320495605469 2.34037241911725
688.309387207031 1.55882020153222
699.349060058594 1.74317214024824
710.330627441406 7.24802553550709
717.327270507813 1.44352303604282
727.356872558594 2.57721876674438
734.3349609375 1.29618101821968
735.331481933594 3.9878883588766
752.350036621094 8.31272720599566
762.334716796875 1.50570106893142
771.356201171875 1.41614100925897
780.391296386719 1.70342324378099
781.345031738281 5.06982779633361
798.363647460938 4.95496574077524
806.362182617188 5.71593289074326
823.3876953125 7.65337220823868
849.368408203125 1.19902189097708
864.591735839844 1.48751739422756
882.3916015625 2.35800273588908
899.400512695313 1.52626373781936
953.439697265625 1.34911048621341
974.427917480469 1.16080859772952
992.434875488281 1.82542690909783
1009.48559570313 4.71825002273941
1024.48596191406 1.25528615090802
1031.42578125 1.1960173595286
1049.46362304688 4.01911521267575
1052.45532226563 1.01295069090393
1066.4931640625 5.17620386075376
1179.55517578125 4.05439649067798
1250.59509277344 10.158631409484
1347.60522460938 4.14059259684427
1364.61462402344 2.21589599512962
1365.59228515625 3.00829705366355
1422.53161621094 1.89578177473027
1497.62097167969 2.99649343192991
1505.6474609375 3.38598287229952
1520.61901855469 2.53502886644471
1531.87023925781 8.18809505872138
1534.70739746094 13.0000136680553
1540.96398925781 4.77002947743933
1550.0966796875 100
1552.97583007813 41.994662705751
1554.55786132813 13.791164440211
1555.88256835938 8.74978847057227
1563.18212890625 5.3148884011418
1565.21301269531 6.30055248232224
1566.36059570313 7.2245736339633
1568.16625976563 6.53301844194908
1570.5205078125 4.54298853575588
