2495.3948 80 1
70.0800018310547 1.20545953866074
84.3108367919922 100
110.095283508301 3.67950941072752
175.137893676758 3.39875611470827
175.206985473633 3.41580768083397
200.15705871582 1.44597609173792
209.117919921875 2.05487509431394
210.098526000977 1.32322528790573
228.149642944336 1.03876322487845
251.190765380859 1.60472871613751
259.110076904297 .947975748894731
279.141723632813 1.02687956273192
295.568267822266 .974845479233253
322.185546875 1.28015221491798
350.203002929688 1.72295965582154
365.189331054688 1.89265995656269
388.307342529297 1.33214357724027
459.248657226563 1.75416263011511
497.347076416016 1.48019535054289
504.317596435547 2.68834832219312
526.2646484375 1.42158842610677
546.291381835938 1.89921665349509
557.254760742188 1.52709671467991
558.214416503906 1.47887331068862
558.61083984375 1.44511495709214
569.252502441406 1.64759375790971
602.702270507813 2.16275193521643
605.3212890625 5.39542724083543
615.401000976563 5.20036738619308
622.666809082031 1.71320246998545
623.359069824219 2.26055406966168
632.755676269531 1.63793746243872
657.308959960938 2.20288394470317
661.339660644531 2.14750677616899
664.724365234375 1.70799536850319
681.627624511719 1.91960490623046
686.349609375 1.73797596323712
689.315551757813 3.00269059004414
704.402709960938 5.15399337775797
714.11328125 1.72851023895778
719.889892578125 2.03606942815712
728.378967285156 2.1428882626178
731.496032714844 1.97712934532861
748.388977050781 2.27536425679462
749.349670410156 2.68366981877659
766.344604492188 2.70762839648967
768.771789550781 2.02483022500949
769.098388671875 2.11717033634879
775.391662597656 2.29523209190045
777.349182128906 4.32023605955657
794.3876953125 9.45444635193104
798.277038574219 2.03940199933158
817.485290527344 7.8273458273399
874.461181640625 2.15074842110602
886.412231445313 2.22987224933778
900.523315429688 3.53009355893783
907.476318359375 3.56579248481806
908.481140136719 4.1476403551267
918.5185546875 11.7731502570123
984.524841308594 2.24948648083512
998.499633789063 3.13144095199801
1015.53515625 7.21631613214971
1018.58837890625 3.03531969040772
1027.45520019531 3.05732699368811
1032.56848144531 28.2548547847218
1044.51782226563 4.96789743191506
1062.55053710938 3.45948110974564
1079.52844238281 6.43267938145996
1087.541015625 2.68290746802519
1098.36120605469 3.18122141779134
1115.47241210938 3.16257069575313
1129.5576171875 7.57563024872386
1146.576171875 5.84729164510143
1148.57788085938 3.8112586943599
1293.66784667969 4.65635522011228
1380.63354492188 4.9005689117394
1451.7138671875 5.87824902474622
1566.25183105469 2.76622563754881
1566.59191894531 2.74042392989517
1571.69763183594 3.76899669833857
1588.76977539063 7.62758324738942
1701.80395507813 4.23225375701685
1702.91003417969 3.85413111970704
1838.92126464844 4.32861400973079
1891.93579101563 3.65586246963917
2022.06433105469 4.9782011905854
2025.21044921875 4.41638446150069
2040.02514648438 5.72354825478089
2049.05151367188 4.7846346807883
2056.98364257813 4.05572063011533
2066.02612304688 54.3480540345863
2074.037109375 5.08658227989525
2088.11499023438 4.43729668243717
2089.92626953125 4.93932200161892
2105.98388671875 7.81429026811661
2303.86596679688 5.19982087387993
2321.8681640625 7.84463151600247
2451.236328125 5.64255648967961
2452.00659179688 6.27056329658579
2459.32080078125 4.8620896462424
2463.11059570313 10.1956426903785
2477.50732421875 11.0331024477701
2478.51196289063 21.7130551495088
2480.40380859375 30.1622749783312
2483.1728515625 16.6309253939443
2483.63720703125 17.0035783219677
2485.47119140625 10.4817875562116
2485.97631835938 10.5767373712711
2495.57690429688 13.3005998753056
2496.68725585938 18.9496117344557
