1940.0449 80 1
84.1263656616211 1.99821972588502
86.4459381103516 1.65616170777329
110.123329162598 1.404299711487
191.954345703125 1.11771767700764
229.791198730469 1.2092700164141
239.146484375 1.49216858203264
240.270584106445 1.35384406281514
248.184280395508 2.49354404007713
257.17626953125 1.55608355196513
266.152587890625 3.73122176597848
294.174591064453 1.2739517040937
297.180450439453 1.31378193436883
353.233428955078 1.59858912072406
365.180603027344 1.71973989159981
394.217529296875 7.13132458568528
396.244506835938 2.22045299206054
478.289581298828 1.95342859588168
494.295959472656 1.86271603172166
495.248870849609 2.4803526852511
522.311767578125 9.72667337750664
524.277648925781 5.40812946523882
545.29052734375 1.76744874515549
590.351745605469 2.23668491869216
592.343933105469 1.86574775948233
619.333740234375 2.37804871493623
690.441589355469 4.61999345123964
699.395141601563 35.1855604379456
703.411499023438 3.26793285441352
706.328796386719 2.60599038005763
707.420593261719 2.74994331446659
711.368713378906 3.16543751955322
712.382751464844 2.91310004276294
713.412231445313 2.7056851783466
718.4306640625 26.6536942652916
720.41357421875 10.9377084214982
733.484375 2.26086682907635
758.443298339844 3.50328852978718
809.4345703125 2.25685282995083
809.679748535156 3.03605366609922
810.415161132813 3.42739319991824
827.427612304688 6.29389264005016
848.488647460938 6.72780249241358
858.541381835938 2.96929943270104
886.509033203125 13.9218333447381
890.340209960938 3.1333722252732
941.50048828125 9.80772940396524
971.604431152344 4.27025554623606
985.563537597656 3.14012899974074
999.596069335938 19.9640324736522
1016.6103515625 3.97775008062605
1054.57897949219 8.80075226872847
1096.67651367188 4.89993160758403
1113.64001464844 31.4390955508649
1125.62939453125 5.15225649413824
1130.64001464844 7.65912947150057
1205.63464355469 5.48762319725849
1218.60998535156 4.21225248037965
1220.80444335938 5.11409182640869
1222.65893554688 100
1241.69506835938 67.2083488675032
1321.73315429688 6.59029150072577
1338.75183105469 3.8512267461417
1339.76245117188 5.35279459762046
1395.7509765625 6.71655496927057
1401.71044921875 3.7801685806345
1418.75390625 60.0629973286267
1452.81213378906 3.26205991018367
1538.87609863281 4.95184533317386
1546.8603515625 25.7787440229447
1565.85913085938 9.60886695038642
1657.83703613281 7.61513229565217
1660.32189941406 4.86283093398655
1664.88439941406 8.49497006330508
1674.89221191406 17.8790768995982
1793.849609375 6.9148873760781
1811.84875488281 20.1690238801508
1923.14465332031 13.0685114376934
1925.72021484375 14.6138865063125
1940.55383300781 27.0216335776945
1942.40405273438 27.7318404294568
1953.51940917969 10.3668428480303
1955.49243164063 16.1647119986404
1960.51916503906 16.0612898620483
1962.74072265625 34.3383003936815
1963.88610839844 43.7462760638776
1969.53601074219 20.1243408073112
1970.15942382813 16.0279843753411
1972.40356445313 15.1739383455282
