1244.6564 80 1
70.0738067626953 1.30769316763535
72.0884780883789 1.48008817793262
86.1104965209961 1.81557550506847
112.107940673828 3.51414708324928
129.124298095703 1.50946789205155
157.113662719727 1.09807994147908
158.117660522461 1.23106022284685
174.150405883789 5.50812614892171
175.135818481445 8.26560431058771
185.18635559082 1.25698366388997
186.136154174805 1.11907930368993
204.149978637695 4.40080763852831
212.1240234375 1.24430110932063
213.17024230957 2.19851651575935
255.130935668945 1.56468338678658
272.140930175781 11.29488725124
288.205047607422 2.62609243288577
289.173980712891 6.97051437031479
290.159851074219 6.06041314102397
297.201690673828 1.27989052850618
302.179718017578 1.10506498541433
303.21533203125 1.54930020396659
305.199951171875 8.04885183128732
315.200439453125 1.9279871781316
326.278900146484 1.44790093823446
344.165191650391 1.47795755794544
360.126342773438 1.41999169730281
370.152679443359 3.20737494287382
387.174255371094 52.3208570281885
400.266296386719 1.72495585214519
405.181488037109 1.96176707874247
418.273345947266 10.5406055648004
457.200775146484 2.73183078201192
459.177124023438 3.37072403494556
488.231109619141 2.26143796108621
499.192962646484 10.9280521909166
516.213928222656 21.4570454027138
517.340209960938 11.0717540188337
519.302856445313 2.42136503340324
524.282897949219 2.06822132751282
527.316711425781 1.8130514290306
556.246520996094 4.48322092591256
570.276733398438 4.33413860220209
572.260681152344 2.58017605143396
573.291442871094 2.79344119971331
587.272399902344 4.4171235355569
598.254211425781 20.4582810386779
615.281127929688 7.40603645456985
630.424987792969 6.21219947922156
632.437316894531 2.15276090050157
669.321105957031 2.39416030512604
683.363159179688 4.24314451772029
684.32080078125 4.13631124442341
686.321716308594 2.78619920969388
699.440368652344 3.93224348380532
700.390625 6.02437538412974
711.348022460938 17.3748942893318
728.358520507813 8.85695273479412
730.354431152344 2.64704311486897
751.211608886719 2.16001291378096
782.444091796875 3.29575938420054
785.458190917969 2.41410935067488
795.815795898438 2.2738703620539
799.466064453125 4.5301870406702
800.433776855469 3.53579247319316
810.387451171875 14.7756694140795
827.432800292969 9.11532794621053
858.554443359375 4.2351140640875
912.497985839844 3.62519098767728
923.495239257813 3.3407801245763
940.518920898438 6.56532343411816
973.557556152344 4.37762236062791
1041.54528808594 4.10154718035837
1098.57568359375 5.08125922351709
1116.54614257813 100
1120.73840332031 9.7567580689991
1168.701171875 7.32914007289754
1211.44567871094 5.10544571918989
1227.79553222656 7.70503665276147
1244.9677734375 55.43707761293
1247.98229980469 20.0264603817839
1249.13464355469 12.5948945117251
1249.80969238281 11.105946978726
1252.05041503906 10.9327257390436
1253.02392578125 15.9643218520606
1255.10205078125 25.0143600068433
1255.2587890625 24.0198469334034
1256.17004394531 26.929301308781
1259.30639648438 25.5850149799024
1259.56298828125 24.6895642226625
1260.12854003906 21.2615446972299
1261.02954101563 17.9169695250893
1263.31787109375 11.1555043401395
1263.59912109375 10.8249030443908
1264.84155273438 8.54765207317582
1265.18200683594 6.99583786568566
1265.65051269531 6.75030040621283
