1866.05 80 1
129.096 4.544
230.144 4.678
267.106 10.839
315.189 4.019
366.182 16.886
416.256 5.949
449.217 5.964
467.229 9.538
516.264 6.466
572.336 9.761
595.316 12.571
643.38 12.372
756.462 12.025
791.452 11.615
890.508 23.406
919.531 14.188
947.535 9.382
976.555 42.3
1075.627 25.606
1110.602 14.865
1223.682 25.964
1271.75 100
1294.722 23.694
1351.76 10.798
1399.845 16.832
1450.801 30.161
1500.887 16.733
1551.853 14.227
1599.945 11.556
1622.856 39.845
1848.927 22.332
1867.371 33.99
1869.481 29.863
