1000.5871 80 1
70.0826110839844 1.27583229709807
73.1761856079102 .549232202628222
86.1045455932617 3.23431152478962
101.08381652832 .690703971406833
112.095520019531 4.8021924946162
115.09602355957 .695003384093591
129.119995117188 1.12421184944768
130.108764648438 .513031949227054
143.09846496582 .551521042864703
157.122207641602 1.14060076479967
158.102767944336 1.59690531574947
175.125610351563 20.7225969050028
185.127212524414 .948355167384888
201.093811035156 1.15664815963166
211.173004150391 .506276001636682
225.180587768555 .801081231374552
228.183334350586 .522860875943622
240.08918762207 .540847259909718
243.142440795898 3.90793447360269
253.185607910156 .560689230625134
256.170867919922 4.29806278479363
258.110534667969 1.57176751217927
268.127319335938 .589734416171371
269.14208984375 1.0534376654473
272.127990722656 1.12077462482425
286.155456542969 5.93583383296181
303.180755615234 19.0186402805032
314.170684814453 2.43028003478401
316.202545166016 .591213418461549
324.217987060547 .672275875208393
327.204528808594 1.25560598719594
329.159545898438 1.25881840021276
355.231231689453 .746178653750606
356.223266601563 2.09361910778291
357.222198486328 1.61196830084843
380.149810791016 .69845282456363
385.210296630859 13.7889267225679
397.185729980469 1.06424853169049
398.174987792969 1.79839457477205
415.206237792969 1.58758410862154
427.255767822266 1.61373749884402
432.218719482422 1.89578052239201
442.226806640625 1.66174879224653
453.261352539063 .771636058489706
456.252349853516 2.4545425460829
468.215393066406 .852257686098608
469.212524414063 1.4936270287078
470.295867919922 2.45731184585479
473.259674072266 .774387524319388
476.283447265625 .755564086245134
480.280212402344 .844428729432534
486.230346679688 3.68640155247712
490.235778808594 .892029736824941
491.223266601563 .764652562007326
498.296569824219 6.14188118286027
503.263519287109 3.712109894723
511.291198730469 .70857966484444
516.300354003906 1.22051548148491
555.2841796875 .830913726303749
569.322998046875 2.72847441953432
573.347229003906 1.83819481078173
585.277221679688 1.44344180268031
599.310791015625 1.94830070619821
616.325256347656 9.97901623316812
831.446716308594 21.5205758661247
833.028381347656 3.58770124085844
849.460998535156 65.0750201833455
851.072021484375 5.77385909467473
851.62841796875 5.03459794058414
854.502990722656 8.46385562691646
945.498413085938 7.49965536354373
949.477661132813 3.62106733532971
963.481140136719 13.3609216884037
963.729064941406 9.13577559050185
964.993713378906 8.46610421349799
988.648254394531 20.1913573698295
990.344482421875 14.6959430032786
991.580505371094 7.86645767890385
1000.78649902344 16.2837956990053
1005.88916015625 100
