1163.6437 80 1
70.0714263916016 1.91917625744994
86.1053314208984 3.18999306863027
101.082725524902 5.14418820153872
110.085754394531 6.04223935402109
112.094299316406 7.89834972038035
129.116836547852 2.99808099244359
158.096160888672 2.08385874533983
172.118179321289 3.25588976958029
175.122619628906 27.7527151092724
195.085983276367 3.29681175588644
200.112762451172 3.99506444850888
238.124694824219 1.37418412986238
243.145629882813 4.92552443106478
246.155456542969 5.72938854904872
255.143646240234 2.70269661727681
258.111785888672 .970912157002274
266.138549804688 3.17871988016575
268.160949707031 1.05542567244623
283.147979736328 14.8367924038763
286.150909423828 2.59023144126729
288.192901611328 4.75403700834238
299.139892578125 1.51109842706072
300.157501220703 .970391308119721
303.179534912109 25.6126734889911
311.139862060547 .944539308872065
313.173217773438 2.35271060378758
317.140625 1.29417967206595
323.160095214844 1.52479225974392
326.196228027344 1.98313874819068
329.159210205078 1.90102150711571
341.207946777344 1.39624930288321
354.179077148438 4.27135772953539
357.154327392578 2.33773351762692
371.192108154297 12.3777057812168
380.201019287109 3.78863229205799
392.206390380859 8.25081804715138
394.192657470703 1.77544200516816
398.2275390625 2.14864685858663
420.201232910156 10.8639709633617
423.213684082031 40.814526375041
440.232086181641 33.8252541290648
442.231384277344 14.1140113231819
450.210327148438 1.95445239622351
463.223937988281 2.52103235178117
477.219512939453 7.97305616754857
480.195098876953 2.9509358107901
491.231079101563 3.80336547905191
520.2705078125 3.13139526855984
525.285339355469 2.14076480661351
531.223266601563 1.82822104490945
533.258117675781 3.83677009271441
534.248962402344 3.74277624097033
539.267822265625 2.23525814628439
548.249694824219 12.358681360199
550.277465820313 3.94735526934966
551.271423339844 5.16994843009784
565.269470214844 6.64571991432372
566.267517089844 8.29936156065447
568.287963867188 10.9508924358483
578.282958984375 3.21034746459404
596.290283203125 2.27144973613781
608.284301757813 3.5817681926785
613.304565429688 1.96906857656984
619.270263671875 4.15229972899364
625.31103515625 5.01658698119699
635.288940429688 5.62718688210673
637.29833984375 3.09168678105846
662.339416503906 4.79731632062115
680.340270996094 6.80952922096154
686.41845703125 2.36918912917761
687.309753417969 2.93117222366449
688.304382324219 4.6481650812702
689.400939941406 2.68319710701376
705.331848144531 62.0216254531451
707.126098632813 2.99855358600217
722.356018066406 61.5498679357538
726.37255859375 3.56719984094447
736.705627441406 2.0710133077268
751.360900878906 2.45211774289528
752.359741210938 2.59654598059148
758.360900878906 2.25204947670361
776.356567382813 12.2046543333484
793.386962890625 26.3051125556638
833.418151855469 3.96149670643319
861.393432617188 6.15593329819367
903.436584472656 2.9119885031058
904.018371582031 2.87847276911026
905.428833007813 3.06221324754069
918.423400878906 5.53412613115997
921.443054199219 67.7130596687211
961.45556640625 3.34464020672495
989.450988769531 11.4145369510691
1006.47015380859 3.91868825318772
1007.45727539063 14.8634846814461
1012.4833984375 6.92495154577765
1033.45166015625 2.8351191951609
1050.48254394531 3.48780356953082
1121.4453125 4.12882392560079
1145.55639648438 3.97597940214164
1146.65673828125 7.98397267925742
1147.35656738281 7.21652332825212
1153.61071777344 4.8290961453953
1163.84655761719 100
1168.94018554688 15.7621370683708
1169.94946289063 20.8900817357917
1170.98742675781 20.9560001921175
1171.97839355469 18.0686098963398
1172.23083496094 13.2366641104143
1173.38500976563 9.83019342823766
1173.85607910156 9.224644225096
1176.01818847656 5.71900180103659
