2188.1785 80 1
70.0775527954102 2.54114365346586
72.0956039428711 .61968472325965
73.8794326782227 13.349794050622
86.1093826293945 2.11506336039272
112.099586486816 10.6831145677814
129.125381469727 4.25777747937818
158.109893798828 1.59736280896888
169.146286010742 1.0660997615438
173.126174926758 .628740557647005
175.129455566406 34.1362788762432
197.133987426758 2.37784533964358
201.136749267578 2.540960283901
229.137588500977 .902566669125579
231.095748901367 .86283216253875
233.18489074707 .96631585301277
243.144577026367 1.11146309843184
244.133255004883 .958492942279851
254.12939453125 1.09882118695012
255.125610351563 1.86358348376787
261.168487548828 2.47794332705194
270.185180664063 .658049615845213
272.143157958984 10.1033771489344
280.173248291016 2.2365744368021
289.174072265625 6.90973478679039
296.208312988281 .74396617691997
298.182342529297 9.27943219823795
300.184936523438 .898223892497384
302.107879638672 .609086926949454
314.211608886719 1.64116187807857
316.183471679688 .531782392686823
325.200653076172 .799865872561673
326.160919189453 .819037776801349
341.161590576172 1.37335419024467
342.204681396484 2.53737372810954
343.180999755859 2.66000744922407
346.138031005859 1.68646459905434
353.217224121094 .928888970949796
358.164611816406 .995887272940623
360.202056884766 41.7464118672232
362.206848144531 3.15588067790651
369.249572753906 2.10770860827027
370.205993652344 1.39666843903288
379.236328125 3.74546490663679
385.171173095703 .888324650993182
397.250427246094 11.0950446712924
401.176788330078 .864357245030577
403.158111572266 2.29652650337339
411.251007080078 1.44417119468198
413.251190185547 .865333429860006
425.236633300781 .818781452370839
429.216827392578 .796814485828728
443.253692626953 3.61933593941479
454.222595214844 1.37005279502492
455.209686279297 1.24183373627644
456.227111816406 .854352461534862
470.209625244141 1.76351165322594
472.223999023438 2.73968933792247
473.229400634766 1.97611792157956
474.228759765625 1.57398821576824
480.281097412109 .897906180523476
482.326690673828 1.93615860329891
484.201507568359 1.08391446664838
489.242309570313 11.2177581133344
491.252532958984 1.83686285148518
492.292419433594 1.04744656489848
493.198638916016 2.23973869602231
498.251403808594 1.37352833595961
499.248077392578 1.48505506995354
502.218566894531 2.64995632499203
510.332244873047 8.52928037609745
516.232482910156 1.16080579422595
526.2880859375 1.00791625923781
542.29345703125 2.90655311271289
550.215393066406 2.59282179805226
554.249938964844 1.1347131517967
570.323364257813 1.15952600112498
571.256408691406 3.79388330265038
579.332214355469 2.03347653591588
588.302001953125 43.0771055300935
597.34375 1.41968628144012
598.312744140625 1.61153672976078
606.27490234375 2.69821184967888
611.368591308594 1.36298305343479
615.303100585938 1.36940976908151
621.314758300781 2.61102476222147
623.356323242188 1.31352858544224
631.304931640625 1.03948018793285
639.367736816406 11.9448993092477
645.279724121094 2.32541638724855
649.278747558594 2.87802516670708
660.310791015625 .981040075407041
663.294494628906 4.13507749801255
666.303344726563 1.00358739429728
674.332580566406 1.1006540180861
675.294921875 1.19271972908673
684.31982421875 1.37393855793257
700.310546875 1.4788176897235
710.434692382813 1.73096170854927
717.353698730469 8.86103033511298
727.337158203125 1.1580465127449
734.362487792969 4.2261218551836
736.335510253906 1.86662274946178
738.422119140625 4.76602804294555
744.347290039063 1.50799592072115
762.355102539063 4.51190967726312
770.354370117188 .869304186507913
788.399047851563 1.00256894122917
804.416870117188 1.05738940356165
813.378662109375 2.15142785642618
821.408020019531 1.17663727871585
830.426086425781 9.78716191079116
831.399291992188 11.3327484422699
839.437194824219 1.18447807985946
840.387390136719 1.53299525471775
845.388000488281 1.27868661051393
849.393859863281 5.35583181502238
867.456970214844 3.09102190899247
916.46533203125 1.13018084059241
917.438781738281 1.09148992670881
926.450500488281 .930626019799136
929.48291015625 7.46604836736662
938.506958007813 1.0857972037423
944.450012207031 2.31586613735804
962.470397949219 2.06271631164105
1012.50219726563 .842921417917726
1013.52496337891 1.37101576209885
1030.52551269531 5.42336625775536
1053.54455566406 1.03085822458372
1129.59594726563 1.61770169098013
1184.658203125 1.33637709768438
1191.57397460938 .825770229849961
1209.61608886719 4.16633195975523
1212.51721191406 .997712194857497
1226.64233398438 23.7084207193206
1339.71704101563 7.84229159201088
1364.55004882813 1.03801957593659
1426.75524902344 4.8207018239156
1525.81262207031 2.74613100035001
1538.841796875 2.23380982535045
1564.83483886719 1.95566903926359
1582.833984375 100
1679.84887695313 1.830109564396
1680.83752441406 4.17306718496013
1697.85083007813 10.0341903010004
1826.90319824219 1.93956235395938
1927.89526367188 2.00133977113151
2144.0556640625 2.76686438592227
2171.38525390625 4.10836980126843
2172.27270507813 4.70445039249983
2188.54467773438 23.7161255990693
2191.4267578125 22.8658393049428
2194.6337890625 8.03010318009149
2195.18212890625 7.45804238000288
2201.60986328125 4.80008612638044
2210.810546875 15.3208817660093
2217.8896484375 4.52435934542195
