1115.6768 80 1
70.0852966308594 2.52649197431464
72.0977630615234 8.62996254347225
101.08829498291 5.92215337185373
110.096015930176 2.28216782412535
112.105697631836 7.06138920565127
158.107681274414 5.15598795175146
173.141189575195 2.67615383901075
175.132934570313 79.250878865544
183.126663208008 1.89126117901132
187.112609863281 2.14488698375904
199.154525756836 3.88729205294222
201.140243530273 9.98460489190834
215.112823486328 3.15238091654863
216.106002807617 4.3958354857627
228.148742675781 5.88367014370523
257.174102783203 11.1736385034983
274.192718505859 17.0843899509972
276.179504394531 1.89458928804008
282.194091796875 11.0080594181738
297.177429199219 3.62638133595895
300.194244384766 3.86205506794593
311.198425292969 3.53783836679641
312.185791015625 2.9977986107617
314.169555664063 2.06939434852119
315.185394287109 4.66231798259086
316.181243896484 9.54122978409134
329.188507080078 5.85933872232503
356.235992431641 3.15312239475835
357.260833740234 2.87734100811651
369.213989257813 2.15172415362869
373.265625 100
383.246826171875 2.89724076309459
387.249786376953 3.52897757931273
388.268798828125 2.1085329747712
399.232879638672 3.61777731865786
415.232238769531 5.91792447899907
426.201568603516 2.78463794655287
427.202484130859 3.29500211007074
428.251953125 8.38688840898641
444.215179443359 9.19487958974909
462.23095703125 5.4164066319398
471.260650634766 20.0596125777524
475.251983642578 3.25344328624687
480.249938964844 3.04394160079704
481.259094238281 4.12376790466982
488.289703369141 15.7792814276859
497.292236328125 11.4291768679653
511.062286376953 2.25519551563903
511.292999267578 5.10998663659896
514.2998046875 2.68790331664806
515.294067382813 13.124224960861
519.27197265625 12.128216757837
543.282348632813 12.7298164520194
583.347595214844 3.69006553428066
584.33837890625 3.43948725354078
585.341857910156 2.54995443203299
601.382507324219 7.54742141385676
611.915283203125 2.60449807703372
615.418334960938 2.54764865320097
642.361633300781 2.96512759285296
643.328369140625 3.6989610200423
644.323791503906 4.33292592795936
645.323791503906 4.59340789008297
648.268127441406 5.01993293191502
649.312316894531 3.80179886054249
661.333312988281 3.61583487336442
685.112976074219 3.48106763944801
688.401184082031 8.43653696370396
697.735961914063 3.1001017291486
714.37939453125 3.36673084521793
723.506713867188 3.01121065082893
725.371887207031 6.6737819396259
743.41455078125 11.4484776241718
763.334411621094 5.19673847538681
766.396728515625 2.76233991447711
799.440979003906 4.54820463532364
808.103637695313 2.92812405353206
816.458068847656 5.48911912616887
817.44384765625 4.14188557686382
842.454956054688 4.34112994959744
951.608276367188 12.0020763028239
993.542236328125 5.18721727961604
1078.52197265625 11.0736461119588
1081.24450683594 7.91995298026406
1113.79821777344 7.9807438951525
1115.96166992188 77.9665835454692
1118.890625 20.7006991316823
1120.89770507813 26.7334931704924
1121.99816894531 37.7638859187794
1122.9521484375 91.8213959915344
1126.44055175781 31.3118037403609
1127.54931640625 15.2530086376536
1128.67541503906 10.0923385541057
