1423.7129 80 1
86.146110534668 .772723198530696
110.096580505371 5.32244247764824
112.094711303711 1.00597529529458
129.111267089844 .804585250823907
158.103668212891 1.07008429202028
175.130477905273 20.1569453883484
211.127044677734 .758798429977318
212.126983642578 .846338730716806
230.119735717773 1.45900932788183
260.147918701172 .780673507811166
262.185089111328 .980868572406984
268.174102783203 .891895844290803
294.213012695313 1.10719703553686
295.157165527344 2.60106621953125
309.124328613281 1.33100263008401
312.189666748047 13.6537576913036
318.212921142578 .827946055300041
345.155212402344 1.10515420466611
368.201080322266 1.20181789417726
382.203552246094 1.83640369531074
396.158874511719 1.91803702824354
399.217559814453 9.44619225078154
416.183654785156 1.37340613541179
491.261413574219 1.39720177284942
512.308227539063 14.2240407934301
517.195617675781 1.47788244016113
522.245788574219 1.38245406389164
568.967956542969 1.47239703177349
578.256103515625 1.51787266463999
583.350524902344 1.61678406715956
587.397155761719 1.50944384126991
596.293579101563 3.29503441638435
599.333984375 32.0040991344832
609.311645507813 2.55759307562303
611.296691894531 1.92705508965056
614.284912109375 2.60067810995193
626.278930664063 2.65536194296759
637.295776367188 1.56877616157321
639.341491699219 1.74351802707706
654.287780761719 3.04871730830024
668.371704101563 1.50732480877157
679.327758789063 4.09440497456695
679.508117675781 2.25150659667603
696.345275878906 14.1817856449887
711.340637207031 4.01283070921852
713.39208984375 8.73380863851717
728.33642578125 3.15910909019469
733.375427246094 2.01061698946819
751.315246582031 2.07340335342428
753.357421875 10.839691899542
770.400024414063 17.4218797560857
780.369262695313 2.3500323614477
797.3642578125 1.80876116821035
799.369506835938 2.11086199524514
825.350646972656 5.37142475055281
847.388000488281 2.30367595543992
890.437194824219 6.4713033021301
892.445617675781 2.58765461343567
894.371643066406 2.44367612884156
894.944519042969 2.7756593510716
907.435607910156 12.7514876923144
909.955627441406 2.35008995063334
912.388610839844 3.36703060630092
991.442687988281 2.72285388774883
1008.48272705078 6.37993173105328
1025.47326660156 3.07777859399821
1061.56140136719 2.45284977248835
1063.0625 3.34603235351459
1079.52172851563 100
1112.49877929688 4.36299249328119
1176.47766113281 4.13672676204525
1177.52880859375 7.52652176925157
1194.55200195313 9.07328419756219
1221.572265625 4.67508267260452
1222.52783203125 4.58037778237788
1249.48413085938 10.3924916283868
1267.50231933594 11.2999642920045
1322.49475097656 3.92144780659991
1379.60144042969 9.89591728302369
1382.09741210938 6.69850744910331
1406.70031738281 8.21117796826357
1418.78918457031 6.26467108218372
1420.08801269531 10.7831922510461
1422.46948242188 10.2003379398702
1423.99011230469 38.817158934183
1425.82702636719 24.6333200582584
1426.42370605469 17.7286815065623
1434.30883789063 6.70373328955477
1437.30041503906 52.6771302449479
1438.87670898438 35.92813712986
1439.82629394531 32.5744847844993
1440.5068359375 29.0626062413227
1441.18688964844 22.8188136359903
1442.01538085938 19.3427516523706
1443.22668457031 18.5094499630371
1444.79370117188 11.8722136473652
