1835.0402 80 1
70.0755081176758 3.17957280442359
72.0909805297852 1.59146453979258
86.1068954467773 1.99872243145248
101.080406188965 2.0818419500181
112.098571777344 8.18664757654332
129.119873046875 3.12139469910712
141.113128662109 .743404475334582
157.122116088867 .993827478731976
158.101470947266 2.02684419933941
169.108764648438 2.16387828482378
171.162719726563 1.61046844619973
175.12825012207 60.0150484341257
185.128311157227 .93028585444819
186.133483886719 2.37215487079722
199.153137207031 5.67405890490247
200.137329101563 2.31227481070541
201.114944458008 1.06417995877186
214.166168212891 1.06485859097098
221.11149597168 .919705192291047
228.145874023438 4.48812188471897
242.160354614258 2.18812504075531
254.166137695313 1.0002679979082
256.178680419922 1.46620726277885
257.171966552734 3.08997196727124
269.170623779297 2.36257682584119
270.183166503906 3.12013109997308
272.168975830078 .914606448569578
274.193908691406 70.810062776709
282.173645019531 .802471057717985
284.192352294922 1.08654040592259
286.149444580078 2.2639243122513
297.163482666016 29.8762612788492
299.179718017578 3.44584168351246
300.167053222656 4.26967300150605
313.223052978516 1.57036214461948
314.192810058594 1.90268765454247
315.148773193359 1.01146704523517
325.200256347656 1.31924768592158
327.212493896484 2.52941900473687
339.178527832031 1.34778819145767
341.222869873047 3.73748579154265
356.201385498047 3.13786315917083
357.187103271484 4.45968596838652
367.209167480469 1.12346110636754
368.210998535156 1.88169326606233
371.207794189453 3.40878794151152
382.247863769531 4.00980486943408
385.214080810547 23.1121251071151
393.219879150391 1.22823950462294
396.226715087891 3.14952475515728
399.227905273438 4.87274324920827
403.231994628906 7.24972071355336
410.242309570313 14.3945880445257
412.250671386719 2.5140936497486
413.238647460938 2.4622003072737
414.208618164063 1.84328285095895
424.259521484375 1.01936546434895
426.262908935547 2.17343260278292
427.250518798828 3.28503780734951
428.223297119141 8.85276019944213
439.250274658203 2.25189990116805
442.257171630859 1.31683610101622
452.262939453125 1.56649892851428
453.25537109375 3.22983689645219
456.246063232422 4.60534750062366
457.245910644531 3.90790251392743
470.291931152344 9.92053583301161
474.268768310547 16.6269465814663
479.260589599609 2.50703063138683
480.274566650391 1.90415613266176
481.287322998047 1.90906392792625
482.277526855469 1.63915924108977
484.258209228516 2.42530817944465
496.286651611328 2.97994111845111
498.293212890625 9.66680174348286
507.257263183594 7.77059234581748
509.292083740234 3.387869599685
513.273681640625 6.43787774762092
524.285217285156 27.9547628611664
527.284362792969 14.6248429602528
538.307983398438 1.16993322842439
540.30859375 2.1779099347018
541.308471679688 4.01307206939039
552.327331542969 2.10900062231418
555.312866210938 3.89142360095652
566.3310546875 2.63867135750969
569.330688476563 5.28563436588702
581.326904296875 1.52780904095663
587.349243164063 15.3288358163796
592.3427734375 1.78061283176774
594.342895507813 1.14415285161546
595.326354980469 2.1621722460986
597.336059570313 2.53215036040886
598.349853515625 4.11006566752412
608.346374511719 1.97870867198708
609.367614746094 5.44429310104726
612.331237792969 7.46214687818569
620.342163085938 3.7950977862472
623.35595703125 2.95635110174099
626.351135253906 27.6648271570446
637.366271972656 22.1799988645196
652.358825683594 1.13541277804489
654.383850097656 2.61551861907987
659.368530273438 1.39363752870302
663.365600585938 1.03851186302301
666.37744140625 1.0203687429996
667.340576171875 2.7818340135456
669.348083496094 1.29811441308113
680.390869140625 2.58074457295402
684.365112304688 19.1893509224328
691.379577636719 2.00846019141846
697.41455078125 3.10693017059045
699.421752929688 1.02145528411708
701.388732910156 13.1816516561556
708.404479980469 6.84926937822752
711.380615234375 2.33362918808885
723.396423339844 1.0326728470203
725.415954589844 11.5913827565674
736.411804199219 1.22930756524105
751.403076171875 1.56851077741193
772.43994140625 .898708949747784
793.454467773438 1.44265845637971
794.453002929688 1.38405695320138
797.471374511719 1.2406049430559
810.427734375 .845292709895667
814.470886230469 9.64168702544222
820.412353515625 1.8483988625223
822.458557128906 1.08607341252262
824.445373535156 1.9567717579947
837.439758300781 6.39199383460395
864.471923828125 1.10124702497233
893.503356933594 .915337691062347
908.496215820313 1.23663173590911
925.499450683594 1.80308902757767
936.5029296875 3.6329414662501
942.524597167969 6.87300194733632
952.480285644531 .954540843422155
954.503662109375 1.25301786554854
993.529357910156 .740880554248344
1013.55871582031 2.33159278538237
1021.54632568359 .793367196920219
1023.55139160156 1.63278366924339
1068.57849121094 2.31347309670796
1075.57458496094 .948467574061271
1076.56079101563 2.30219850883649
1093.5859375 11.5865987525873
1110.61376953125 27.9583651554705
1192.68090820313 .88885449404711
1209.677734375 6.37428001537847
1249.66394042969 1.57404344205617
1266.69458007813 7.93893915205222
1337.72839355469 8.27408589460948
1433.79638671875 1.07191546586956
1450.81018066406 100
1460.791015625 2.16696522975741
1530.81262207031 .787619781657382
1547.81311035156 1.50088734298162
1548.80395507813 5.43519905175106
1565.81506347656 5.33521951002467
1636.80688476563 2.14827976119584
1835.42175292969 25.304068034638
1838.3134765625 17.4309070732278
1847.48254394531 3.57397432178147
1850.52392578125 3.73481255323286
