1861.9952 80 1
86.1100845336914 5.42097984636584
112.104934692383 6.04701296887061
129.103378295898 5.65090653536301
165.458282470703 4.77351078856865
169.102142333984 4.90345575791152
175.119598388672 23.4064120708347
228.185470581055 6.34160017375616
259.461578369141 5.11793878907828
261.568572998047 4.98647270513572
262.979064941406 7.03300967236612
263.318298339844 4.62176473540917
267.260467529297 5.30327083944511
274.198333740234 19.9793507741511
276.237945556641 5.60266060180683
284.202209472656 11.8365153574631
297.170440673828 11.3242823269957
341.239837646484 4.51752156758234
383.253601074219 8.17069746846553
385.2333984375 8.81789252553105
398.179077148438 7.88980729588899
410.237365722656 8.01584763245946
428.203704833984 5.22601611836411
485.271484375 7.87600601116823
504.255462646484 20.7584459444984
525.307739257813 7.67371788853346
580.341857910156 8.19904292300252
580.712097167969 6.17304257977243
597.325805664063 8.56098804748668
602.246215820313 6.36993203428979
603.291198730469 6.89693935386236
608.430480957031 8.58464879096261
610.341186523438 7.38476201313278
614.38134765625 6.68433577522379
626.406555175781 9.81943409421196
637.393188476563 7.33083449306132
652.165283203125 6.48723447175811
668.410095214844 7.52646894918872
692.430419921875 7.61061213240309
708.420776367188 5.68835339265194
726.675048828125 5.76907730338979
766.379089355469 15.7217948366652
837.472839355469 5.98187837570913
867.417114257813 12.0569836651802
908.508605957031 9.95988342182928
954.457458496094 20.2776260457415
995.552917480469 9.98108343319343
1068.48071289063 24.6852449900192
1093.64074707031 12.9839845283625
1096.59301757813 11.570109214832
1105.42065429688 5.32511346653598
1110.53894042969 7.41983736934798
1173.66784667969 5.58394242044766
1189.55505371094 8.32179535954492
1254.60290527344 7.08545838237633
1282.66687011719 10.3446153585015
1334.59118652344 8.92749129567265
1351.611328125 100
1355.60864257813 7.0149346504938
1429.74365234375 10.7957047369072
1433.95202636719 9.5158715165796
1450.83837890625 23.6226289355657
1453.70275878906 8.09085499290539
1472.80895996094 12.162093260405
1479.69519042969 24.1952201022049
1500.736328125 9.15087627837409
1700.82421875 22.7168789796961
1717.7314453125 14.9382010299748
1835.08142089844 89.8543855166174
1874.51208496094 26.8871011670036
1875.52673339844 31.7045332016523
1878.55603027344 85.409843301684
1885.55822753906 42.5277097880648
