1963.1416 80 1
70.0781555175781 2.06067546191635
72.0939178466797 1.10881737261042
84.0946044921875 6.73238995884144
86.1059799194336 1.46699181121539
101.105239868164 2.59138512615065
112.104751586914 3.54019634963801
129.125671386719 2.95642071915035
155.14030456543 .721859003311978
158.112640380859 1.01646665486257
169.111389160156 1.44211188504293
175.133361816406 22.2858464767544
183.1640625 1.49624283486293
186.140197753906 1.62492928307717
197.154190063477 .698065885202783
199.152526855469 .769185519899335
200.1748046875 1.89980202547726
201.132675170898 .681860367319179
214.170959472656 .500357007793384
221.108184814453 .543223659282489
228.154373168945 3.78974150564666
242.178359985352 1.12466926606085
254.187545776367 .547077863817753
257.180389404297 2.35455212774259
269.171264648438 1.56194688222049
271.187255859375 .664394666166833
274.198547363281 29.5232495560589
282.209350585938 .520544287335108
286.162872314453 2.17607123178039
288.205383300781 .592048008023707
297.167083740234 19.113402478307
299.201843261719 2.80541773681221
310.213989257813 .534016412103628
313.208068847656 2.57438366250869
314.192749023438 1.78430738653055
325.217681884766 .76264995419621
327.234741210938 3.15933106753713
339.189208984375 .947845617219998
341.228912353516 2.10072961140193
342.2216796875 .949361842098733
356.215515136719 2.48079321066036
357.198486328125 2.52848537598045
368.225402832031 1.22459469524261
370.282897949219 1.05520867034205
371.224761962891 1.92958339146632
372.213317871094 .752761495081996
375.238555908203 .768308144222164
381.26318359375 .811345716283042
382.255035400391 2.49912853325749
385.226226806641 3.0888739743657
396.234954833984 2.2617996254912
398.278045654297 2.73263227818456
399.239715576172 2.64648040907689
403.248229980469 4.08502437270087
410.247680664063 8.29365913162952
413.234436035156 1.19830763785821
414.211334228516 2.05765493429119
424.269012451172 .875598249926921
426.251129150391 1.54165423418711
428.229309082031 5.44918852368777
438.242034912109 .855619931230136
439.248992919922 1.11567550914173
452.275482177734 1.0283823322915
453.257476806641 1.52310237988977
455.284362792969 1.66309039652418
456.253356933594 2.08316744864649
457.256011962891 2.2520947845043
467.302795410156 1.27578620941842
469.301818847656 1.29418461374393
470.277984619141 1.96080976914042
474.270324707031 12.4663906419248
479.272674560547 1.93174462177842
483.329193115234 1.03168766815703
484.262268066406 1.7384063545849
485.270141601563 1.40575661705451
490.275634765625 1.01594829490583
495.296813964844 3.42057490821202
496.290191650391 2.80793891020901
497.301391601563 1.95931835780534
498.313446044922 1.41850956296536
499.304016113281 2.1432364691277
507.265106201172 4.44101143665616
507.845336914063 1.28125218878927
509.287506103516 1.68933015309098
513.3017578125 10.2851444345408
524.287048339844 16.1357251814467
527.289489746094 4.99007681240336
538.322814941406 1.3165289792749
540.337646484375 1.60198157539391
541.337036132813 1.73771341961239
554.372314453125 1.23766263064767
566.330871582031 2.45048130847395
568.34619140625 1.33821192974017
570.330200195313 1.51274192903278
573.379821777344 11.4518650181317
580.348388671875 1.43007384792259
584.347778320313 1.9552464008022
587.350646972656 12.0898816666246
592.339233398438 1.16242511607843
595.311279296875 1.44732978137068
598.388488769531 6.30363078611265
609.369018554688 3.55414856093921
612.349487304688 1.99128126181242
620.361328125 1.75746881460659
623.360778808594 1.53502071890657
624.363220214844 1.48275323163545
626.377075195313 8.13987685950349
637.370300292969 12.9824160298282
641.359741210938 1.63883599589587
655.383117675781 1.32816145956241
667.360778808594 1.94668461749949
669.407348632813 1.75316756285586
670.383972167969 1.90017502501272
671.364562988281 1.3913770008468
679.402648925781 1.16540246887114
680.393981933594 2.13214380915901
681.416625976563 1.35609067475107
684.36279296875 19.0774576292647
688.396728515625 2.30495643459315
691.373596191406 1.31376275117711
695.384704589844 .993210182028401
697.414794921875 4.8889502631027
701.39306640625 12.0514252845825
708.410705566406 4.19898776032392
711.391723632813 1.5699086451164
726.452087402344 1.78487436762013
727.445922851563 1.50787914511253
736.418823242188 2.05430988418138
740.418212890625 1.88080692249046
751.433532714844 1.52597299672147
754.441711425781 9.43366223506613
766.465637207031 1.04998195619463
785.413940429688 1.14295434332781
793.471984863281 1.25724519008905
797.441711425781 1.12116268690735
814.470336914063 9.13783617355413
825.522521972656 6.64603136608966
835.496032714844 1.37385562116227
837.449951171875 4.76288681497887
853.509155273438 23.7331168648965
864.492614746094 1.45477774254106
882.500427246094 1.03687028272739
899.499694824219 1.74602589386499
922.546691894531 1.33635418331801
924.51171875 1.08635064738804
925.5146484375 1.52435952957706
936.504577636719 2.49226855247631
942.529113769531 6.78287919105111
950.571411132813 1.20539517392403
952.495727539063 1.43177236013471
986.534240722656 1.35120691248859
1013.56793212891 2.29231732919678
1021.60028076172 1.59961464834957
1023.56860351563 1.72644589122456
1068.61584472656 2.03211710341499
1093.59020996094 6.19424128485978
1110.6142578125 26.481193184865
1149.64855957031 2.19691855891845
1209.67346191406 6.22689829745291
1262.69006347656 1.51610927780007
1266.6875 9.36791439201359
1337.72790527344 8.86875286680259
1376.75280761719 1.49661266459394
1433.76025390625 1.28825476361693
1450.80480957031 100
1454.23278808594 2.52001830957855
1460.79736328125 2.13463501349548
1489.830078125 .966174966962443
1531.79028320313 .93629757423602
1548.81616210938 4.79447441413815
1565.82299804688 5.966862796716
1578.89465332031 2.0931167575276
1636.8623046875 2.56755192180359
1689.91149902344 2.79107223922703
1735.90478515625 1.83256453150997
1788.90295410156 1.63210676823874
1835.0341796875 24.1102942969437
1838.90795898438 4.57801061585096
1961.48718261719 5.92914076143886
1963.51635742188 35.5403460306338
1966.41857910156 24.3888122411193
1975.68310546875 5.12768543234944
1977.70056152344 11.8306506360623
1980.64807128906 14.1732661080338
1981.67932128906 14.5617516419658
1984.85913085938 5.78704374029539
