2121.1174 80 1
71.6028594970703 40.499656279339
129.105194091797 2.50791624797801
175.129760742188 1.68549190291035
227.099746704102 1.7312941494292
240.136169433594 1.15554525598643
244.158340454102 1.05714436390319
258.139129638672 2.24942463831985
274.168762207031 1.70111680708138
300.164337158203 1.38201094669511
317.141326904297 1.08599427255596
337.184173583984 1.26733543115802
355.191864013672 21.6508656296915
357.177124023438 1.59581846609468
368.185729980469 3.42818098023302
371.181365966797 1.33707984162126
372.208801269531 1.40665343452867
388.17578125 2.02361586622032
413.235198974609 1.33221462033958
428.221130371094 1.74446848178133
443.271362304688 1.57035732667095
465.238250732422 2.74529388915126
466.209930419922 1.87989621822364
483.245147705078 6.61358586439568
487.254730224609 1.67982652059867
496.287841796875 3.67986772208268
499.248199462891 2.26764656003248
502.235290527344 1.33046304085183
523.25341796875 1.65864378240916
525.273681640625 1.27566804031106
527.260192871094 2.29936490933777
545.234375 1.57714658716104
559.242248535156 1.30714887531898
582.306213378906 1.85829386369943
594.317565917969 7.55335536647235
600.290344238281 1.82355347730931
611.344543457031 27.5576646274413
614.344909667969 1.47867195701425
616.264099121094 2.9128977067441
643.195922851563 1.43981286451998
653.307861328125 2.02389519089914
658.317138671875 5.77453894869139
671.4052734375 1.89240333467468
687.3095703125 3.0600350077049
701.361328125 1.84281246258889
704.338439941406 2.12891245430408
711.368530273438 1.73715449560225
722.381103515625 18.3782837558118
729.3369140625 8.28016441451305
730.346923828125 5.44167365099545
739.431213378906 40.8213415080461
781.398132324219 2.00668296964141
782.357543945313 2.49018999671028
800.389221191406 10.3003824093735
802.393920898438 2.43720090214383
819.407165527344 1.79775634231378
833.364807128906 2.14341432568749
850.404968261719 3.8817018286083
899.428283691406 4.83043124140984
933.480529785156 4.71974284811624
948.48388671875 3.33481979214798
965.518432617188 100
979.465942382813 2.42652443217708
1028.45336914063 2.80292302854583
1030.55444335938 2.73596133664945
1075.57641601563 3.95884425115284
1076.07971191406 2.74394338141947
1076.5439453125 8.89741891926856
1077.14685058594 4.8608067536218
1079.11096191406 2.19643650123274
1093.556640625 17.8182303904324
1156.55017089844 3.69325909028824
1205.58068847656 2.425580295424
1222.603515625 21.0480989947033
1321.64929199219 8.41240220251437
1392.69116210938 7.52715205496499
1450.78894042969 2.37409829765102
1463.71362304688 6.07380928078559
1511.6650390625 2.4896364791178
1594.78991699219 2.43221325855276
1607.74938964844 2.95323089608089
1651.77099609375 3.4170290711303
1678.73425292969 2.6998061388091
1708.82263183594 4.85997050277805
1749.82312011719 4.06404591238479
1766.84680175781 2.57651525385843
1822.86120605469 2.88232662566265
1835.28515625 11.3058889373003
1877.81726074219 15.4372218630817
1963.14453125 26.6340864386625
2004.10681152344 6.30170425182133
2072.8525390625 6.32480069546477
2121.42138671875 14.7457857590109
2135.69409179688 10.9861765535892
2137.59106445313 18.9453758718979
2141.82055664063 27.9494680913955
2144.81005859375 63.6326130261273
2145.68603515625 57.6077348993054
2147.41723632813 37.2078663056826
2155.38549804688 10.1683483794585
