1331.7305 80 1
70.0748748779297 .875577604711855
72.0869979858398 .721190638401592
86.106086730957 3.03186169520835
101.084518432617 1.84239904321842
112.095527648926 8.23763156804545
129.121917724609 4.02698986239406
157.111099243164 1.06558198079639
158.10205078125 3.1219515622843
171.09440612793 .571301951209436
173.142456054688 .603157587164747
175.126861572266 65.9976394407093
185.175994873047 2.86627393341677
201.128219604492 1.09346901573696
213.167816162109 5.79498180441078
215.143127441406 1.64357391468008
216.107513427734 2.84621031977682
242.160507202148 1.59558935120268
243.148330688477 1.33315874418846
244.136978149414 .544435025606661
256.105621337891 .978617992109512
269.129943847656 1.73141972178902
274.111236572266 3.9428533909363
281.237243652344 .707191823049189
284.191650390625 3.25157999270734
286.152679443359 2.06512221266682
287.14453125 4.28135093494182
296.197082519531 .752430918572011
297.164001464844 .831232901289847
298.155670166016 .98476803885484
299.140563964844 1.87371972952734
302.172546386719 1.90414792902679
304.165985107422 7.21017009485644
312.165740966797 .619169090443714
314.181396484375 1.41857109257391
316.150421142578 1.58630220048979
317.150238037109 4.16926973305128
319.204193115234 .589014419333058
329.187561035156 1.87126629723655
341.187438964844 .99667868155238
353.209625244141 .779440286030754
354.192260742188 .726086387598776
355.170104980469 1.2739810632695
359.1943359375 .982732896216653
369.186187744141 2.6752353467057
371.197906494141 1.64671451730996
373.183715820313 2.61055802809921
375.179565429688 .748771532834983
382.21533203125 1.56020483485822
387.192138671875 3.53923569738168
395.235870361328 .761978752953031
399.221710205078 7.48580290638033
400.223297119141 8.84672820071429
402.242797851563 1.2492631356814
406.246948242188 .726172662461179
412.226898193359 1.08719261280667
413.239990234375 .813791025415745
415.214569091797 .967518519204381
417.240051269531 9.07320293147785
427.227844238281 1.24916983327984
430.232025146484 3.43475680702017
440.244445800781 .858786655985509
441.232025146484 1.32924280172967
458.251251220703 3.81017114816974
460.249572753906 .91579037104201
468.242492675781 7.58730659188491
470.236145019531 2.481211068926
471.264373779297 1.11720535926265
472.264404296875 .810253084228756
482.265197753906 1.96268474956123
486.253387451172 15.5136516456758
488.240875244141 4.28924897896859
500.269195556641 4.31799737977509
510.273803710938 2.50376047637243
517.267639160156 .918255036020585
524.266723632813 .930282699508687
528.278198242188 4.09599513560351
539.247924804688 1.02449098179538
542.256958007813 .949854719544299
545.299011230469 7.53979073007852
553.338745117188 2.01567425746872
554.3271484375 1.96565939278376
555.299377441406 1.77028393641245
557.249938964844 1.47330799436134
559.270385742188 1.33499558723149
569.299560546875 1.44063634273969
571.337890625 5.08366091642534
581.324951171875 2.948905836111
583.321655273438 1.4011299560666
587.290893554688 2.3400949829254
590.313049316406 1.32917913087411
592.288146972656 1.09746203362904
597.274719238281 1.29357219309294
598.283874511719 1.80117647247513
599.327453613281 4.76461095133711
601.322692871094 1.35075934220652
614.311157226563 1.54090739005525
615.304077148438 3.86020862041619
630.353149414063 .997713988787832
632.327331542969 12.50955642952
637.335144042969 1.0829345852398
642.346618652344 1.01301518452366
656.330505371094 1.38731350837687
682.377136230469 2.71468493010322
685.314880371094 1.56656489642996
691.350463867188 1.11360248176539
698.332763671875 1.3097129966941
700.381774902344 4.50763375736739
702.364379882813 1.1211945416895
703.338684082031 1.50954635138186
716.354370117188 4.98800442787434
733.3740234375 7.3501802303239
751.392517089844 1.06998241467275
769.414672851563 1.44289647327046
786.411560058594 1.04417791649259
787.415954589844 1.28131317889227
804.434265136719 2.19524577712364
816.428100585938 1.46983240170084
829.41455078125 1.03476520850189
846.45556640625 5.74104879338525
880.436157226563 .846037548241977
889.473815917969 1.43438294904612
897.4580078125 1.89757008127939
903.446716308594 1.23413688550316
915.478637695313 3.59190882028637
933.484802246094 100
943.457153320313 .886012217137603
1028.54553222656 1.53082342233004
1030.51196289063 1.49174296780283
1031.48193359375 3.19766944705738
1048.50390625 3.85094705605984
1058.48693847656 .826888701945367
1119.52514648438 2.25979467340599
1218.552734375 1.20999738446154
1287.55603027344 2.75301313579515
1313.78637695313 2.30711638033683
1331.99291992188 34.5742430271797
1335.05261230469 9.29346291468126
1339.04809570313 2.37293390206489
1341.9716796875 2.73318900590247
1344.29956054688 15.2574447865905
1345.83959960938 8.72455952621558
1347.00354003906 6.12350310074507
