925.5989 80 1
70.0743637084961 2.70955679054375
86.1032333374023 7.37340495361205
110.078887939453 1.24831305586582
112.094802856445 5.07792028584697
115.094352722168 1.72247204095405
129.113693237305 1.80544913857061
141.114868164063 .741170904511938
147.119049072266 1.32879943082574
157.115112304688 2.29959533164634
159.100936889648 1.32371009303813
169.106552124023 1.44649792196502
175.121063232422 7.8652075703157
185.17121887207 4.31705776578286
187.123519897461 1.10334476154007
200.138931274414 1.01747333281621
211.126098632813 .769059705408377
213.165634155273 19.1871294213282
215.151214599609 1.00129779442097
218.160827636719 1.69317202583051
226.132522583008 1.91538963620549
228.154525756836 1.09856867897006
229.114822387695 1.27360616006365
243.142959594727 5.16408648160904
260.174865722656 .721461466827524
269.133911132813 4.20599628217015
284.154907226563 .724924428515772
286.158874511719 2.18929026272672
288.200531005859 1.1263978328388
297.186370849609 2.23587434427717
299.160919189453 2.86806061831751
300.166809082031 2.05718088748081
301.158935546875 1.28515003890007
308.206451416016 3.20058155729539
312.153472900391 1.01494906788253
313.209381103516 1.01700796997905
315.208221435547 28.0946314339966
317.201568603516 4.87541845850869
321.168182373047 1.40898792515612
326.243621826172 5.96817647064236
342.203582763672 1.17748412088338
343.206359863281 1.43443281648309
357.214080810547 .948713276313732
370.195678710938 1.00511359995111
382.213592529297 7.33061493437554
395.208709716797 8.01552676021382
399.236999511719 1.26664958419528
411.262725830078 .996470256128773
412.266998291016 1.37146416158262
454.278533935547 11.9508053047301
471.305419921875 22.6086680482411
481.277801513672 3.41577177595163
566.339965820313 1.99450539358554
583.3505859375 7.45983787618599
594.371459960938 2.58610708085591
600.324340820313 4.93204707517343
611.37939453125 45.7805022405178
629.401550292969 2.35517149357033
696.388977050781 5.18253110294313
713.409851074219 3.23913659101363
751.492553710938 3.44873738507153
779.466491699219 3.61580707318408
790.458374023438 3.60055061180008
795.44482421875 2.79552100930215
797.473449707031 100
808.381103515625 4.35234408365649
812.473754882813 2.43475155026066
835.567321777344 8.19426934693874
890.476806640625 2.57582468813413
908.557250976563 3.42701837574948
925.810119628906 23.1621843294806
927.814392089844 13.7332225261604
929.769470214844 6.64299199589642
931.837585449219 13.941860001205
932.982482910156 11.5052302839611
934.019653320313 13.891521390461
934.86572265625 29.4514055464095
935.203918457031 32.2179754776696
936.511108398438 25.4366473535991
937.000427246094 25.618305593892
937.577392578125 25.5110842086254
939.582153320313 16.0253702619628
