1083.6641 80 1
72.0942916870117 2.31732287829866
86.1053924560547 2.05193322154515
129.129196166992 1.36760810286792
175.13215637207 12.0436089045157
185.173706054688 3.03386575541866
200.150634765625 .966952634954531
204.132843017578 1.17220726300865
213.173248291016 9.99139481811555
228.150100708008 3.35134375651303
229.13557434082 2.54827188489523
246.19367980957 4.9661319392016
270.193908691406 1.48091251673867
271.187438964844 1.4795761456131
272.172027587891 1.02389194499779
282.219635009766 .927078353647789
285.168090820313 4.48963134095862
286.156097412109 6.8421371392519
288.214477539063 8.08835565840387
300.177612304688 1.6357585834785
303.203247070313 1.80925375903247
305.186767578125 4.36168389765193
312.238311767578 7.52696312402222
314.193511962891 1.86488483417334
315.204864501953 .966020761253385
327.209991455078 5.72282931589346
341.234344482422 1.67159302117403
342.218383789063 2.41377467776178
357.226043701172 1.55321501574363
359.275695800781 12.6910909435996
369.188690185547 2.35685457028912
371.241760253906 2.76147164061655
383.259796142578 1.54586494968415
385.211303710938 2.06978026435191
387.197906494141 4.15763054935757
398.25927734375 7.83010981702733
399.239013671875 12.0314554104983
413.279754638672 2.18903079112689
414.215057373047 8.22873749119071
418.269775390625 14.3675088870614
426.28466796875 2.80533145963952
439.268707275391 1.63214118494237
440.293182373047 3.18600445865585
441.285797119141 8.72873040487209
456.292327880859 11.2929291826423
459.177490234375 8.61265630235924
468.242645263672 2.41495206813107
470.305023193359 2.73548028986266
471.277435302734 2.56734850437589
473.315124511719 100
481.252502441406 1.96414705743876
484.318634033203 2.71879903706773
485.308685302734 2.13614797533985
486.254974365234 4.07251575780313
488.290283203125 2.53339309502845
498.304077148438 50.5826790372601
509.304077148438 2.80390385047831
512.321472167969 10.1112925928029
513.288146972656 11.2620061189749
517.330810546875 13.0931556598182
519.293212890625 3.24758558362964
527.298400878906 9.87220916457965
539.340026855469 2.61794539167787
566.361572265625 2.69305713991068
572.248718261719 15.7822354993377
574.249328613281 2.32666630815543
583.389770507813 10.6081540833449
586.400146484375 19.0576668840033
596.405700683594 2.91767134128301
597.377075195313 2.4053455948128
598.381408691406 3.84754607740334
601.366760253906 2.32650353585751
608.363464355469 3.32838257828519
609.333435058594 2.99721747153746
609.881042480469 2.82545260101537
611.383239746094 29.0172467576713
626.364074707031 21.1660376656983
630.39794921875 6.17808053852339
643.421081542969 62.6200074424465
671.315246582031 13.5863910439041
680.40625 4.14765399708968
697.441772460938 5.7386957277491
698.4052734375 4.04834342879896
700.446716308594 2.74503476052313
707.416870117188 2.72981968272157
708.402709960938 4.85213752214328
709.413940429688 4.47542708586082
713.109497070313 2.46958975171214
725.428527832031 54.1589182808577
739.444641113281 8.01229514478848
754.451965332031 2.94151824812256
755.443115234375 4.50596461363789
772.454223632813 42.7244444749815
784.391418457031 4.18298660454631
793.507019042969 3.30523469245725
801.467956542969 11.0395822120063
810.504760742188 4.39701381162187
821.480102539063 4.96518517863013
822.086730957031 3.58716524992368
824.506591796875 5.50876660376608
838.50244140625 80.0178459654121
854.511474609375 3.97234817102019
858.521057128906 2.3231140277208
871.524108886719 31.6224790299084
892.583068847656 2.62071829031334
920.549621582031 2.982419700526
937.575622558594 5.17348358437886
984.598083496094 3.15764968045894
1066.72521972656 2.48778633563252
1083.9453125 30.2649782664518
1086.93664550781 25.9077042798828
1088.92810058594 22.532288955254
1090.94140625 11.0141910802749
1093.02856445313 10.5103278710827
1094.31262207031 8.21661557677438
