1811.9792 80 1
101.103797912598 .822697793324126
110.080856323242 2.58585774789363
129.118148803711 .988272317560676
155.108184814453 .972911129652763
169.131439208984 .847785358408922
175.127578735352 1.98579430090096
197.134246826172 1.06113565541306
228.137756347656 1.02971523186599
239.162048339844 1.04272023395415
240.138809204102 2.07410610760283
242.166534423828 .848049481224255
243.121337890625 1.16156508862821
257.158508300781 1.06026820196123
266.134460449219 11.874925838914
272.142944335938 1.73444354512261
282.183380126953 1.63802323453675
297.202026367188 .818478191305647
299.195098876953 .82833117805395
305.192474365234 1.39556254731656
325.219116210938 2.92590068693037
356.209411621094 1.3325239484982
365.224884033203 2.06726455664505
376.218200683594 2.57514138589581
382.206146240234 2.09338353631688
384.234466552734 1.15470356398575
385.203643798828 2.25623275794712
394.216918945313 8.15622159031777
396.230590820313 3.52927645274529
413.256439208984 1.58182672807323
447.257690429688 3.2141689478286
483.307067871094 1.73708774129201
485.276947021484 3.5648737224442
491.264129638672 2.23008155225935
493.307800292969 2.29571037511561
495.257476806641 2.25434748445308
496.286041259766 2.23186249080419
499.262145996094 2.17180835621233
513.268371582031 6.13367037297956
524.278625488281 7.5190529796692
545.302734375 2.72178398942559
553.288208007813 1.93539974701144
561.302368164063 14.8005725848388
572.289794921875 2.18397102180548
582.318908691406 1.91611487408771
584.329284667969 2.59044967157596
590.335388183594 23.9253372359241
592.34619140625 4.81466237649743
594.328308105469 4.09412310327364
599.328430175781 2.88728654652335
602.338317871094 3.4316083959387
604.334228515625 2.23059732319925
606.387451171875 3.62386303212701
612.343566894531 11.4568868664595
681.379272460938 5.0935714805043
687.390869140625 5.12904567260313
691.360229492188 3.42918469017036
699.397216796875 44.1053889678268
708.374084472656 42.4643585626127
711.385009765625 3.7699205143306
712.401000976563 4.53050161780994
720.407287597656 9.08061109056575
730.418884277344 4.33240401821975
758.4248046875 14.4093289516786
783.444946289063 2.95886300288126
799.434753417969 3.08036843743121
809.438842773438 3.62185945048325
810.979919433594 3.67894683226699
813.430603027344 6.15012755479914
817.455139160156 3.22330757564769
821.454345703125 29.7742020720893
827.447387695313 7.41124035351079
843.501770019531 5.93154709947831
848.475219726563 10.1457020576067
871.498779296875 26.2093740074645
874.445129394531 3.82943737678473
888.550842285156 4.96774812074994
892.496887207031 45.6432649788151
895.473999023438 7.51642276959072
912.48681640625 23.4101787450159
941.486999511719 16.1580008500161
966.521179199219 4.25558915851897
968.505981445313 4.23712112486644
983.520141601563 17.7567377287889
985.538635253906 34.9797957214196
991.562561035156 10.8057263384299
993.5498046875 3.94899424594534
997.49365234375 3.84237903541596
1002.55877685547 10.4595906714773
1054.56286621094 14.2597146454247
1085.60302734375 5.47706705132354
1096.58154296875 12.2292873382294
1105.59924316406 11.0970484912833
1113.59350585938 93.9407714660308
1125.55114746094 10.0842810243228
1192.63366699219 21.4226129671284
1205.62976074219 5.74461001372801
1210.62866210938 6.17260656729947
1222.65222167969 100
1243.68005371094 4.48561289163395
1267.66857910156 7.69992492297333
1291.69152832031 8.61769896354615
1321.71557617188 4.45918900228972
1324.68579101563 7.561803806167
1401.75329589844 4.56659733374257
1409.73718261719 4.98845568204452
1410.75622558594 6.68118919786091
1418.76452636719 58.1824055118569
1428.76403808594 6.41799556169077
1437.76025390625 12.9132925185806
1532.8564453125 4.95782993271488
1536.81799316406 9.77912261863561
1546.86242675781 42.7173192785857
1657.81896972656 4.55691416359656
1665.73767089844 11.0691045652193
1674.779296875 8.19105074648158
1683.76391601563 11.2114915815499
1697.65100097656 5.30088448317394
1787.07629394531 9.69987384396464
1812.36779785156 37.0310908434415
1824.50085449219 18.0515889655382
1826.48474121094 48.5205092800325
1830.33166503906 24.4436523295456
1834.68432617188 14.789650388832
