1940.0743 80 1
84.0950012207031 1.17578987680782
86.1268310546875 .722389909317029
101.126373291016 .763682625911031
110.091278076172 1.11734722884267
129.124099731445 .75076280265562
197.150665283203 1.34651934251636
231.135299682617 1.21508150384004
239.157653808594 1.88578397598314
240.142456054688 2.10185406759908
248.159591674805 .794644918670781
257.162292480469 1.54369434016273
266.153869628906 3.48462670814602
282.189636230469 1.3332811591887
294.143402099609 1.45874412644077
298.21240234375 .687282372449511
325.211944580078 1.3947644493127
365.217132568359 1.26378070799905
375.22900390625 1.18467143330354
376.226806640625 1.06588570122445
377.195251464844 1.39542871790794
394.224090576172 7.7067001502464
396.236938476563 2.25593090604479
397.228179931641 1.28537161002642
408.228912353516 1.2401156369886
413.256500244141 1.52109852840895
424.277862548828 1.23343433314493
436.239929199219 1.36959249047673
478.301513671875 1.18793828895521
493.304962158203 1.26187344731285
505.275238037109 1.67581926400144
519.265075683594 1.85830878345174
522.319580078125 13.9704128117502
524.285034179688 6.80071270641008
545.35693359375 1.22684063129729
550.359619140625 1.10200019960669
552.344604492188 1.19032911783574
553.299072265625 2.00961188334374
590.341674804688 2.89602952348167
592.367431640625 1.79984955090719
602.364868164063 1.44544497605378
606.404052734375 2.34411924016563
619.362060546875 3.98763174348532
621.382873535156 1.88091492055351
681.392456054688 2.43840903764426
690.437194824219 3.84154218151049
699.394348144531 35.5905186284011
703.4130859375 2.32564978074257
708.367309570313 1.72641785542825
718.430969238281 32.038836917232
720.430480957031 8.91798116320011
730.449096679688 1.59205219485536
809.432189941406 2.43955087401722
810.422180175781 3.07119254105666
811.006286621094 2.17294316910153
815.477600097656 4.38427047884516
827.458862304688 4.61177064215457
848.484680175781 6.84297912341263
858.523986816406 4.22592423840909
871.521667480469 2.23331174647245
886.508850097656 16.4130740129575
941.499877929688 8.96586854708904
971.606628417969 4.51785955882511
982.587341308594 2.45244385545439
985.573791503906 2.61282707727454
999.593566894531 23.4686823466308
1016.61383056641 4.22815018183466
1054.56945800781 7.78998609631683
1096.62084960938 2.91054178647303
1113.62817382813 34.9170744766839
1125.61218261719 3.80724230174092
1130.66735839844 7.64354476417481
1205.64025878906 6.2446745723619
1206.19641113281 5.12141249243705
1213.69140625 3.84259345995008
1222.6572265625 100
1225.20825195313 7.50907189979089
1241.68920898438 79.0953233250376
1321.72253417969 4.64370904127879
1338.74377441406 5.36324075158089
1395.74670410156 8.0064069160299
1401.724609375 4.0090242299204
1418.76452636719 61.3627888380702
1452.79638671875 4.01914928251483
1537.88171386719 3.12776411473001
1546.8544921875 24.5192034124025
1565.84350585938 9.39248490071237
1657.93127441406 4.86779731730045
1658.47583007813 5.2568952248939
1664.89807128906 8.49121987329352
1674.91259765625 11.6428541220799
1793.83410644531 7.70972986343986
1811.82885742188 18.39300607851
1923.27526855469 11.1255499372973
1940.49926757813 36.6353956791482
1945.53942871094 8.23966410107505
1952.59216308594 7.31303326254137
1956.61499023438 12.12424919845
1957.73547363281 14.2907131708164
1959.23706054688 12.0178646588387
1962.88525390625 19.0230310248995
1965.31958007813 19.4183359105547
1968.59692382813 13.8488765459067
1971.03137207031 9.75018110932828
1972.54541015625 8.32231941085131
