860.4889 80 1
70.0750579833984 1.45028191041513
72.0903549194336 1.34264391959073
84.0895309448242 3.35523697054628
101.115791320801 1.37487372315299
112.094757080078 1.32749310636356
129.116973876953 1.78147818969516
157.115783691406 .364320593048954
158.100601196289 1.04456919475236
169.144668579102 1.74083632992297
175.126846313477 28.6452738678165
183.15852355957 .431701796121793
185.107757568359 .390284675306871
197.137222290039 3.21335197751976
199.137054443359 .674457546129578
213.098114013672 1.28884492031527
214.162643432617 .728822151490785
232.167938232422 .375366977587818
248.187622070313 .483702347630684
257.171447753906 5.48066059564351
274.196075439453 5.32368613322243
276.182678222656 .861036204796246
284.172424316406 .515662425906882
296.204528808594 2.41327340316703
312.16455078125 3.73798674266988
314.218200683594 .4711886437933
345.203094482422 .90501652791197
347.257751464844 .34216369740596
356.236968994141 .949733772801974
360.164367675781 1.12779406300135
373.234802246094 1.48178847849984
383.242309570313 .73022751423725
391.20703125 7.5680627739624
410.285186767578 .52834005769136
411.238250732422 1.62036745472858
426.332458496094 .44845399383574
428.293701171875 1.61901590764101
445.252807617188 .67979659447176
453.291473388672 14.0570486626692
453.822052001953 2.99957888716953
459.236511230469 1.218676717283
470.317077636719 100
488.255340576172 1.25450515339204
490.275573730469 1.22128841010049
550.315002441406 .541599640876817
559.329833984375 3.4854946917419
568.316955566406 8.25318394556343
585.341369628906 5.45110953630076
587.3271484375 5.40801869123472
658.397216796875 2.36045506763505
659.380676269531 1.35280899873752
686.392578125 5.34243824386622
703.412353515625 .983879609422895
704.406066894531 2.96807291675795
715.383544921875 .551948490718618
732.405456542969 1.51579572851438
801.368286132813 .33808302935922
818.432373046875 .498165298434618
843.488525390625 1.77642296838128
860.724914550781 14.5442109442288
862.740905761719 10.8183586345666
864.784545898438 2.96367358778825
866.851257324219 .9976391048042
867.918884277344 .975638554600661
