1722.8656 80 1
90.2456741333008 2.09052273778702
108.228874206543 2.38738357307907
110.382507324219 2.00554271395821
126.790573120117 2.87275186339224
195.090240478516 1.80279786684621
265.251220703125 2.06910161714294
266.134948730469 4.17742904794317
323.188049316406 2.27137093405315
341.210662841797 10.021853917719
344.213958740234 3.53243815337161
345.217529296875 2.37540377586137
347.212310791016 3.74347274807807
348.222442626953 4.51034504510569
365.198120117188 20.1514315185038
440.264129638672 4.57435257805188
443.274047851563 4.06660094817664
445.208068847656 4.39468880287883
502.542999267578 3.44331464992958
528.293395996094 2.45203488121153
544.315979003906 9.5614073953789
561.277893066406 2.79666170648431
562.296813964844 3.10873578200547
571.289306640625 8.83559122099355
576.165283203125 2.33732559499115
641.35595703125 3.81752176411512
659.328063964844 6.26964673028763
663.770446777344 3.38505064588003
669.845336914063 2.81279433165942
679.666137695313 3.15425868368601
691.124694824219 3.44274800110417
691.362854003906 4.77103293140711
700.349731445313 26.7047994669439
703.307067871094 3.51564122598256
708.398559570313 8.27581144192475
716.339782714844 5.92090980514202
734.145446777344 2.80798788603034
788.394836425781 5.55619191078074
790.401916503906 5.04898968017021
804.673156738281 3.67875879998869
807.440246582031 4.26150178320019
815.374084472656 18.6197424508783
871.279907226563 3.7989962149351
898.4013671875 5.88533623930832
916.405212402344 35.3146619987254
918.116760253906 5.06040026709601
918.406860351563 10.7719451603822
932.416564941406 4.08249319384068
934.335021972656 4.16032953219909
967.487731933594 3.70554968215549
1005.50787353516 6.38677746960221
1015.49328613281 18.7763426860394
1017.45690917969 5.73232157316607
1018.46313476563 6.01321852240866
1023.50164794922 13.7066448200064
1136.56958007813 7.1272018285208
1152.56311035156 9.46295793534733
1162.53564453125 18.1555272751728
1163.55529785156 19.7960648323544
1230.57775878906 4.89970277469021
1266.58203125 6.33369952757361
1283.60998535156 11.0773547387921
1358.65161132813 100
1360.23083496094 11.7750531913726
1362.63391113281 10.4344482728665
1374.65954589844 10.8856165081134
1382.64636230469 14.7799688190063
1439.66076660156 9.96606020606357
1457.71264648438 20.5654987067942
1576.62780761719 11.7237631529489
1594.57446289063 12.6441782118482
1661.46069335938 17.4310532285482
1674.66418457031 16.7902054555896
1705.00866699219 23.8941990262845
1706.03784179688 52.2883991497642
1708.90197753906 53.1431896390706
1714.63195800781 19.5582072968121
1715.50903320313 18.7469973965497
1722.04187011719 25.7364554170264
1737.36730957031 17.2920489369664
1739.45739746094 54.5194847003889
1742.84594726563 35.6191426724084
1743.44750976563 28.7208564007845
1745.98742675781 25.7814539693743
