1199.6709 80 1
86.4706802368164 4.64098722574833
129.107330322266 6.41209468955708
134.759246826172 5.18217777263149
161.566390991211 4.90055428165544
162.356597900391 6.64500314863446
162.953399658203 4.59435085519304
164.11296081543 5.66058528811856
164.636138916016 5.60123058473433
174.455703735352 7.16780975945686
175.124328613281 15.0995706309116
190.243179321289 5.50454085700078
192.795211791992 5.76370111301774
194.083969116211 6.55231539967359
201.621734619141 6.85140003501823
203.541687011719 6.51547807189316
206.719009399414 5.63568548614352
207.980331420898 5.37843665772389
208.166778564453 5.42477355766408
208.32341003418 6.28725571741103
209.095062255859 7.52431050713419
209.65007019043 4.93678165795224
210.108383178711 7.58308357111507
212.537292480469 5.50966472264996
213.188049316406 4.66028325368731
218.441680908203 5.04189141491366
232.138488769531 7.29146318393774
254.457824707031 4.52843221951557
288.015625 4.61800410814576
290.698944091797 4.62311419028219
301.135284423828 4.89300675292453
312.201477050781 5.16726136274049
368.1953125 5.21642371722898
371.002807617188 4.56621088257291
378.153106689453 5.56655402953884
385.242919921875 9.51340666738298
385.717437744141 5.08293828130083
400.570037841797 5.05384246553224
432.346099853516 4.72344607673908
473.145660400391 6.2899660610014
484.194274902344 5.57064281753717
487.240539550781 10.0732472797422
499.356994628906 6.40932047821839
513.351928710938 12.2021570604739
568.246887207031 7.82809291959841
569.284057617188 6.90783511721294
573.8798828125 7.25838999689898
574.394775390625 5.54033072059523
601.943603515625 8.22754073369918
604.865844726563 5.92093278886984
607.916015625 8.5148443357786
611.305297851563 24.7012188502877
621.880676269531 6.45949371677453
624.323120117188 6.42319752121975
625.178771972656 10.8289584484526
627.661193847656 7.95690357162423
629.316955566406 7.84364742748558
641.422302246094 44.9561345211506
650.353088378906 6.43624220354848
653.39013671875 9.641331076791
669.000366210938 5.75795069772092
669.177551269531 10.6358538250541
672.9716796875 7.20094159886072
696.392333984375 7.49420814310264
703.333923339844 7.46904023524762
711.262084960938 8.53802098135088
725.78515625 7.52782758979241
729.1669921875 6.96307803938162
730.27734375 6.91981178943632
731.913146972656 7.30112877912959
746.807739257813 7.55767551762894
749.541076660156 6.81544323776923
769.475158691406 7.98418789026299
772.697204589844 7.23941579121741
777.673706054688 10.2749381106204
780.703247070313 10.3751249804498
781.16796875 7.61730939923448
813.8486328125 8.04283814438692
815.368835449219 8.39774210522443
823.075378417969 8.85549654799249
836.296813964844 9.64622313728301
840.478088378906 10.4121676949879
843.184143066406 10.2411695184581
900.491882324219 9.58849844811057
1149.3408203125 15.4643360639027
1166.51574707031 13.9601113485308
1170.35107421875 14.7189174022112
1189.01184082031 17.485691770018
1197.4296875 16.8481153121691
1199.88745117188 34.5441565667708
1201.02502441406 20.3523235071937
1204.9912109375 18.6089104732683
1205.89660644531 24.3010095074548
1206.97521972656 32.9664875833216
1207.34204101563 30.5278333378898
1209.15209960938 33.9256763587096
1209.93054199219 41.7814196671776
1210.37561035156 40.7297745651106
1212.05932617188 61.6391962002394
1213.22766113281 100
1214.36901855469 49.0248524831343
1214.88500976563 39.6149236544722
1216.42492675781 39.9085255561327
1217.0546875 23.3521541446607
1218.35595703125 24.6599583394527
