1280.7709 80 1
110.084426879883 4.27605280186828
112.088676452637 2.78025019847658
175.1259765625 7.43331686275834
232.14387512207 85.0667705369728
237.131790161133 2.11808632043044
245.128845214844 2.46376632578059
251.155471801758 4.69953872872676
254.156860351563 2.27994501019121
272.171295166016 2.10467443331337
301.174957275391 7.14668530937563
302.15771484375 6.66221481399918
308.180114746094 3.14954858716942
327.140747070313 2.54954950094342
329.175231933594 5.51641620504642
347.169677734375 57.5405063728765
358.218048095703 2.9728041993292
364.240173339844 5.21332913671743
366.184143066406 2.4977403944075
385.240417480469 2.97837964801045
387.238189697266 5.62571127615784
393.240203857422 2.46066715740804
415.244232177734 2.61588981174069
423.216156005859 2.89888316438813
424.258605957031 3.51332959539044
466.227172851563 10.7782759707756
479.271911621094 3.59916075080191
484.225036621094 18.8413039006299
498.281799316406 5.98657251218833
510.334716796875 27.5369255267012
515.331604003906 4.66175234933456
516.3056640625 9.57991175282566
530.248779296875 3.03729507208979
543.319213867188 8.66691820667705
560.356201171875 3.08536271440578
565.290283203125 3.84127860580608
566.273986816406 6.05942684176565
569.368835449219 5.08671882633703
582.31689453125 4.28177833639985
583.291687011719 4.3749745659275
587.310546875 3.61270712640456
623.412658691406 44.2650745380458
630.362487792969 3.68725776967142
636.297119140625 3.20647482127808
637.297119140625 4.44696161845529
653.31298828125 5.66384846003514
654.325622558594 7.58041911353221
658.356384277344 35.2656517855414
700.381591796875 3.60980251264274
721.420715332031 3.37888138597675
723.430603027344 3.50686320495342
738.440002441406 36.1819944968344
743.442932128906 13.5514121060015
753.406188964844 4.28576992982923
768.408020019531 3.88147989392554
771.41943359375 33.5580058575111
772.925476074219 4.08176684269345
780.403381347656 4.94366989247959
851.506713867188 9.3940247588787
880.510314941406 21.7635015002967
891.484680175781 4.41325814253819
908.482238769531 67.6670988654813
910.487731933594 14.8990097680691
993.577514648438 17.0726866100018
1021.56420898438 100
1051.52990722656 11.72438553751
1095.6318359375 15.3402186981992
1106.63464355469 6.7985630563947
1107.61730957031 10.3733284238369
1134.61169433594 73.5652802565252
1152.60046386719 28.4290166894303
1264.74829101563 7.5781277312416
1266.42370605469 8.64968330783702
1272.90344238281 7.16959344124907
1276.90283203125 5.83811411557919
1281.03930664063 16.857335634041
1281.99365234375 47.9747755609292
1286.28576660156 12.0699348383058
1289.00549316406 7.78873953003772
1291.12854003906 9.30090381444781
1292.59191894531 10.2242559405881
1293.1923828125 16.5491311013694
1294.53076171875 17.9040109845939
1294.91101074219 15.3175935741141
1295.38061523438 17.1640198133955
1297.66967773438 13.2276662107738
1298.51171875 8.24536425674828
1299.013671875 8.04261528552473
1299.84729003906 8.68889646014185
1300.56994628906 7.48931250707928
