1152.6749 80 1
169.974136352539 3.73007787268553
173.787826538086 3.34930675959889
180.669021606445 3.53525189662039
195.36604309082 2.7232530271293
200.702880859375 3.35362415611753
215.488494873047 3.59079339443305
219.225067138672 5.63126762454228
219.570922851563 3.55544488115607
220.320220947266 4.18220761553923
220.967468261719 4.27139866249587
251.13117980957 5.49358254163437
282.349975585938 2.67755318571936
302.134735107422 4.85324641806602
364.231109619141 5.4492239941488
373.296783447266 4.66550301076826
477.309631347656 4.24163182333972
503.110137939453 4.20118423770871
510.343811035156 82.3667647918405
530.217834472656 4.75005394031648
592.33837890625 5.55707337233388
604.646667480469 4.47110999653056
615.321044921875 7.96444759176641
623.400939941406 29.0992546367871
643.343933105469 11.2332009340139
644.319030761719 7.8133419485272
736.395935058594 5.71756967955663
738.418212890625 17.8662946359533
743.395812988281 5.30213554398538
745.011352539063 5.4921586195358
752.384155273438 18.5005701431569
762.371032714844 6.10775578194808
763.657287597656 5.07726159773886
780.391540527344 71.7444909787894
783.137817382813 5.36072393164625
784.161499023438 5.69102132947825
784.619506835938 6.31403793812298
791.635437011719 4.93787077445225
823.902526855469 5.5541743167037
865.446838378906 8.27582704236255
866.473999023438 19.3142615857482
893.463928222656 88.706361958287
979.509521484375 8.77889755364293
1006.53118896484 49.8245992440749
1022.52105712891 7.54042191644191
1148.99975585938 9.25688713098562
1152.93688964844 16.1287534587919
1154.51000976563 13.841707012702
1155.96630859375 15.1195000558068
1160.05249023438 15.5845828987198
1160.5361328125 14.6055554036494
1161.93518066406 22.1685807220286
1162.20300292969 20.9967159126616
1162.6259765625 22.0957942479949
1163.05627441406 35.8527712246443
1165.18237304688 100
1167.00524902344 81.8173421685959
1168.80114746094 48.9335955657537
1169.42138671875 41.1358677113231
1170.2802734375 50.9346548873127
1170.95593261719 27.6300904698488
1171.56384277344 26.3147958970984
