972.52 80 1
86.09 10.241
112.081 22.768
129.102 8.06
136.068 15.08
157.105 7.878
158.088 11.83
175.112 100
221.086 8.538
227.164 6.138
237.127 5.391
245.121 25.503
262.144 21.016
265.111 12.709
277.153 10.179
304.127 17.286
314.212 6.067
322.135 70.271
358.205 25.456
375.234 18.038
378.198 13.663
390.217 7.738
435.227 9.5
457.206 12.142
467.195 26.471
471.294 15.488
485.208 29.128
488.319 13
570.289 17.287
571.31 9.973
580.285 9.568
598.296 27.686
634.359 8.242
651.386 12.498
711.384 7.733
973.124 31.206
973.425 46.411
