1739.96 80 1
175.121 10.679
200.116 6.079
227.172 7.246
228.163 6.162
340.258 17.552
416.304 14.789
431.251 9.143
454.323 8.404
488.288 41.106
516.203 10.1
567.396 11.441
587.349 32.404
590.347 9.399
658.396 58.939
678.427 11.782
686.308 14.375
773.426 20.717
827.585 15.107
860.459 68.716
928.425 13.182
975.48 19.82
1156.592 15.676
1173.586 100
1287.646 40.728
1354.869 19.018
1400.713 15.874
1454.934 12.336
1513.775 14.686
1721.539 29.369
1722.684 49.445
1723.819 41.778
1741.225 33.108
1744.363 23.782
