1444.8163 80 1
70.0772247314453 .62016733934328
72.0935974121094 .466609514737388
86.1095428466797 .277843740106222
112.098373413086 1.0062623955317
115.107376098633 .319987626296574
129.12109375 1.09228034300348
136.10285949707 .366376297280406
158.112655639648 .334839815727123
175.13264465332 5.43263684743988
199.13264465332 .264417056746527
217.14094543457 .304398920774901
239.165191650391 1.51793033418314
244.122039794922 .66947167945706
256.191253662109 .599422955390652
258.160552978516 .325183875568985
271.203643798828 .361129603502934
276.194366455078 .60699576753064
277.147369384766 .491556629947674
288.197601318359 .473209546610872
293.137664794922 .535511328302481
296.174774169922 .252237951434013
304.166748046875 .439087857015585
342.227508544922 .368484305661974
357.21142578125 .451841653255302
359.249053955078 1.45276702579099
360.173492431641 2.6612019322573
368.216369628906 .425358067221648
373.161743164063 .509148199437464
385.224914550781 1.02551372270397
402.255981445313 1.06106558498028
431.237335205078 .825064901541169
458.316833496094 16.4507297219579
468.302886962891 .652270252440718
471.319030761719 2.70070179372938
482.251953125 .756095138395946
499.274627685547 1.43006721939051
503.27001953125 .488697464161817
512.241760253906 .522290980897102
530.264343261719 1.25493476777898
537.273315429688 .884796327394304
538.293518066406 .841688645219407
539.303894042969 .587577134394739
556.319458007813 2.09161861692997
567.240356445313 .560323238117187
569.251892089844 .490623627480867
573.341674804688 2.5860639537627
586.295593261719 .887713527388563
600.320922851563 1.89553419005576
603.299377441406 2.05894985502721
611.285827636719 1.77303480848077
628.308837890625 8.43167850673672
696.391418457031 1.37407042102984
725.352722167969 .958498869760364
731.411071777344 3.58343199239619
743.346130371094 1.21815987767856
799.43994140625 1.30033395762433
817.455932617188 36.2897314494033
844.421203613281 1.17695284520077
872.433471679688 2.75571373996567
889.444091796875 9.50054100570899
915.469482421875 1.45403166304754
928.465881347656 1.22208438873978
946.498229980469 8.05928775256758
970.483215332031 1.49765349945391
987.447937011719 67.0719187904547
991.422119140625 1.77099963070449
1043.50671386719 4.71572128973449
1052.47033691406 1.32103844276496
1060.53332519531 9.99660544479163
1086.51611328125 1.56102228710907
1171.56005859375 2.62810867331214
1175.57983398438 2.0680698869373
1189.57202148438 5.37698786427057
1242.64428710938 3.73267621968155
1270.59814453125 7.97126328491146
1281.62438964844 3.81968281177962
1288.59594726563 93.448737858971
1299.71826171875 10.1902393702843
1304.97082519531 6.31851504827466
1384.60571289063 4.83331422651756
1400.59033203125 5.05598738148912
1402.65466308594 9.39511336238821
1413.57568359375 8.20636313870672
1427.84338378906 12.2855331612473
1438.93994140625 13.7568580315024
1439.79284667969 18.2190160454664
1445.05993652344 24.5012748130044
1454.18237304688 8.26205071422516
1456.23083496094 100
1459.79736328125 27.4813281154262
1461.24450683594 13.9076675328878
