1189.6310 80 1
70.0706939697266 4.30503756828738
72.0867767333984 .450678132193805
86.1010055541992 .923990708680548
102.059448242188 1.29686448263139
112.092666625977 5.06955502326354
115.092124938965 .381249527662278
116.075965881348 .823108562878474
120.084266662598 .637003442702735
129.119171142578 2.58829956508529
157.112075805664 1.80646216054497
158.09831237793 2.42329241849714
171.11408996582 .670771294458545
175.1220703125 57.3225123627542
185.124603271484 1.51388090469754
199.096923828125 .439893199522512
215.104843139648 .482404276654809
217.136764526367 3.20322193517951
226.08561706543 1.18517678625323
227.102081298828 1.79201114009767
244.093978881836 5.14686580680713
245.12483215332 2.67473333690207
253.167846679688 .457599933029466
262.1572265625 .619258407379549
263.122680664063 .67610640635862
271.177520751953 4.95273837129479
284.198455810547 .484974894931445
286.142547607422 2.31079226928598
288.199829101563 7.83126446304982
298.169464111328 .424477190128254
317.218719482422 .562588155585816
327.12548828125 .599088805034869
332.156860351563 .625601695141747
338.09765625 .965843314085517
342.214782714844 4.15351923902626
355.125152587891 2.32637990115445
359.238250732422 16.2999535816902
360.157897949219 34.8389921245929
369.164886474609 1.46747355627468
373.133514404297 12.5293661516992
377.181640625 1.16680024113463
399.197814941406 .811761155808385
407.152252197266 .664647055706123
416.279205322266 .793865509804385
425.170196533203 1.50064882939289
427.17822265625 .946547003126521
431.226196289063 5.97228336377492
433.215454101563 1.17677595936808
435.149200439453 1.32520874865105
441.269104003906 2.23607426153683
452.174774169922 2.05279173392091
453.161834716797 2.11600966718982
458.303955078125 100
468.285095214844 3.00139272017043
470.188110351563 1.77565422103991
471.186828613281 3.29000112603379
489.1953125 4.24206704107401
502.269805908203 1.57692793872159
530.255187988281 9.74318156234187
538.285522460938 1.17763399985632
556.303833007813 8.28342792937882
560.259521484375 1.11367754525243
570.244506835938 1.01460306796334
571.245056152344 1.13889050026412
573.325866699219 9.31521286144312
588.259094238281 2.68949848828175
599.245544433594 1.04978638960461
603.229858398438 1.29685414397231
614.204833984375 1.02185693229876
615.338500976563 1.22903779812844
617.253051757813 1.86173799678955
643.334045410156 1.50044180682187
659.291442871094 1.69038689348872
686.276733398438 1.47593869042614
696.272216796875 .81879540487331
697.237426757813 1.73420422993887
702.30419921875 1.46810828466079
714.267822265625 3.34233298161153
720.402465820313 1.32475815768779
730.377990722656 1.12582228262028
732.272094726563 5.95944669688653
773.34326171875 1.01820030811831
775.404052734375 1.02082562189904
782.404968261719 .967153048718502
786.322021484375 1.14540485744278
800.418884277344 9.32065778978043
803.344482421875 2.31173772517218
804.320922851563 1.81799616959234
813.332946777344 1.52006721794734
814.312866210938 2.21318197790799
814.858642578125 1.17385083841052
817.441040039063 68.5777987075772
819.068664550781 1.50313582299097
831.335083007813 8.81350588945978
885.345642089844 1.03373237602066
902.372009277344 4.37025084002014
929.44970703125 1.07343843668031
946.479553222656 4.83016463756788
1015.43493652344 .753144334388325
1043.47009277344 4.32876140431246
1060.47607421875 16.3332691935785
1171.64050292969 2.58945869197146
1173.58068847656 2.55698065303376
1189.84167480469 22.1899199829503
1196.83654785156 1.48527554921084
1197.93408203125 1.72845900151386
1200.13562011719 4.04755245927069
1202.38830566406 9.59010794667603
1204.50402832031 9.94944420561165
1204.83569335938 9.48239001885543
1206.12963867188 6.81203357216214
1208.33520507813 4.53239124625047
