1299.6770 80 1
70.0721893310547 3.96030627761408
84.0884399414063 5.18547232764687
102.061408996582 2.69194966408535
112.094589233398 7.97024104057442
115.093978881836 .642991590039969
129.109649658203 45.1163565467977
136.082077026367 22.3989634882572
157.1162109375 .760996427355871
158.095687866211 2.09948537635565
171.116989135742 1.1242104536277
175.122146606445 56.5566247799855
181.110687255859 .900030734852422
185.122283935547 1.1504522549915
199.114334106445 2.3686444167596
203.112258911133 .711280165402594
226.152008056641 1.26540176575435
231.104293823242 2.27499717001906
240.137023925781 23.8760028042444
249.12646484375 8.45842303838743
254.146835327148 .678340857207576
258.143920898438 14.3266934100297
265.119750976563 2.27813934716111
269.125854492188 .796327048946901
277.118499755859 39.2700409324377
282.152374267578 2.86659121047891
286.150970458984 .751028122974697
287.138122558594 2.45240017202214
293.114562988281 16.065956893217
300.158996582031 2.47654071620515
304.161193847656 14.3501803951584
310.138519287109 1.08396082433985
311.136413574219 2.5072856791128
314.143463134766 .964283548984362
327.203826904297 1.76151666287905
345.188537597656 .680662891060821
355.186462402344 .828141591782187
370.174499511719 .905732373372413
383.208618164063 1.01109405085408
385.172058105469 1.05003188535118
387.190246582031 2.40646041828736
388.18408203125 5.87503135147559
394.169158935547 1.67580108075952
395.153350830078 1.21055630457484
401.209442138672 1.21156805205662
403.194793701172 3.84317455007026
405.205596923828 13.9967802379237
410.223815917969 .936086032516503
411.195709228516 1.29091295637619
415.201080322266 1.01185671696181
421.205688476563 6.07667511727178
422.174530029297 8.51435126505928
429.19873046875 5.57047364754053
431.211059570313 .906438103932235
440.178985595703 19.6047355537204
446.223419189453 3.17125229063893
447.214263916016 2.13731443531982
456.231536865234 1.00966211250587
458.307037353516 1.17796648082037
468.168304443359 1.98892101516783
471.224060058594 1.07785675819209
488.245758056641 1.77645116693175
489.224609375 3.15473296790533
506.246215820313 3.88699913888199
516.233032226563 2.12350749506495
539.273986816406 1.28966596537447
541.232971191406 1.96627138328536
542.244689941406 2.99143310379371
543.265686035156 4.02646032903553
550.263671875 1.4860483647128
551.241394042969 1.35094159081941
557.285400390625 2.93509137222199
559.281372070313 2.65957287106648
561.276916503906 6.22079958272561
568.26904296875 2.78035734947148
569.224426269531 8.04806864981604
574.314025878906 1.24971319183664
575.294555664063 1.76357827018156
586.273681640625 38.5609123174773
603.29931640625 64.5327258722246
669.331848144531 .79453777247705
670.366333007813 .87909110297928
671.350036621094 1.80882376666149
679.30908203125 1.31986062897255
687.368347167969 2.80280787000864
689.369689941406 1.52288412666734
696.366455078125 1.6802444296932
697.331726074219 2.679606053607
697.927978515625 1.23005803431079
712.345764160156 1.01369382022374
714.367065429688 16.4661607731707
731.391906738281 100
732.99658203125 1.63070169710956
776.354919433594 1.31389229726418
794.351257324219 5.46440533095307
817.476196289063 1.21167556333058
842.423217773438 1.25573214586318
843.404052734375 3.31093778681661
860.426940917969 7.5580329153609
895.399475097656 1.75290024579188
996.44140625 1.03053278806895
1006.45544433594 1.91448808313776
1023.48822021484 5.6178152760701
1125.47119140625 4.30970610691125
1143.45690917969 2.56999068034037
1153.49560546875 1.12351002874342
1170.49072265625 21.3414927545895
1189.63330078125 4.022132388737
1255.48352050781 7.20722966208159
1281.68151855469 5.19695865510759
1283.66552734375 6.382096778543
1299.90673828125 49.7302963561709
1302.88427734375 18.0254224750675
1308.05615234375 3.26363627408634
1310.12622070313 7.71291013893505
1311.1328125 15.6666813142915
1312.16198730469 36.400637574143
1313.71862792969 27.2747768592676
1316.02697753906 14.2174926132813
1316.80554199219 11.9487003929575
1319.18334960938 6.66551410853605
1320.919921875 3.11625557985026
