2983.6677 80 1
70.0788803100586 .97030223479948
72.0886611938477 .717715898034178
73.0873260498047 .543124963144069
84.0918731689453 .493372390847162
85.0550231933594 .52857531743873
86.117805480957 1.32689883028249
100.871589660645 10.2961997222949
101.040199279785 3.20673777512025
110.100234985352 2.07203024158433
112.113433837891 .896727204747161
175.140563964844 3.89221509583175
225.121704101563 .79943316198094
227.182861328125 .426965726779518
252.127182006836 .748510349684626
271.194122314453 .859661194382565
288.210174560547 1.01816448986013
296.195404052734 .397828185423189
300.205017089844 .534185748483239
309.164245605469 .732526362564689
324.18896484375 1.34321121680034
354.152435302734 .853494989425712
384.294555664063 .614405192008802
401.295379638672 1.25795294410977
410.192657470703 .8442898147753
422.238220214844 .910325397417865
437.268432617188 1.43038787922309
438.184387207031 1.29102217047447
453.216888427734 .567527578572417
493.276184082031 .816688661347991
514.379821777344 6.13035701469383
523.248596191406 .828072843990168
534.284484863281 .979155821327973
550.308044433594 1.82235668533412
551.297607421875 1.44740239235824
552.234802246094 2.26558054731303
595.323486328125 .985213650672768
613.443359375 9.91890949547335
622.307312011719 1.73404667026519
637.334167480469 1.20738279296124
662.357238769531 1.06141429144033
663.360656738281 1.18406568024542
665.308349609375 2.80978859134023
679.326599121094 1.74027123646356
682.464172363281 3.75181934911084
694.363952636719 1.29411973205996
700.477844238281 16.8391317445584
709.324096679688 1.83348852973247
710.424865722656 1.8406882992731
778.382568359375 1.43703137343742
793.385925292969 1.97967059348475
807.47119140625 2.13586138786214
816.428588867188 1.29156693333638
819.493347167969 1.90792282953533
820.513427734375 3.85501510097308
822.498046875 1.85905425003966
837.527893066406 100
846.39892578125 1.40354275107039
846.815795898438 1.14007734270933
902.388793945313 1.39466015607327
903.417785644531 1.75118703161733
915.40673828125 1.53789280934972
921.458129882813 1.5042107882778
922.416625976563 2.59088666237727
948.548950195313 2.64574065367171
966.565734863281 13.1155824083477
976.546569824219 2.19051192543053
1031.47253417969 1.29990687809572
1059.48120117188 1.96624462647903
1077.58898925781 1.99800913362181
1094.61669921875 13.8432013924296
1104.61889648438 2.32596445259921
1207.6943359375 19.6537592613484
1217.69177246094 1.93106312363434
1287.69580078125 3.28850921851614
1304.71813964844 15.0676447483835
1321.74096679688 11.6569599628483
1331.74719238281 2.36666680387135
1341.6796875 1.60178551589006
1358.62426757813 1.75012841973516
1440.779296875 2.18072031373309
1442.76989746094 2.44806669284167
1458.80554199219 14.5868183430525
1471.73120117188 1.77064601131987
1498.80639648438 4.33995229846616
1515.81176757813 61.4724817732204
1626.82897949219 2.05782527785939
1644.85498046875 5.41911921112429
1684.87475585938 2.86153205114157
1701.86376953125 8.92598990121596
1741.8681640625 3.71872420967298
1758.89343261719 9.85607465203701
1777.77392578125 2.80386511419308
1871.95739746094 6.10816381801356
2017.99792480469 2.19470326473016
2035.02136230469 6.66324815914598
2105.0146484375 2.74190019053966
2122.0654296875 7.07247596783622
2147.99975585938 2.33302409365344
2223.0751953125 4.18089940649617
2284.96142578125 2.06347571839468
2322.16040039063 14.0999931548839
2451.1669921875 2.95508835372767
2599.19213867188 3.59147299633358
2638.22534179688 7.48503476970694
2639.92602539063 7.26467341860339
2655.20190429688 79.4435840531609
2661.119140625 7.20453989938937
2725.12646484375 3.55797886509858
2753.1259765625 5.53570076339175
2770.10498046875 11.0603549093863
2966.7822265625 15.8466525923184
2970.802734375 21.8813660852728
2984.02978515625 37.2496097560713
2988.02465820313 68.4273542135532
2992.5048828125 12.2372164076483
2996.03637695313 10.1939584486648
2997.23486328125 14.6282135815541
2998.1015625 17.5893353758519
