900.5703 80 1
70.0768814086914 .828100761094179
72.0937042236328 7.3628214102246
86.1097564697266 1.14027016132815
87.0714340209961 .735890395102093
101.088386535645 2.33859690414432
112.101303100586 6.66190024559491
129.125106811523 2.98397608337671
132.088226318359 .915358604007044
157.120635986328 2.11430356126608
158.102340698242 5.31056032435487
173.102066040039 6.29524645626935
175.130172729492 79.7551432274393
183.140090942383 .727841277287983
185.15202331543 .797170863532123
186.134063720703 .835506047156963
213.164947509766 1.98999819297748
214.144744873047 4.91117255525181
226.124771118164 .920651884255361
231.155975341797 2.00839965589664
243.123275756836 19.190340738838
254.160186767578 8.55006447533482
257.171264648438 9.65951867786179
260.157836914063 .718568505094354
272.174652099609 4.77853279145669
274.198211669922 11.1861029277163
284.19140625 1.0185784792876
297.173248291016 .929497516383484
311.185668945313 1.79567084297591
314.185241699219 1.04330013073617
315.180633544922 2.21363691123321
322.165740966797 1.34112913380281
324.190612792969 1.29496178672665
325.170104980469 1.20504565396617
328.217834472656 1.28289680251165
332.212799072266 1.08282523891665
339.177795410156 4.62389638285792
342.192016601563 10.9994725318752
345.254150390625 1.23011851922851
356.206909179688 12.4626827568646
358.211303710938 1.8875175148462
359.225250244141 1.13032206766849
368.207611083984 1.77937650953602
370.253967285156 10.9454803699985
384.198791503906 1.11715854736653
386.216369628906 15.8408370484481
387.271453857422 12.0215122782285
397.232788085938 2.38951239585935
403.243560791016 16.4612759743592
410.244476318359 2.69494506914076
411.257171630859 3.34988315563681
415.209503173828 1.51971768062686
427.238708496094 2.2862071011815
428.276794433594 1.81402441673199
438.248474121094 2.74015815492832
443.234832763672 2.7767465262206
453.22021484375 1.25366034342402
455.272125244141 6.66069120866321
468.265808105469 1.10084280260177
470.254058837891 1.19495995119885
480.273223876953 2.34637752617203
481.294067382813 2.4552053077654
483.268188476563 1.18014142311332
486.291046142578 1.85871436768208
493.269104003906 1.63977887420259
496.272552490234 4.90225550861152
497.244262695313 8.98907348818517
497.820678710938 2.94691412862987
498.299957275391 6.80589728722117
508.299743652344 1.2290962056929
509.283111572266 1.46173963745034
510.272521972656 2.07520878940443
511.279602050781 2.33352082937796
514.273010253906 33.8590598047881
515.314819335938 17.5377328729064
526.304931640625 1.66319489924685
528.290588378906 1.75421135009482
535.290466308594 2.62738905885991
537.296875 1.82697782908361
539.312133789063 1.50272084180705
541.352966308594 4.16304806240244
548.309143066406 1.07402477041539
556.309509277344 1.98136403471992
565.302124023438 1.99116483594825
566.303100585938 1.73394973498572
567.306518554688 2.04556790025109
582.323974609375 5.66444753399853
582.907653808594 2.03779239306926
585.331909179688 1.92590168877595
592.330871582031 2.43004124106038
593.3095703125 2.96286182303803
595.323059082031 3.88464443706934
599.357666015625 5.28454072087223
609.346801757813 4.47384455730609
609.944274902344 2.9133289998308
610.328735351563 6.67757764750623
612.351806640625 14.6959223128567
627.35498046875 12.9735297928003
629.369995117188 6.32930386564522
639.38232421875 1.3130038024852
696.354309082031 1.32559646059564
726.422912597656 1.97664149793314
728.441528320313 4.82269806092734
829.434448242188 1.65344893656341
837.516967773438 2.62693488408104
856.433898925781 8.87222979745048
882.507934570313 4.02541521715381
883.546020507813 4.65136973733683
900.766418457031 100
902.781921386719 42.3395021915191
903.796752929688 18.395787650909
906.80517578125 4.70404567326826
907.859619140625 4.54423425104774
908.070190429688 4.59918307823263
908.353942871094 3.52434652251512
909.830627441406 4.50086183732632
