1570.88 80 1
70.065 4.591
86.098 1.211
112.088 9.459
129.116 5.262
157.11 1.15
158.096 1.324
175.122 100
183.145 1.667
211.149 2.451
215.141 1.661
243.137 2.745
272.171 5.093
273.127 3.27
286.182 1.088
290.154 5.291
294.191 3.068
312.197 4.621
318.142 1.17
322.19 2.01
340.195 3.46
385.253 1.529
386.21 1.421
403.238 5.642
413.236 1.699
423.251 2.306
441.248 6.141
453.29 1.495
486.293 2.36
502.274 1.375
504.288 7.218
510.273 2.335
528.285 4.679
536.33 2.545
554.33 1.868
599.403 2.146
613.347 1.53
617.381 4.019
623.364 1.924
641.359 1.456
665.365 1.407
688.411 7.036
712.414 2.875
752.408 2.648
770.424 4.509
801.487 4.288
842.503 1.837
883.511 2.254
888.531 20.805
954.534 7.395
1017.58 2.414
1118.646 1.488
1328.763 4.981
1441.743 3.312
1507.865 48.754
1553.572 38.336
1572.124 83.299
1573.899 5.963
