1500.83 80 1
70.06 32.286
112.078 48.636
129.102 22.904
159.083 10.804
175.108 44.17
185.15 10.302
213.148 18.554
233.118 16.797
255.135 42.016
261.113 36.629
272.159 100
310.204 17.251
368.219 21.239
385.245 46.011
419.202 12.297
445.18 12.972
447.188 21.936
498.335 34.592
561.243 21.435
599.384 73.669
690.285 31.555
728.381 61.75
773.332 21.516
791.334 26.041
825.43 21.119
841.452 14.298
842.461 23.151
1003.488 17.208
1028.534 13.106
1288.635 18.441
1484.387 27.476
1501.473 85.385
1504.14 70.298
