1150.68 80 1
86.091 19.337
110.068 98.722
112.082 18.945
175.115 83.057
185.144 12.488
195.089 11.504
209.102 12.339
213.157 41.056
256.165 11.715
266.123 9.443
280.14 16.448
288.202 28.721
309.133 13.381
326.244 38.648
355.235 27.14
375.238 49.032
397.284 49.21
468.329 22.276
472.254 43.072
489.288 23.266
546.303 64.374
577.391 25.053
605.386 22.071
662.401 22.791
666.343 73.464
683.369 49.654
684.378 100
737.378 19.703
754.404 29.48
776.449 17.992
785.431 19.345
808.418 16.064
825.44 21.803
863.478 20.704
994.55 19.355
1151.092 52.989
1151.632 76.983
