1100.59 80 1
86.091 3.965
110.065 12.072
112.082 5.376
129.1 4.18
175.114 9.265
242.145 3.801
256.152 2.987
261.159 6.893
272.15 3.252
273.139 6.157
292.13 3.7
299.179 3.183
301.13 17.096
358.156 5.032
391.175 5.617
401.2 5.817
429.192 25.225
431.268 17.155
471.335 9.331
514.289 11.863
542.285 48.779
559.328 49.359
670.344 78.082
672.411 42.072
727.369 28.15
743.454 19.545
800.477 100
812.46 18.209
813.435 13.587
840.449 59.8
954.467 39.989
963.505 43.78
972.464 32.796
993.52 6.825
1038.572 48.622
