1066.6492 80 1
70.0814743041992 8.40797155020457
84.0956192016602 8.27543811010021
86.1025543212891 4.80925128579605
110.093246459961 1.96172951637982
112.099853515625 11.7997431779528
129.116363525391 13.3116076982163
157.121017456055 2.56307038696463
158.10334777832 4.5619121938109
175.130767822266 67.6037491351738
215.145919799805 1.9076553522156
217.148071289063 11.3785333938139
229.143356323242 2.63148340353762
232.166595458984 2.015482608633
233.18376159668 2.85606336811133
235.133041381836 2.12113997781162
245.14208984375 44.1561940818599
254.165634155273 8.82284309450555
260.15576171875 12.1065606366315
262.174072265625 3.78500438252726
270.179382324219 3.72804475511591
276.150390625 2.49999788508312
286.165008544922 8.81550667070652
303.190826416016 19.6633628600433
311.202239990234 2.53685650568987
313.189147949219 1.79853698055562
318.165649414063 2.23817025788409
329.196868896484 1.95469368169666
330.233612060547 5.44460067523808
340.184783935547 3.87373021439328
342.176025390625 2.55890740905092
358.225982666016 40.5207011699636
360.243377685547 4.79456589726527
361.220001220703 3.59298413135568
365.205810546875 4.29598459923821
373.230041503906 5.33597596625239
389.236663818359 2.43660023657985
390.20947265625 4.75591448041009
392.205932617188 2.93134103782054
401.232727050781 16.7847461319499
407.217926025391 2.43793075525828
408.234710693359 3.31686846000408
415.240936279297 2.28932852409858
433.233734130859 19.0166209289965
441.27392578125 2.40475614288269
450.257293701172 19.8098461105378
460.243927001953 2.18708223400187
474.280151367188 2.74798510732864
476.281219482422 4.92465557057989
477.284454345703 5.23518239245913
478.301025390625 3.56798555167093
479.24072265625 3.03064809596725
480.248626708984 4.05047193898222
484.300598144531 3.03901844757047
486.314453125 8.70126434485196
487.296234130859 5.33821869577292
497.28271484375 3.07377326116673
504.285827636719 6.09783942119207
505.307678222656 9.61194174112234
512.27978515625 4.06536016726818
514.311950683594 13.60338988945
517.26171875 2.79247397879683
520.292846679688 3.24144946447019
528.294982910156 2.51602943568578
534.30859375 3.26277162821319
537.306518554688 3.9163075112493
538.267700195313 2.49305291754147
546.307312011719 5.50087660333247
548.296020507813 2.89871560468732
554.307739257813 3.91792732346481
562.312561035156 3.51413981163858
563.339965820313 12.6182763768623
569.311096191406 5.24178967244629
589.363159179688 9.8351313226349
597.337036132813 2.89907133894989
600.32958984375 6.12577004473123
605.361328125 4.95815751440874
607.303894042969 5.50542883082375
617.368774414063 5.07650332521564
624.351623535156 4.36541338766575
633.366455078125 4.48282395950669
652.343444824219 3.37872225195846
658.424926757813 3.21608610532051
661.3994140625 4.90552592892987
678.376647949219 3.61353928815715
679.365844726563 4.46262527981049
701.410461425781 3.42556543229118
703.34423828125 3.06913403368567
706.338745117188 4.61179692175212
710.424072265625 4.89817895239477
720.384216308594 3.59512277550421
735.4580078125 4.01529204457202
765.448852539063 4.5506025010161
790.430358886719 18.281575013347
807.454406738281 27.7060793184299
821.419860839844 3.21563270909051
834.431762695313 4.78093132528606
910.474365234375 5.95971673425568
918.496520996094 5.28810215721102
935.512634277344 6.12259190145821
952.450805664063 29.4762250692724
1066.859375 100
1069.88806152344 25.2438562084165
1075.00793457031 35.4424566214468
1076.10180664063 55.0314012370942
1078.55920410156 31.3662741972884
1080.01318359375 21.2704101539054
1082.11254882813 12.9775106520847
