2377.3137 80 1
74.1395034790039 .752503070474426
80.297721862793 32.7504877508988
110.090385437012 1.77858963393955
175.110305786133 1.39144183737901
251.159255981445 1.29267809121962
267.122802734375 1.98152920100679
284.141845703125 2.84943104115669
312.170135498047 1.11175172218434
332.23974609375 .904256634881586
361.126159667969 1.86701779445644
397.220397949219 4.29862883585495
404.169128417969 1.83485777528704
408.193084716797 1.96794057636185
444.332458496094 1.87681036156692
446.218383789063 1.65642033633952
453.200561523438 1.85158526855467
474.205108642578 3.69973926004235
489.259796142578 2.42678236947364
517.249572753906 4.45752036551542
519.215698242188 1.41730429604377
544.259643554688 4.81024516459888
562.262634277344 1.59489467491488
568.209533691406 2.58819846190367
581.371765136719 12.0874433522393
588.30078125 4.95702490242902
590.231872558594 5.76177952625088
616.301391601563 1.63727414195223
632.283081054688 1.75174300358994
643.330383300781 3.66873849312937
681.26806640625 2.54305612261807
692.404357910156 1.84838192822858
701.362243652344 5.74918415931725
703.32177734375 6.65127490331154
705.272644042969 2.7991793951302
706.280456542969 2.13072135131962
710.404602050781 12.3822000930342
720.378601074219 2.69850520321963
757.320983886719 6.17896896719125
774.3525390625 6.17356741449179
790.336120605469 2.24194878948896
818.343383789063 4.31412602229488
829.491943359375 2.45461745761821
845.941101074219 2.95356227070997
847.466979980469 100
870.399291992188 4.35640126132267
887.436645507813 4.98198622400928
889.3837890625 3.33370355956133
890.401123046875 2.04796253755391
917.443786621094 1.86695655929315
927.434875488281 3.73558484205721
931.423950195313 2.55868220854974
945.458190917969 2.85396726511369
962.493530273438 19.643380068366
1002.44769287109 4.37061748051869
1015.5478515625 3.80747183213405
1017.49011230469 4.17903366356411
1033.52978515625 66.954176496989
1112.53625488281 2.16045100552874
1116.53833007813 2.79387108289165
1130.53540039063 2.73743411447751
1131.5283203125 4.8734949401641
1148.54943847656 23.7988141286108
1177.53295898438 2.28347329173863
1261.63635253906 18.133063494081
1323.61413574219 3.00813175987018
1360.68273925781 13.0194768263264
1507.76391601563 10.9294365972623
1552.6259765625 2.8873087751272
1620.84448242188 5.24273306753792
1667.82409667969 3.70554497184591
1691.87866210938 33.8492395254608
1770.76330566406 3.50673396520958
1796.77502441406 12.8683741599983
1903.95654296875 15.1901484829958
1906.87390136719 9.44820219350355
1933.84765625 13.7683350234566
1938.65734863281 5.99839030005559
2017.06066894531 3.66829691839195
2018.99584960938 4.90552946765062
2019.94763183594 7.48075736110884
2020.85009765625 6.3009076053165
2046.88061523438 12.2326391967237
2075.00244140625 4.09221520088371
2117.89672851563 8.31566940698156
2130.95776367188 5.55453647627539
2231.796875 8.04257083728658
2328.900390625 7.27858421728007
2330.0771484375 11.2323715523345
2332.6875 11.6384547685479
2360.33959960938 12.5625176236416
2361.52294921875 14.1916481212538
2377.67065429688 18.959045675465
2383.4716796875 8.88783503356342
2393.83544921875 10.5896832537086
2400.91064453125 14.9867920917204
