1109.6294 80 1
70.0807037353516 .657339141900821
72.0939865112305 .982057837006633
86.0903701782227 .757959256986138
110.086036682129 10.1169207537529
112.098152160645 3.15322043121395
129.128967285156 1.29137621903216
158.107391357422 1.55698324482136
175.133148193359 14.027703548888
195.105087280273 3.31230685659679
230.130340576172 .895305574584723
242.162826538086 .537253075238443
258.164459228516 1.21445309429072
259.161071777344 .744109917051173
262.152923583984 .697737345047996
266.139709472656 3.95964106253302
276.179504394531 7.70424021686724
284.210998535156 .979231765740386
285.147827148438 2.5552655745044
295.163330078125 .75521874155855
298.209991455078 .846801594448409
300.180541992188 1.44078107168661
303.175537109375 .624066204334431
313.138275146484 1.17921461783774
314.173156738281 1.48642096030118
318.208099365234 .675497766250523
323.160552978516 6.21362581723912
337.216400146484 5.61857927795529
342.173309326172 6.75297247694636
359.203002929688 1.50150331995486
365.206634521484 21.5969424821859
367.193542480469 2.03326899525845
369.201812744141 1.66813884565634
370.17041015625 3.1848604747589
371.206695556641 1.84488026201195
384.227844238281 1.13254857076997
385.217254638672 1.63613682489861
386.217376708984 1.62867039076552
387.217498779297 3.5446779323794
404.233489990234 17.5393832723385
409.226226806641 5.14928119508156
413.251617431641 6.06277392420854
424.213317871094 2.182846724963
441.248107910156 1.32314358416698
442.223693847656 1.95761783896992
451.229522705078 1.39880902765842
470.234222412109 6.93244210480769
479.228363037109 1.83530606752986
480.253021240234 1.33021003978034
481.264465332031 1.36982179620063
484.284515380859 13.9510868505417
498.324920654297 2.42754225968168
506.260528564453 1.33442884489282
508.296844482422 9.53297750600136
512.273803710938 12.9082914232616
524.266540527344 12.8033977354526
526.337524414063 4.83532816001742
538.29443359375 1.3458521141879
541.292907714844 18.8626225719223
551.280456542969 1.75688210749311
556.303405761719 2.26905602314479
563.282287597656 1.77184731460938
564.255493164063 2.38040616237485
569.295593261719 14.6857650914337
571.284729003906 3.10087314612287
579.335815429688 11.7723853724396
581.291809082031 14.3300000454361
583.367736816406 7.6719192794652
589.30517578125 1.50369447916649
597.38330078125 10.8869235038083
598.321960449219 23.0207958775339
607.291198730469 2.11101525426793
608.304809570313 2.89128960631945
670.437744140625 2.17660314149615
678.353942871094 13.0665831214034
679.336608886719 10.737675466154
692.420532226563 5.34537079385959
696.453247070313 4.39747281264788
703.3525390625 2.23818818649517
706.348937988281 18.9763273836748
711.333984375 2.70278306365266
723.363952636719 5.92062719485797
726.33447265625 2.72489707675875
728.352783203125 10.7166705745472
745.376403808594 18.2939256013708
755.361938476563 1.50334405740806
806.419677734375 3.32154517232872
807.424438476563 5.72064354376363
834.400939941406 14.7033744543102
852.403381347656 2.18910387558805
865.406494140625 8.59338282772781
878.498291015625 3.73506998159499
882.435974121094 9.14813917688701
891.437866210938 2.46124722407353
917.43408203125 4.80074494319827
918.05322265625 3.98514782524952
935.453857421875 9.69817834893613
952.464294433594 4.22211034507202
953.461242675781 17.1940680709834
981.480773925781 3.43039622585893
1065.44738769531 5.42296786465829
1091.61181640625 4.44353344107129
1092.64624023438 10.6539888888239
1109.84826660156 100
1114.8974609375 5.9285423305361
1115.9990234375 6.20162754803055
1116.97546386719 9.03901703284001
1118.01318359375 11.6459095445497
1119.13000488281 12.0676768698218
1121.13525390625 14.320495354217
