1404.9021 80 1
70.0722427368164 2.6587116514691
72.0895843505859 2.3072514418785
86.1047134399414 4.6699561805159
112.098777770996 9.3944364335831
129.124618530273 3.86809764205529
136.090682983398 2.12412890835117
143.128189086914 1.15695333362329
157.111038208008 2.27636538468212
158.103225708008 1.88436314616884
171.123077392578 4.26464400953237
173.126892089844 1.62477966947872
175.124420166016 81.3131406287632
187.156112670898 1.15202068462309
188.15234375 1.33779087592081
201.123123168945 2.57553033093274
202.143325805664 1.29822494104887
215.145233154297 3.322675337428
216.146392822266 1.4773538802249
228.139205932617 4.33252548239617
242.152847290039 3.80256012645799
244.138916015625 2.29023081847989
249.160430908203 1.81076551919694
254.146041870117 5.03240349461295
257.172790527344 4.35677137051374
272.166107177734 25.4673862350716
274.191955566406 13.1367733962903
277.165466308594 3.6639302400003
284.190490722656 1.34061973407279
286.170684814453 1.7148777137594
296.186218261719 1.48536893568708
298.208343505859 2.61832166050366
299.179931640625 5.63583527651335
313.213836669922 3.13929874396921
314.211212158203 2.18873210678158
315.208709716797 1.36248818693909
325.198944091797 2.42531215150737
327.192108154297 1.28434162790759
334.187622070313 3.3900621321205
335.184448242188 1.59712360493022
340.237060546875 1.41898848715698
341.225494384766 4.04334785254674
343.19384765625 3.37087033333809
348.195281982422 1.64032981301042
357.242980957031 5.10759186572174
358.214721679688 6.35160127519397
367.234893798828 11.9196372173466
369.250213623047 2.31421332120175
370.220428466797 5.31308780922732
372.196502685547 1.44809665306572
375.239379882813 8.08115459197591
377.234802246094 2.04800207394817
378.2158203125 5.98324863992991
385.245056152344 28.795428734314
387.261505126953 2.52407439259745
390.273376464844 1.72236318783423
397.23779296875 1.67730088346872
405.209899902344 6.25888565582149
411.247650146484 2.30506337634142
412.250305175781 3.69308524917443
414.249145507813 2.85165903499997
429.242950439453 4.07370712566283
430.251922607422 2.55451762479176
431.258087158203 1.95169348974323
435.22216796875 2.3981041743533
440.266052246094 1.7840420675178
442.275665283203 1.92392294158301
446.276885986328 10.4457113339268
449.245635986328 4.02072812340358
453.245178222656 2.06542165579026
456.293884277344 2.23708052269134
471.259643554688 2.85922930535179
476.26953125 3.88564748139733
483.279693603516 3.21630325173239
491.2890625 3.97486993534814
495.2861328125 1.84897419537106
500.290069580078 4.17459268891725
504.269897460938 4.64532625735542
506.246276855469 2.10766188264951
513.301574707031 2.55822439550357
517.30517578125 11.8017993354834
519.315368652344 2.36915523568025
520.307861328125 7.0218833535429
522.356018066406 1.66224617557389
530.305541992188 5.87085409168165
531.311706542969 3.54937850954794
544.300048828125 2.08010022223072
548.300354003906 23.7977028107307
562.317077636719 3.17111187257633
566.313903808594 3.67449087810316
574.321472167969 2.95871307890632
575.328186035156 3.83240825649333
577.30224609375 2.07674249696814
587.346435546875 2.00291777650344
599.357238769531 2.72690807054271
601.330505371094 2.66910926171956
605.330688476563 2.96183335864668
614.303588867188 1.93362934456948
616.373962402344 7.95602524024533
619.3388671875 6.31201585883919
626.368469238281 2.49867404722122
643.358093261719 2.60372957802664
647.358459472656 2.57575050092447
658.368103027344 2.2875672771881
661.393920898438 4.6341295873752
670.412170410156 1.91546542656268
676.358093261719 3.61760260933695
687.409790039063 6.54178493264504
689.416076660156 1.98017834122283
690.37890625 5.10859124187204
691.343017578125 3.29687924951472
694.417175292969 7.68438235358204
696.447204589844 2.47597112975429
700.394348144531 2.83443541082917
702.388916015625 2.55444775191534
710.438659667969 1.88750755849641
718.40771484375 8.54309767947675
727.397644042969 3.72778870692214
744.428466796875 11.1448395615423
754.379821777344 1.68522855796875
762.387390136719 2.18400786047907
771.444458007813 2.87268651836396
772.055480957031 2.743072412339
786.385437011719 1.99264186572089
789.437133789063 10.2449205007515
840.490539550781 2.56064568070234
857.502258300781 6.20490820763282
880.469665527344 2.14522163674274
888.520568847656 3.80290951741783
905.404968261719 2.53525086349586
935.365173339844 1.74712925546389
959.54833984375 2.25301977761415
1003.54925537109 1.87542882650683
1020.58251953125 3.16768653354516
1043.47326660156 1.78460705709822
1064.44616699219 2.46223814611994
1133.64733886719 5.09749019859754
1163.49353027344 2.75454368352089
1234.70227050781 2.45880860780597
1254.53088378906 3.14611271817368
1267.63903808594 5.1117092890823
1360.74597167969 8.47883504487454
1363.50891113281 6.67679054569346
1405.14038085938 100
1408.99633789063 17.9190855740437
1412.14416503906 10.2611509945407
1413.16027832031 17.0936817765381
1415.19641113281 19.9716937296658
1417.30114746094 22.0113519350066
1419.19299316406 15.1304866638348
1419.95568847656 14.2225224150699
1421.69970703125 9.4103669444297
1422.30578613281 9.79099397699951
