3569.9570 80 1
70.0865936279297 1.24888707576741
72.105339050293 .558472534318046
86.1296997070313 .548141086825543
112.109512329102 .998799270098946
120.786476135254 12.1419256867597
120.967353820801 3.37005067735236
129.143020629883 .704517973569567
175.149230957031 7.38729460850368
269.185150146484 .440682031103338
271.198455810547 .637630379087287
288.228485107422 1.35663189544575
315.299682617188 .422764396168932
341.203308105469 .496861472197519
342.241516113281 .612042564308393
357.222076416016 .679314577172293
359.265075683594 39.7488372691666
362.255401611328 .610533456878209
369.234832763672 1.20337006110866
384.180023193359 1.05306052602467
415.252899169922 2.09404816860947
439.263427734375 .989361459052795
456.272430419922 1.13987640444784
457.261260986328 1.85625082388109
472.456939697266 1.04243632204202
474.286895751953 39.581426345752
484.220703125 1.39222984313017
499.211151123047 1.01883038318711
500.357482910156 .692730483110563
514.313354492188 .623133677175336
518.255493164063 .766327890438032
524.277648925781 .65729588853998
528.342163085938 2.75220266792998
542.299560546875 .630163148717856
554.269287109375 1.22416469131457
570.242004394531 1.05624976148789
571.302978515625 1.79698733331389
572.281921386719 2.47087085642206
581.301818847656 1.28216805785886
582.274230957031 1.06862787258681
589.313537597656 6.57826561174936
599.290466308594 1.76620645661062
627.393371582031 1.20784163511438
632.269775390625 .879480709716902
667.350402832031 .768974530060886
669.273803710938 1.9835595237849
683.306579589844 1.28721532149952
684.360473632813 1.023490364637
686.327453613281 3.37842448730559
694.385864257813 .899097298429766
695.347290039063 1.2184635992463
695.930358886719 .86624630368313
696.350830078125 .890242464532898
700.371887207031 .773681288393473
701.3095703125 .812616821654781
703.35888671875 2.75078097067461
712.377807617188 1.36106812780671
730.384155273438 1.21874687636816
742.4150390625 1.86592448320986
760.388916015625 1.50498135315306
797.396362304688 1.27140058342403
815.425354003906 1.34856862479759
825.952087402344 .639246211405119
840.394775390625 6.43794933069574
843.459106445313 1.66634251973511
845.376220703125 .948549906812994
857.416259765625 18.547039701664
953.477905273438 1.50385302834679
957.493041992188 .737714821267898
970.495361328125 4.48777657395258
1069.56762695313 3.0535952865472
1159.58325195313 2.03013018022694
1198.63098144531 1.23070502345428
1199.64147949219 2.32583895362652
1213.47204589844 1.48833959819156
1214.69470214844 1.64434974537582
1216.63415527344 55.117244896975
1227.66320800781 .87744373346491
1313.6328125 1.24065612029408
1314.62866210938 2.38428065895907
1331.66247558594 3.32059266132951
1430.7255859375 1.97787113487006
1469.76550292969 2.04634593157814
1470.72277832031 2.84298788182902
1487.74633789063 68.5652180742223
1584.76184082031 1.41517672990558
1585.73779296875 2.46958972579906
1681.82763671875 3.61652698769781
1695.77990722656 2.60772400826526
1697.93493652344 4.93134995737065
1699.82055664063 100
1796.84143066406 1.41922695599074
1797.83032226563 2.79823364833707
1814.82922363281 1.53400285910418
1901.83752441406 2.30581260822063
1998.89074707031 1.07750617691956
2015.86962890625 1.03107010350865
2073.9296875 .824477407242585
2099.92846679688 1.90227694061231
2116.95727539063 15.207272510162
2215.89990234375 .924059266916259
2232.95336914063 1.0342716821493
2516.13403320313 .685134373329903
2663.3662109375 .55305563931033
2859.31616210938 1.01934250105859
3028.38623046875 .43241726288336
3258.40893554688 .703076537629625
3553.3291015625 3.2353399107365
3553.9775390625 4.10117724967382
3555.634765625 4.32412194421132
3562.6220703125 1.59904530855047
3571.4521484375 6.34286433934213
3572.34838867188 7.92492095605164
3573.22680664063 6.85582241083136
