1576.8799 80 1
70.0733337402344 2.81392308005114
74.4610443115234 1.65427393302711
86.1119155883789 1.74844157866972
129.136337280273 1.4623053852938
175.134719848633 12.12238220395
201.122100830078 2.01652662039462
229.119445800781 1.82604682390168
244.151077270508 1.70615923971472
246.138168334961 2.11622138884079
261.170989990234 3.45475787995576
268.197448730469 1.54190335363419
269.16455078125 1.38073958628345
298.167510986328 2.59185514110379
312.191101074219 4.35803943596049
314.155090332031 1.65126027704854
315.164184570313 1.67255304357169
374.246887207031 3.38866586783168
376.196929931641 4.6236140125396
385.246276855469 1.9803727796487
409.190216064453 1.95954449780854
428.206481933594 2.81000824813329
429.218597412109 2.23971651484125
488.294769287109 2.26484037684191
490.220275878906 7.29264044804603
499.270080566406 2.74645240728528
503.291534423828 19.4221498303728
556.319885253906 3.08354266835414
557.279357910156 2.44822628828836
558.296813964844 2.7949605663455
574.320739746094 55.647834698375
593.286010742188 4.17553423841716
619.257202148438 12.8014989126891
621.265075683594 3.29167038457609
628.318786621094 2.52947541966826
629.3154296875 2.54813378680055
630.360778808594 3.33803503445269
636.300476074219 2.86736868843191
670.371337890625 3.03655514963385
687.403015136719 43.5624674061726
690.308349609375 18.9624759111516
758.441284179688 43.3970478972442
775.35302734375 5.70810310452079
786.355224609375 3.72442554955346
791.346801757813 3.68362901186578
803.378295898438 17.0062908420827
808.392761230469 3.41227425160504
819.364379882813 7.44856981754591
855.366027832031 4.37664355515705
856.429016113281 3.82999313192287
871.479370117188 4.03088255048884
872.394287109375 8.13696376692211
872.996826171875 5.06517048191519
873.370666503906 8.82144920886139
874.4140625 14.1579914324319
877.417419433594 4.11004171306274
878.406372070313 4.02547288777368
880.392822265625 3.27952115470027
887.467163085938 19.6759116699404
890.396484375 14.8922348858413
903.488830566406 4.7965367506499
947.477233886719 6.77385390251745
984.490478515625 6.79336038689518
986.115112304688 5.61700589095201
1001.51867675781 22.045617383174
1003.46405029297 25.1758680303689
1058.111328125 5.49069409825235
1074.54333496094 6.56903346528127
1116.52465820313 6.58634917559388
1148.56396484375 12.7268334625336
1203.55285644531 10.617553022776
1316.63623046875 4.79031485477079
1359.64611816406 9.18718891130193
1376.64953613281 92.9247693637501
1380.63330078125 5.95544403932778
1422.72680664063 7.13112171784303
1577.16662597656 21.348699209154
1584.25952148438 19.6409442789553
1587.28271484375 25.3383132698128
1588.28247070313 34.429513759869
1589.33020019531 51.5114479191811
1591.31762695313 81.6742001125711
1593.3896484375 100
1597.19274902344 44.4385880597785
1598.11975097656 31.4484740111304
1598.86657714844 30.1356167957397
