1109.6167 80 1
70.0738067626953 .886207926410347
72.0972137451172 .981498401975904
110.085472106934 10.8900258514295
112.098205566406 3.018578077563
129.119171142578 1.75462460257704
155.108749389648 .797701131304608
158.105667114258 1.58970017456374
167.114456176758 .6406587037838
175.128784179688 13.3415558098995
195.098281860352 4.15719626243146
227.192794799805 1.00427066353223
230.128189086914 .957440567718954
237.153244018555 .590345258002682
257.157958984375 1.37065018406061
258.154327392578 .938197809957086
259.146545410156 1.17282957889831
262.145721435547 1.03259164178355
266.134002685547 4.70570809933605
276.177825927734 8.65004168648732
284.195404052734 .846294744169699
285.148468017578 2.1369642001825
295.159210205078 .934294420222011
298.220245361328 .831813960605133
300.172149658203 1.82199174378414
312.195190429688 .743095565072834
313.1376953125 1.29919168045275
314.179412841797 1.39490615774561
323.158752441406 7.22796161535517
337.206268310547 5.54790461646917
342.168792724609 6.23607435243286
359.190826416016 2.14806656506374
365.203002929688 21.5876925822292
367.1943359375 1.70412706324125
369.204650878906 2.17342127894446
370.164123535156 3.40567296029103
371.208953857422 2.75214441754559
385.215209960938 1.57205847672374
386.221557617188 1.9290381133418
387.211486816406 4.50807555757886
399.235870361328 1.48391060344157
404.232574462891 16.681834481921
409.225952148438 8.27690924616893
413.252960205078 8.57847758978881
414.225036621094 5.30193223244143
424.212615966797 2.13954365416022
442.225402832031 1.83084448465806
451.234252929688 1.54089606000834
470.242645263672 6.20037982424512
479.237976074219 1.72780986745161
484.285552978516 16.3494299732661
498.348419189453 3.4680584550094
508.289916992188 15.3493198866006
512.2724609375 14.5911303602864
524.264770507813 16.3766630093149
526.33740234375 6.56015762845043
541.288208007813 20.2011528927039
546.2724609375 1.88657993049391
551.286437988281 1.71276034486415
556.302429199219 2.14770082989186
564.264953613281 2.59589583781507
569.285949707031 15.9761941373296
571.274536132813 2.68731151445923
572.278137207031 1.91735912694204
579.32666015625 19.4325231863727
581.28759765625 16.097445888364
583.3642578125 9.57385464419283
588.305725097656 1.80921551636201
589.293029785156 2.12872331534578
597.378479003906 13.7012322384255
598.317199707031 29.4548738093723
607.276062011719 3.03647394051684
608.299743652344 2.02283686014651
625.421325683594 2.11332437490468
678.352172851563 17.6849718572024
679.34130859375 11.0961278782866
692.426391601563 10.3979739003706
696.4462890625 6.97901321443973
706.346252441406 18.1969864532803
710.349670410156 2.48031102512905
723.372924804688 6.57642684690581
725.370361328125 2.79591914285916
726.33642578125 3.21969119680365
728.350402832031 13.6809846242257
730.405944824219 3.27521678993343
731.418701171875 2.13475377955802
745.37646484375 20.671068239593
806.39453125 3.24887369474079
807.419250488281 6.8975985704893
834.404052734375 21.5912345765047
852.406127929688 2.83814735251669
862.464233398438 3.32821468212728
865.39892578125 11.3406487311249
878.477722167969 5.46486360615637
882.431762695313 11.096611653633
891.453247070313 3.18280105420607
907.466247558594 2.93402968199093
917.434387207031 5.23848761121026
918.016235351563 4.61216442503957
935.445617675781 10.7837209848414
952.468688964844 4.93376317631339
953.447265625 20.363479531455
981.481567382813 3.6507714525077
1065.45349121094 5.90566708984385
1091.61572265625 4.9232827237663
1092.58483886719 12.1238757778027
1093.58325195313 12.0638810700424
1094.29064941406 9.07136418587881
1109.82788085938 100
1111.83947753906 53.0510913224438
1115.98571777344 10.6277025518897
1116.99328613281 14.7343376469127
1119.16333007813 21.3313628830183
1123.39709472656 15.8043921549616
