1066.6377 80 1
70.0790786743164 6.39661426070968
84.0921936035156 9.33675079184284
86.1133346557617 3.76807295970309
110.086143493652 1.5351044375475
112.100204467773 12.0407443372578
115.111099243164 1.68014392147037
129.120941162109 17.4538268055496
158.106903076172 6.55144594058656
175.133102416992 68.5539412832886
215.130966186523 1.37627377515863
217.147247314453 13.2002466006677
229.150283813477 4.15372060238948
231.16813659668 3.02920886457555
232.179443359375 1.9440800887647
233.174224853516 2.62982520066097
235.150939941406 1.56066360414116
245.144470214844 46.7128607684283
254.161666870117 8.61379820612502
260.153198242188 12.2552220896948
262.170440673828 5.52238688667877
276.149993896484 2.73202385665528
286.166198730469 11.6195486958568
303.193084716797 21.1239227445955
311.193756103516 2.67938501213284
318.178497314453 2.19785486065611
330.235229492188 6.29237388445013
340.188018798828 4.40389339144824
341.216491699219 2.12033470310313
342.193115234375 2.178013655709
358.226287841797 47.9510977273105
362.1875 2.41162917007472
365.215850830078 3.69850890662736
373.233642578125 6.37455000921528
375.245422363281 2.10382907724387
389.229400634766 2.34318412166388
390.232604980469 3.83193493240105
392.210144042969 1.94411053765327
401.233612060547 17.9260302627409
407.229736328125 2.63225589987063
408.229705810547 4.61669320827183
413.239105224609 1.97170839137141
415.240264892578 2.19761459105033
417.256896972656 2.44685837394564
433.232543945313 20.4771980489389
450.255523681641 24.5845300312584
460.235443115234 2.70609121858343
476.278747558594 5.55260532062721
477.296112060547 8.06118405094129
480.240936279297 3.11988633825274
484.259033203125 2.91725830854326
486.317749023438 10.8899886692797
487.308990478516 6.98778005168212
497.312408447266 2.47389613258727
504.278717041016 6.2808200424693
505.289886474609 12.7550926074782
512.265014648438 2.93988600865714
514.315612792969 14.8624332927757
520.283264160156 4.14734154421459
535.300476074219 3.32909974379034
537.291259765625 2.72456253326715
546.322082519531 7.46993806329953
563.337890625 15.4066901625542
569.294311523438 2.80377168030927
573.332092285156 2.67917341852348
589.351745605469 10.6761583535575
600.336791992188 5.72250315542334
605.355102539063 5.63626746009118
607.302124023438 7.76554920223921
617.364379882813 6.63812607648302
624.320739746094 5.63782589636607
633.365783691406 6.73505543002397
650.354064941406 2.79045431260876
651.360473632813 4.33301641027929
661.390502929688 3.73087401391995
678.368957519531 5.47590650342019
684.344543457031 3.21406685456487
690.404113769531 2.57055827069787
694.367309570313 3.01549131453389
702.409790039063 2.83119375070335
706.365417480469 3.89408528987489
710.412109375 4.15856348156195
720.380310058594 4.53535656929694
764.408569335938 4.14079107086554
765.427856445313 3.97894203824162
790.428100585938 26.007730691494
793.442993164063 2.67251725517048
807.447082519531 31.0456192848451
821.485229492188 2.97028333383094
834.447143554688 3.65391725158608
892.460388183594 5.30007370925113
910.499206542969 5.37803281781082
911.466918945313 6.36856419133398
918.504760742188 5.34446171665747
935.498657226563 7.22928102718121
952.455688476563 22.2131202651562
1049.62231445313 8.13076976854542
1063.78405761719 7.38057887377224
1066.86047363281 100
1068.87145996094 57.0752282343595
1071.93273925781 15.1360307076471
1073.96960449219 23.9522058763218
1074.97509765625 30.8760785062547
1075.99133300781 36.8654484944467
1076.49157714844 24.3815096156612
1077.55139160156 24.1101352793773
1078.17211914063 20.7543284747305
1079.61572265625 16.5972834432496
1080.21423339844 13.0481177589446
