965.6190 80 1
110.076866149902 1.19779695934558
112.101623535156 2.54794264691599
129.1220703125 1.54244841480578
157.113952636719 1.45459391901851
159.105117797852 1.5958878607634
175.128723144531 9.88215363234665
209.14225769043 1.39764391849943
220.115875244141 1.36006792242306
227.192489624023 1.61135657460861
228.15055847168 2.07273964947779
229.131637573242 1.18676828059688
237.145202636719 22.781607970388
251.154556274414 1.20219416110302
257.161499023438 1.29369729453349
258.140747070313 1.32702686775922
276.167602539063 3.64819355602328
312.184173583984 1.32015247853253
314.171508789063 1.44952367047186
341.221466064453 4.02599298874211
350.227508544922 47.162239348829
352.209899902344 2.3337568402402
357.177917480469 1.82596018170712
359.218627929688 1.51020052953055
389.239959716797 2.44256459150621
392.238464355469 1.7809096126904
435.311553955078 2.37492156427927
463.307098388672 21.936401525794
470.27490234375 3.48829516681638
472.289733886719 2.01601353389714
486.278564453125 3.8016632671473
503.282836914063 58.4768370513276
514.293640136719 1.86978829986782
532.336486816406 1.96926102467892
549.385498046875 3.54206017026385
556.286499023438 2.01987208559097
560.328369140625 2.46544330860412
577.348876953125 42.4072236013586
591.366760253906 3.46259732623162
616.366333007813 75.024858359749
662.431579589844 6.02893794082535
663.422302246094 5.34550210131505
690.425476074219 56.0664612318736
693.424987792969 3.47578882555316
729.446716308594 45.2530797682278
791.508911132813 3.46881033786774
819.470275878906 38.8699034201295
837.47265625 7.82391485834665
866.478332519531 15.9808902163194
930.014587402344 7.04450813870269
948.642517089844 4.74838898711508
951.082397460938 4.39465756523925
955.57373046875 6.59185979149029
957.529541015625 6.01294010517892
965.820617675781 15.843778958903
967.801147460938 11.7764511111053
968.937133789063 7.65854958475014
969.847778320313 13.5849994893319
971.849975585938 43.4819464797384
973.894287109375 100
974.126403808594 81.8414654266473
975.627014160156 40.1175130538364
976.515869140625 26.8925224160849
977.355041503906 19.0351627721833
978.735107421875 12.2007774875055
979.173706054688 11.8756448821516
