1109.6288 80 1
70.0820541381836 1.09787614836213
72.0990600585938 .874449538074371
73.1538543701172 .76166113750799
86.1116104125977 1.03057545201611
110.083465576172 8.29658189179406
112.102798461914 2.5523129699161
113.087921142578 1.01606190679399
129.118453979492 1.72341949919814
155.130172729492 .757919430005248
158.105926513672 1.55639160761765
175.130569458008 14.8344742233522
185.144378662109 1.1783674474438
195.096725463867 2.54710332129399
246.169479370117 1.48891280057756
257.15673828125 1.09373463012036
258.158447265625 .83670557005679
266.142242431641 2.72222467846191
276.173095703125 6.32249289294284
284.204467773438 .944635155142624
285.151580810547 1.68789797092877
286.154022216797 .946503197803496
287.174133300781 .644480418375258
288.208709716797 .974702346486904
294.198486328125 .966835832190734
300.167022705078 1.25717261050018
314.181030273438 3.59665713544569
323.158843994141 4.52906998962396
328.183013916016 1.26673462983085
337.210052490234 3.82560214773415
342.170013427734 4.66953325692475
359.18505859375 1.65219594997002
360.1962890625 1.57316033759183
365.203399658203 16.3229891958173
369.213623046875 1.33153040285235
370.163787841797 2.02727105713836
373.283203125 1.54341324092229
385.23681640625 1.50612855468662
386.245422363281 1.40367453962945
387.211822509766 2.69019480053257
399.225524902344 1.16878034478492
404.238067626953 11.1611263411758
406.224456787109 1.26596188625532
409.222717285156 2.95231079445517
413.256500244141 4.76439898714509
424.200592041016 1.84801870102318
441.241027832031 1.327461381019
442.240570068359 1.32769183098703
451.235870361328 1.33516393959266
452.2392578125 1.17300764587665
470.230773925781 5.28151994740513
484.286804199219 9.15017330896376
494.8720703125 1.22575895462733
498.280517578125 2.36750539233073
500.290954589844 1.32687599177858
508.290649414063 5.93427523071466
512.278381347656 9.94173036162613
515.285278320313 4.09419497688552
524.268249511719 10.4054830466247
526.352172851563 3.42761736901244
527.337097167969 1.92389329835611
537.284790039063 1.29523786225147
538.250610351563 2.02368030584168
541.290954589844 15.1093279132648
546.250915527344 1.47570144553175
555.329772949219 1.62215229682353
556.3115234375 2.58144996042812
569.29296875 10.1930189706811
572.245849609375 1.81138120924526
579.329528808594 6.1390608394533
581.286254882813 10.7281503486693
583.355224609375 2.25833019559627
584.377136230469 1.5978992988233
597.39208984375 6.13679563041715
598.311401367188 16.9338882385483
607.276184082031 1.72278299851639
663.304931640625 2.07794122318145
678.353332519531 9.87678081743069
679.344543457031 8.45262259673605
692.422180175781 3.6099881615221
696.4453125 2.66193816860269
703.372314453125 2.67035335606621
706.34716796875 12.5037111874609
711.339233398438 2.12727546596223
723.36865234375 4.15260618565433
725.360595703125 2.68902646220753
726.314453125 2.62176137559275
728.352783203125 9.96954089998902
745.373779296875 12.0139061997493
785.529052734375 2.47083654000135
807.446655273438 3.88779092447329
834.399658203125 12.8414433083153
862.441345214844 4.75175906282136
865.409057617188 8.50852689696885
882.434143066406 8.26608112302091
917.439331054688 4.8207295288299
935.448486328125 8.68022353812334
952.46875 3.55637959295223
953.459899902344 14.5774225039605
1065.49108886719 4.89132240893504
1067.451171875 4.80845686863326
1092.61950683594 9.77097243600009
1109.8515625 100
1115.974609375 16.6978825734164
1116.9931640625 22.1013966624624
1119.29150390625 20.4297827384537
1121.09289550781 25.2965211153712
1122.71520996094 19.7103960232243
1123.66235351563 18.4692482467274
1124.34399414063 16.4727447004779
1124.82275390625 15.453537448368
1125.11547851563 14.1788989884686
1126.39685058594 11.98185516691
1126.82788085938 11.6851626616128
1127.05041503906 9.88565512641165
