1447.8588 80 1
70.0814056396484 5.94429102686402
86.1081161499023 5.05643984583854
112.105209350586 12.5132514923503
129.132339477539 5.27761859550335
136.082427978516 1.39815610953814
157.137939453125 2.48666891354344
158.107604980469 2.47598402827753
171.127563476563 1.9378570939341
175.133651733398 79.420325173776
181.114501953125 1.21293461196669
183.167266845703 1.01024651912242
185.142059326172 6.09479623139222
187.163940429688 1.62304239827688
199.126480102539 5.44221078109794
201.107192993164 1.39677098860241
211.150314331055 2.11795416867326
215.149719238281 1.29791594590177
216.142181396484 2.13329461439912
229.150573730469 3.65179626439848
232.157730102539 2.50650504121421
242.147888183594 1.02742210735137
246.170913696289 14.2381411764867
256.168518066406 1.9812548184006
259.068969726563 1.21359025683771
265.118682861328 1.33047293706328
268.179901123047 10.9067910689057
282.191009521484 1.74394890082606
286.190765380859 26.0897481337498
293.132110595703 2.39870671976057
312.206207275391 2.48099056080169
330.149719238281 3.38686066817977
334.184387207031 4.23593354452208
342.228973388672 2.94622545579989
344.168273925781 3.02039961849269
359.255950927734 9.12815608801851
362.187133789063 4.98554729220993
371.274383544922 4.60113876470688
379.198364257813 1.32620191518384
381.266235351563 6.36336416824686
381.906433105469 2.13965118713077
383.244964599609 2.72807167408652
389.287109375 2.6974292258043
399.274505615234 5.43255748390389
404.224517822266 1.57296931492576
413.260650634766 1.97969403997052
422.187835693359 2.96943852108478
424.195770263672 1.38947121324163
430.289306640625 50.3895260027746
440.272155761719 1.86949097623732
447.289764404297 1.92383743294998
463.228485107422 2.50667701561065
475.255126953125 2.38449968840724
478.280578613281 3.16344605540445
491.224029541016 16.5820683214716
493.212829589844 5.18230185642244
496.315307617188 2.43419119034475
517.302612304688 2.24306751723622
542.323120117188 2.3823615142359
559.332580566406 40.7455973984456
570.301330566406 1.75405404777573
579.384826660156 2.04656744751834
592.271667480469 3.23788298731488
597.361938476563 2.58281802384523
602.267700195313 2.45597690599453
604.30419921875 2.13161578087904
606.290771484375 2.10691214315618
618.276062011719 1.8750104747839
620.272705078125 20.1584489920493
629.353332519531 3.05099721937954
637.283203125 1.62760240305509
647.319396972656 2.51889537004861
663.313232421875 3.49963691691225
664.293151855469 2.79088795555477
671.3720703125 2.68874441857909
673.28759765625 3.76786171552277
688.380310058594 8.46853286556796
691.304138183594 22.447592732193
694.437194824219 2.27723925512344
696.605163574219 2.14568929436611
714.401245117188 2.05142794320621
720.352172851563 5.39406949373531
733.378479003906 2.54800646905552
758.349731445313 2.38066449235805
759.370422363281 2.36284453345683
760.420471191406 2.59302313550557
776.396667480469 5.0914134391221
778.382568359375 2.15017848746743
786.434509277344 2.31112628553389
804.394775390625 7.59990129190712
829.386352539063 2.16630431040065
834.400939941406 2.2364974762469
851.435119628906 11.3882436326995
861.411071777344 2.58741371058289
875.426574707031 2.94636959096411
887.428344726563 2.56212615710021
917.47412109375 2.85450559362011
952.492614746094 2.72999839301138
958.468200683594 1.98579670607808
976.485046386719 2.1532813037278
1007.53491210938 1.81392940896338
1018.47772216797 2.02113759374005
1032.49975585938 8.10003552590655
1049.5283203125 16.2295324147675
1162.60913085938 9.07301768063715
1195.54089355469 3.60662482767199
1263.64123535156 3.50811785776503
1403.70068359375 8.42325315377929
1448.11193847656 100
1451.8095703125 19.8166049181718
1453.11657714844 15.6954181955576
1455.18566894531 14.9571408896344
1457.2294921875 30.1885358492425
1460.25158691406 35.6029177303917
1461.33337402344 75.1641579630476
1463.69958496094 36.8716828425833
1464.51770019531 30.4753693508564
1466.34887695313 18.9348720976155
1467.01281738281 14.4885948272638
