1447.8674 80 1
70.083854675293 6.08016317590232
86.1120452880859 6.81837148679612
112.104995727539 14.408365209755
129.126876831055 6.11921414269595
136.095184326172 1.73945276487758
157.13591003418 3.53786466988326
158.103897094727 3.04341912711784
175.134231567383 81.8185679861166
185.141662597656 8.66331871148327
187.161834716797 3.15540361852377
197.143524169922 1.68880606419714
199.126831054688 8.86689940826411
201.103149414063 1.45895589724158
229.149139404297 4.06424103524731
232.161163330078 2.58879315593655
242.173126220703 3.01860173014088
246.172302246094 15.4305368964963
256.166107177734 1.70895927596043
259.109771728516 1.68266659742158
268.184661865234 11.8449731673384
286.193786621094 28.9412935686375
288.210327148438 3.23594493861146
312.206756591797 3.43314959214492
314.186370849609 2.37347907376008
318.136871337891 1.58049647392071
328.203063964844 1.65348749746185
330.152404785156 3.24604745406825
334.191436767578 3.79333343574598
342.233367919922 3.03634360803151
344.181335449219 3.99183351635563
359.251586914063 8.62739001387554
362.188781738281 7.09665043967248
369.25146484375 1.88674038235909
371.271087646484 3.8036281954268
381.264007568359 6.65626665875429
383.253845214844 3.24776960013274
395.243438720703 2.41881023904558
399.264831542969 4.84325042204603
413.250335693359 3.46263065063137
415.240081787109 1.86245581303876
422.173706054688 3.15978261235799
430.292724609375 55.2656706534983
440.249481201172 2.23990283790245
447.246551513672 2.2830830192005
463.235260009766 3.14480872466729
466.263092041016 2.35346530512518
474.277008056641 2.93949816407617
475.264709472656 3.03931715901239
478.255767822266 2.24037860936699
491.219543457031 19.0171880284726
493.197906494141 6.45974793365956
494.198089599609 2.76609855288827
496.301116943359 2.59831677155069
542.270568847656 2.29465689532869
559.330688476563 42.9263940326072
560.84375 2.16213618524298
569.307067871094 2.10080728370682
576.301147460938 2.26832393291316
592.264038085938 4.13471075220643
597.38232421875 2.77471216358368
603.308776855469 2.27757015069291
604.332763671875 3.16309198175253
611.298828125 2.13547964255353
620.268920898438 20.7312483209493
629.325073242188 2.92160575568842
647.364990234375 3.58670297869001
657.358764648438 2.44829917376724
663.325988769531 5.31139118594974
671.337890625 2.9132467754773
673.279602050781 3.56792823901487
688.371459960938 10.9609572338625
691.306762695313 29.8299792068934
699.343200683594 2.31641803051877
705.354125976563 3.10348827203412
716.429809570313 2.91953155638073
720.3759765625 3.83235207414286
732.446594238281 2.39508294609801
734.344604492188 2.96990291269843
758.42333984375 2.93513397177584
776.373474121094 5.82829702276534
777.380676269531 4.10336457641474
786.356750488281 2.8987344365482
804.409606933594 7.05635752220104
851.424011230469 8.96630770887082
887.428039550781 2.64211553017377
889.458801269531 2.34551790127167
905.431701660156 2.99479782478466
917.476989746094 3.819010296743
952.501342773438 3.00413789586589
977.488952636719 2.30361094130355
979.693725585938 3.51593199401131
1032.51257324219 8.30758333176479
1040.56530761719 2.32658150238561
1049.52648925781 18.625116619549
1162.63452148438 9.10497740887913
1263.64086914063 4.70460409578211
1403.70812988281 9.55463235243401
1404.65686035156 12.4443848213056
1429.79956054688 5.82771328554987
1445.46789550781 7.05232703971598
1448.1279296875 100
1451.01159667969 30.8980611999424
1455.20910644531 14.3177070825991
1457.25500488281 26.4538641006753
1460.30261230469 36.371312092815
1461.26733398438 51.5264457512063
1464.78454589844 21.8432395466397
1465.47705078125 19.7870124433171
1467.85546875 10.5436045845492
