1582.8721 80 1
70.0801239013672 4.16649561744077
72.0908203125 1.72428903805953
86.1111679077148 3.04842201069738
101.082054138184 7.24530452575145
110.091346740723 2.04254645319909
112.098670959473 33.0154514864119
120.104873657227 2.24734936118612
129.12841796875 15.2475012046331
157.118957519531 5.18937035692985
158.11051940918 7.85728248314537
175.131683349609 78.0066902323629
185.128967285156 1.68061644116517
187.093521118164 3.61953669378117
197.125244140625 1.91819234940038
200.124313354492 2.49092140171369
201.124313354492 2.33431336745656
203.118316650391 2.42505181543433
204.104614257813 2.19349663143828
215.137435913086 8.45445185249092
217.098602294922 2.31392906770079
221.143417358398 2.35306719299777
232.152114868164 20.2431198429606
242.150085449219 2.41196194822911
249.144454956055 1.87029705209045
269.131744384766 2.25455535949635
270.164520263672 1.9492728969148
272.171569824219 6.32498427711092
284.157104492188 1.84741949131608
286.183837890625 4.1243195548042
287.155578613281 4.97938742022765
288.170593261719 3.89111846306103
300.130187988281 4.35794113378387
315.139770507813 17.5136555106171
317.159118652344 2.04694740943462
318.145812988281 4.81306583852805
327.130401611328 2.51884531291543
332.168701171875 4.42694656109787
341.167449951172 3.44755107475116
345.175170898438 2.55531590565434
355.210083007813 7.26037987791736
358.19140625 3.27174562185182
362.188232421875 14.4394117879172
367.233459472656 2.7200879330366
368.166107177734 3.16040466193907
369.173004150391 2.61836071113117
373.216583251953 7.40390892644905
374.227569580078 3.49799650905382
375.201080322266 7.45456906755405
379.215087890625 28.8230301410812
383.196746826172 5.19990907996363
384.164947509766 12.0286323069891
387.197479248047 3.33597326985309
399.209014892578 3.95225583005277
401.182006835938 8.86824182454637
402.176208496094 24.527377875782
412.221038818359 2.96227337483729
413.203826904297 2.58170351385077
414.201934814453 2.73853302868076
417.207092285156 4.44006711763079
419.184997558594 3.43541674365988
427.213439941406 3.58919673859514
428.187774658203 3.42957494916173
430.235900878906 2.87011683898654
438.230224609375 4.6968248949526
445.224151611328 9.6096113394211
455.198211669922 35.8890531242327
455.788299560547 8.54762346649103
462.243408203125 5.52518751566301
463.236114501953 8.0407687993674
464.261077880859 4.58405950786559
471.269561767578 4.16140703462776
473.20263671875 45.7462887099776
480.259460449219 37.3568101534585
482.241424560547 5.87476305153201
483.274841308594 6.08689969178783
484.237030029297 4.29447509062365
486.228393554688 3.40672257772936
490.230010986328 4.59402484998519
499.301361083984 6.57702437011628
500.246276855469 8.08363337726855
501.263793945313 4.73842500935673
512.275512695313 3.8375898769942
518.259887695313 6.32918762883356
537.292236328125 5.39630813817838
538.278198242188 4.49297508412715
539.266479492188 3.3736357302276
540.260925292969 4.68167748013752
541.278198242188 3.89422298281269
548.242492675781 3.57335962359935
557.252197265625 5.99036417989572
558.286499023438 4.82907046116708
559.286376953125 6.18365133238163
563.312316894531 5.1974435064852
564.282287597656 8.57412324674754
565.281005859375 4.82644445004497
566.291015625 4.61935176076135
568.284057617188 4.14718969997848
569.275085449219 6.27459159132454
574.294067382813 5.51253711410094
581.308410644531 84.6317041796156
584.298767089844 4.28548852872269
586.29052734375 35.6678815774979
591.289794921875 3.54090255901944
593.352294921875 3.79716026223818
601.278625488281 5.37305795090476
627.380554199219 5.64635964569251
628.315002441406 7.24120129944159
642.312622070313 3.99926998423297
643.31494140625 5.79956148055188
647.306823730469 3.12869369954753
653.314819335938 4.71716990486444
656.325561523438 4.61597111605474
669.324096679688 30.8672744605996
671.337646484375 5.50501408160646
687.336486816406 31.2099981794633
690.302917480469 3.84241536892967
693.341979980469 4.41483018148593
699.37109375 7.43257820914089
710.349548339844 19.4755128487628
740.397521972656 3.82899619378398
742.377319335938 3.68089415894363
751.370300292969 4.82565284707729
755.359313964844 6.0213793595371
762.341247558594 4.08641930151147
768.388671875 17.0969105552253
780.369995117188 9.04791938586486
786.378662109375 6.83345665097783
787.427429199219 5.2039975935649
789.383605957031 3.81031970376869
793.439147949219 4.57801793650831
797.376220703125 22.4135407462765
815.426818847656 4.74050200933969
846.44091796875 8.84793793122416
854.442016601563 4.56426106026624
855.424682617188 4.64777560782595
872.450073242188 3.95872381322719
873.413513183594 5.1122675485257
896.446228027344 20.8808315125859
971.618469238281 4.1748312654156
975.544311523438 4.98574789201209
980.44384765625 5.71235852607
989.5859375 7.13547139135973
997.49072265625 13.1559483977684
1011.54553222656 16.2770835173376
1093.53503417969 3.9567690965886
1102.5634765625 4.21474413824835
1110.56323242188 9.99436340137739
1181.60522460938 14.4440204796985
1268.61853027344 8.35232195658811
1385.66357421875 7.06716619023138
1396.64147949219 6.54498202618105
1423.64501953125 6.22166881337658
1467.62170410156 61.2219918057141
1538.61608886719 15.9857331800935
1565.92565917969 15.6433448714884
1583.13513183594 100
1593.28100585938 14.5059378769771
1595.27783203125 28.2185127908505
1598.39392089844 31.0916632916042
