2561.4822 80 1
70.0855712890625 1.9711284556346
86.5492553710938 23.9729833679201
112.106369018555 8.93893339865264
120.098930358887 .713862538872086
129.11979675293 2.76701953290612
157.140762329102 .735749260086457
158.103164672852 1.34032419775926
175.134460449219 38.508782504975
185.135162353516 1.06364561082678
228.156402587891 1.11979334180506
229.145095825195 1.6942838097129
243.139373779297 .863740147587141
246.170852661133 6.93502392674501
256.178344726563 .70864778391076
261.189270019531 1.04223609644639
275.203277587891 .680157648114564
288.147155761719 1.50999826558991
300.174530029297 1.98401493874794
314.181274414063 1.30748561504616
317.19921875 8.68038290906214
318.127471923828 8.49643812010232
326.250915527344 .906929158476397
328.205780029297 2.36311268543481
344.166076660156 1.89074605370991
357.201568603516 1.57648337704858
358.179901123047 2.69176730809412
375.207794189453 1.29221724044198
401.221160888672 1.48241317680029
403.224761962891 1.04211517902966
413.213623046875 1.38094750518802
429.210418701172 3.61578987672503
430.278472900391 8.67309600314831
431.221252441406 6.20307152869485
440.267578125 1.37820569190791
441.277404785156 2.68468282609445
457.254150390625 2.41194760052986
472.217956542969 2.73608635435114
500.251098632813 1.08432334963527
514.285766601563 1.19306895243659
515.285705566406 1.43362250627836
516.240295410156 1.59556376442045
528.285827636719 2.2650652850721
542.302795410156 1.40360666013474
544.243713378906 1.78664010407475
557.258911132813 1.12696130338382
560.2587890625 4.35007726239089
562.211853027344 1.5801383166688
570.309020996094 2.6503441181184
577.347900390625 10.1276998476559
585.295349121094 1.16608847925706
587.336669921875 1.37598151382558
601.265930175781 1.21747737659824
615.232238769531 1.21452833427661
617.288940429688 1.37748238711627
627.254272460938 2.00148581130835
629.317138671875 1.76557403902524
641.377685546875 1.95081157206525
643.324584960938 1.89806937843205
645.278259277344 2.23060708917302
657.277648925781 2.05657889131639
658.264831542969 1.73626815044943
661.26025390625 1.59414413454965
675.261657714844 14.2204303365567
690.423278808594 13.7549984481594
700.391662597656 1.85246052949207
714.336547851563 1.97619420727316
732.356567382813 1.4956310615604
741.307189941406 1.58830470035276
742.32080078125 1.65190551826405
743.311462402344 1.84216084675726
746.357849121094 2.08826864287989
747.884399414063 1.43056864815412
756.352355957031 3.57840334873003
758.341369628906 2.56097506303719
759.323669433594 1.74965129228766
760.313659667969 1.82019238766398
770.417663574219 2.42686728010013
771.381774902344 2.38221408097565
772.3369140625 1.99165081862128
774.325561523438 17.9082544734595
787.435546875 9.73978097747701
788.431030273438 5.81432475662474
804.464416503906 30.0598359308914
843.382934570313 1.68182949328854
855.39697265625 1.78509246637172
869.436706542969 1.6588243945286
872.408508300781 4.13466299702006
887.409912109375 12.7287245695924
890.455749511719 2.01887210602013
915.492065429688 2.42709219556032
930.958068847656 1.52852701419782
933.505981445313 100
944.503601074219 1.56986459937156
985.4697265625 2.6227853307449
1000.48779296875 4.22799637092439
1013.51373291016 1.5022667269146
1030.51171875 1.8862445051657
1031.50500488281 6.11940804887994
1048.53625488281 8.35269644983498
1098.53332519531 1.47580016147256
1161.60461425781 15.6263461963677
1272.65832519531 1.29721254434917
1290.62829589844 2.58308032245828
1331.62780761719 1.01395372218605
1347.65625 7.94609210021847
1430.69958496094 1.18830404107408
1448.69580078125 5.08408546888915
1452.82067871094 1.17553224075641
1561.78234863281 3.83339358126269
1674.87707519531 2.38747378099371
1787.94201660156 3.04045587599881
1871.02563476563 1.44775388822285
1887.01489257813 33.2406537610328
1969.02563476563 1.00214781586042
1984.00305175781 1.49710150660394
2002.03698730469 6.78711662944278
2132.0751953125 1.52691348032205
2315.0849609375 2.32458257516284
2446.0146484375 4.00714211817114
2513.2392578125 7.76531828960794
2516.42822265625 12.8177051827419
2518.25390625 9.06973099400969
2519.0771484375 7.85899935694971
2544.62329101563 6.85052813294304
2545.439453125 9.97443053535458
2561.80224609375 33.2951040950335
2567.46899414063 13.4930195572487
2578.97631835938 8.13285134989847
2591.08740234375 6.9823011057625
2594.2451171875 5.96724013769796
