2030.1506 80 1
92.8724136352539 1.53853577976322
110.082557678223 4.90178194590757
113.106895446777 1.50093846414913
175.131790161133 3.76637727870031
185.944198608398 1.82072525695401
197.351989746094 1.95707984489539
218.154174804688 2.25023624967108
236.961334228516 1.5566527623037
237.149047851563 2.40488287372629
266.15380859375 4.03534393978445
288.183898925781 2.11902622866274
347.178955078125 2.83094982086675
348.225921630859 2.03071187497557
365.219482421875 6.42248348118439
374.227508544922 3.16470279985475
445.265075683594 4.33016604911661
464.274932861328 3.71466219807152
500.237030029297 8.63422010343095
506.194488525391 2.74837115186181
517.294921875 4.6481774812012
519.262573242188 2.61124964426933
527.275146484375 1.81229245946634
543.253479003906 2.41436217943197
549.301452636719 3.22927639722954
560.213073730469 2.84284978077653
563.344543457031 4.47391075907135
564.194152832031 2.31449433545416
575.312561035156 2.09072083728125
577.249389648438 4.46239415161823
588.616943359375 2.07468186556222
598.26513671875 2.14044674995745
608.3046875 5.19984527449235
615.252990722656 43.4617299888019
629.280151367188 2.60566101591125
632.344116210938 2.22176986678608
634.362243652344 2.76765275489694
673.319274902344 2.38460296134005
679.352661132813 5.86813976254703
690.328186035156 5.39611238796238
709.372131347656 2.25802539186378
747.392700195313 5.48125083521277
752.25146484375 2.50085076758948
770.319702148438 3.94714614315195
778.436950683594 4.09034674015229
817.443298339844 2.94906004122399
846.393310546875 4.03800242907505
872.449279785156 2.37292301002885
877.490417480469 7.18591557628956
901.38232421875 2.67548814011198
916.503295898438 3.52031327196273
926.460876464844 2.7480403060417
933.448791503906 3.45322034512832
976.553771972656 4.01269550891998
999.419921875 3.56856513353559
1027.48852539063 3.47736098219789
1046.50231933594 3.03732350856862
1053.65014648438 3.00384797368512
1054.478515625 5.89027468384188
1068.49523925781 2.76338733412479
1087.62951660156 3.10315645832739
1104.56567382813 3.46484372279988
1105.56530761719 5.2380409275995
1153.56604003906 4.83536030233345
1241.63537597656 6.87472561459416
1252.59948730469 4.42098399133468
1278.611328125 3.81402721080299
1308.63317871094 3.16811278346717
1309.03564453125 3.0056254297254
1340.76843261719 3.78386626390768
1351.82019042969 3.70251735251871
1373.68383789063 4.76675489284339
1430.68347167969 7.7449217397933
1453.73364257813 3.94828433138018
1470.63916015625 22.4535226896511
1506.75622558594 3.45385935265218
1524.86364746094 9.58977972105568
1546.71423339844 4.00386934438725
1827.75354003906 5.68817271588653
1914.82409667969 8.87679579282319
1916.77136230469 15.9465597263377
1918.54675292969 11.9181867469613
1929.91479492188 9.33110177086929
1930.79089355469 8.55505126186552
2014.08679199219 11.1824590442977
2030.451171875 36.8886713147947
2034.29553222656 18.6049234799344
2045.6064453125 100
2049.55834960938 62.4330068156027
2050.68310546875 37.2776093479462
2051.30224609375 30.2857557105065
2054.8349609375 25.4443606783812
2057.34936523438 19.1648083894059
2065.78759765625 8.08618247153813
