850.4979 80 1
70.0767288208008 2.90541117654766
72.0990905761719 .722843429874664
84.0902557373047 1.07993893686969
86.1091613769531 2.55392964214176
110.088508605957 .721860115188026
112.099349975586 5.99666813846112
115.088020324707 .713527848448245
129.118698120117 2.20074960571446
136.098571777344 .480371910188668
140.097412109375 .534377477242499
147.129211425781 .579749728874853
155.094879150391 1.0024002095311
157.119369506836 4.9059601244166
171.123382568359 .518203504574683
175.130416870117 11.6725512859228
183.159698486328 .900863594313755
199.128707885742 .665638003478543
211.158447265625 1.29743906312515
227.126159667969 1.20284442429884
230.161422729492 .623352308002638
233.159027099609 1.35769139413156
248.170104980469 .826102823104029
255.163360595703 1.2007676594976
257.172424316406 .601740137771898
258.158294677734 .915413593571281
259.148345947266 1.85630410320278
261.153839111328 2.91753880049755
268.182250976563 1.95486057912972
272.178161621094 1.34566108735862
275.163787841797 16.9261712733157
284.139373779297 2.15864866184786
286.152557373047 .698758652021946
288.191101074219 .730600588649663
292.183502197266 5.34956377886619
298.154602050781 .750515348314042
303.159301757813 7.42073385266574
305.192901611328 5.36960212169989
308.202728271484 .549453537521396
313.202697753906 .521167515713228
316.172393798828 3.85884673076203
318.186676025391 1.92737459893972
320.181427001953 16.0224961314407
331.207336425781 .781610628166208
333.199859619141 1.2812880338575
334.183288574219 1.02128975786505
338.194091796875 1.5427922436672
343.195404052734 .707422870850555
356.206909179688 6.40723049441759
362.200408935547 .67771865298046
365.229217529297 2.04850143601206
367.183685302734 .908072862966656
371.252960205078 .762459947945681
373.230895996094 2.20914489509865
375.214782714844 .800630110414832
377.228637695313 .990399600488225
385.19189453125 1.77013199190949
387.214141845703 2.87165196969698
398.231811523438 .813216018566609
400.222747802734 .831399222889862
403.20068359375 1.20023066361972
405.227111816406 3.8745970894241
411.25 .735109562006936
416.235168457031 1.0816401345312
417.244415283203 .960366027176981
429.259460449219 1.67056682369719
434.250030517578 1.45801530634937
444.246887207031 .954173750944258
446.279998779297 1.16161242586068
450.311126708984 1.11028035126653
478.234558105469 1.53646811966609
487.250793457031 .983557202870513
490.309387207031 1.34116147005545
495.261505126953 .908096011966496
499.277740478516 1.68847712364908
501.261840820313 1.57605989470526
511.269226074219 1.23591562865996
513.285034179688 2.57805292043631
516.298706054688 1.80477028710564
518.297241210938 3.0557082459975
529.255676269531 2.75348978848314
531.28857421875 29.2595198974434
546.279357910156 15.8757657086055
558.297302246094 .882622954072916
565.252258300781 1.48071472824542
566.326965332031 2.84732503096918
573.297424316406 1.24129611617241
577.261779785156 1.48736645120655
583.365905761719 2.93102477831417
586.276245117188 1.21282522218723
587.312683105469 .966740205813713
590.33544921875 1.3759588130948
603.310302734375 2.05975120013797
621.315612792969 2.36314617511001
659.327697753906 1.3087017597241
660.339599609375 2.69488708008037
676.352294921875 3.17927230724251
678.345703125 1.87345280105993
694.349548339844 11.9992118788984
696.346069335938 2.53116374809573
704.343078613281 3.9465321596928
705.328369140625 7.35452099179003
705.858581542969 2.11905290680521
720.367492675781 1.24223367097208
722.354614257813 100
806.347229003906 3.32796405954838
808.376159667969 1.43261309657899
832.509765625 2.11788217659749
833.422058105469 4.41291609508875
833.522644042969 4.10319466090948
835.417907714844 2.66268056701131
850.682006835938 11.6727345285321
852.664001464844 7.37455446115008
854.690979003906 4.11094803258933
856.866455078125 15.6199229623703
858.034362792969 20.656662528833
859.753601074219 5.62318706881729
860.287170410156 5.01277101080348
863.289733886719 2.17469786343715
