1162.6884 80 1
70.0720748901367 .548187564461038
86.1060562133789 1.03085990588932
112.09228515625 1.65190460131826
120.090614318848 .601969087685545
129.116912841797 .707048667754918
157.106018066406 .416429475090654
158.096237182617 1.09161783643478
171.120147705078 .482998878112441
175.123031616211 15.1811379953868
185.103057861328 .245736657829641
186.101806640625 .252944124317833
201.12516784668 .693134760422876
219.129409790039 .356566910698392
229.126449584961 .583800929304614
235.130447387695 .416025488929193
243.146301269531 .361935248200992
255.147430419922 .535348443398113
262.123291015625 1.25130766739296
271.182403564453 1.17106881641266
272.167388916016 .69904991832051
274.243103027344 7.44877024327307
285.158416748047 .856915347607139
286.143463134766 .671497742262575
288.201416015625 1.53979069379172
299.185546875 .53446808043791
303.185363769531 .327261542670937
306.147247314453 .350143274669265
310.186492919922 .382087198690773
311.18603515625 .300942059639517
312.173095703125 .282932336663612
319.133544921875 .4524363571394
328.198425292969 1.33822250940267
330.174652099609 1.2716131024883
335.177886962891 .493317788607965
342.206909179688 .435852712269649
345.222320556641 49.598933942437
348.2177734375 .492260437888682
353.219757080078 .454615328263281
357.180084228516 .509141276321609
363.166839599609 5.0470655756786
371.219635009766 .584705306155507
372.211822509766 .538878390577408
375.183471679688 .352405664655464
391.186065673828 .373181897728238
397.200256347656 .478106372006002
414.239440917969 2.96971386501952
416.230926513672 .665412519289872
417.223205566406 .628088605563198
418.230621337891 .532225597645861
425.213073730469 .725444038308308
426.222229003906 .577569721011827
434.235229492188 1.27450787289918
442.240020751953 4.41386525839259
443.227722167969 4.28967039831974
444.223663330078 3.4146424921959
444.857238769531 .704829299863714
447.187072753906 .389740893174633
460.247039794922 12.33032181873
462.239929199219 2.47458290864653
464.240020751953 .538097965706801
474.202239990234 .803405674058574
477.230499267578 .489065344782878
482.261962890625 .577063374803552
489.261932373047 .634332836498083
492.213775634766 .815735333647643
506.295043945313 .562670283929409
513.266479492188 .424178430143684
555.315368652344 1.22413321959773
556.300109863281 1.90193212727802
563.280944824219 .736553888851288
572.349182128906 4.25550843293703
573.326416015625 7.72863926915137
591.265197753906 2.62980337345879
593.278442382813 .490606721803182
659.332885742188 .652177650879874
660.337951660156 .606230256796389
675.381713867188 .580919343307784
676.369018554688 .676498242701796
677.37255859375 .579069300781913
684.348693847656 .561844119195023
685.340576171875 .983542515990982
686.349853515625 1.31276956938473
701.402587890625 .639860316002483
702.364379882813 1.29710662415578
704.3447265625 .857674175922216
705.348876953125 .665219982935222
722.350036621094 .408312479603792
727.394165039063 .39785425572567
800.437377929688 .646508098625588
801.422790527344 1.06356790194817
803.415405273438 .392415011265688
858.379516601563 .520950536341871
1012.4736328125 1.06826413245685
1162.8828125 2.72479771221699
1163.86169433594 5.96828888153173
1168.99597167969 1.50458519763644
1170.96594238281 3.31808050003041
1172.0087890625 5.0220018728422
1174.36511230469 100
1176.83483886719 32.4458108703889
1177.60327148438 25.2683141083423
1180.14440917969 9.55061046041769
1181.49938964844 5.49078548443167
1182.17895507813 4.20194653478046
