1549.8751 80 1
70.0768356323242 1.52994004071992
72.0902557373047 1.19232309863997
74.0642318725586 .34545727981382
86.1071166992188 2.46189500534436
112.098114013672 4.07533052191954
115.098876953125 .399597258343571
129.12255859375 1.8407658409204
136.091217041016 .496813723999591
157.1123046875 1.01452262051899
158.103530883789 1.28863447349465
173.135147094727 .475499716409232
175.126770019531 27.6020781570105
185.129516601563 .409960123939079
197.145614624023 .54176485414969
201.127548217773 .899489340888006
212.117721557617 .681008548017165
214.152389526367 .554354580007989
215.136871337891 .500815678652051
219.131851196289 1.81288858838471
221.110534667969 .479463966712002
224.124038696289 .5768835363656
230.123077392578 4.03053267484775
239.169082641602 .718360225038786
242.133285522461 2.00009522725538
244.133514404297 .674803915402319
256.167175292969 .491854136694058
257.174530029297 .411378453139633
259.149993896484 .385840397565668
271.180084228516 3.86044765965412
272.167419433594 1.95948428622122
277.153259277344 .502188621025865
283.173095703125 .488718876874379
284.164855957031 .44150461301088
286.150939941406 .766169806468985
288.207641601563 3.11887003256777
297.177673339844 .409035693228593
298.180450439453 .44581623498392
300.171966552734 .854116850675931
301.185760498047 1.4962240166588
311.183288574219 2.76248465977895
314.179260253906 .786430600313166
315.174468994141 .790392273726618
325.185882568359 .509871522261189
327.220550537109 1.43595427617011
329.187866210938 3.10085128706398
330.176330566406 2.30050882285011
332.213409423828 1.29138357908913
334.186187744141 .547514530759634
337.207336425781 1.27095931323313
341.168548583984 .706094481846734
342.205902099609 .785675339791451
343.174194335938 1.66228218739358
350.138244628906 1.49136920378763
354.231048583984 3.44062555470164
355.220886230469 3.32308989841994
357.197387695313 1.19447891598134
359.162384033203 .788804015992554
371.255004882813 2.00795769043843
396.242218017578 .647612604747964
401.184112548828 1.16474278679023
414.209075927734 .756627728311866
415.241607666016 .702629024323196
426.274383544922 .85435796193744
428.247253417969 1.20158525862043
429.219146728516 1.18424171107475
430.236541748047 1.51434152491435
431.226806640625 .790920094374947
434.246002197266 1.70588474758602
440.215728759766 2.31949548738142
442.251617431641 .700178240534135
443.249816894531 .856597917415815
451.275787353516 2.70185366758116
454.273071289063 2.24848035780635
456.245300292969 .880151156032312
458.226318359375 5.87390218863518
460.218597412109 .834484127265381
468.26318359375 1.12618293950182
470.282897949219 1.07844864602897
472.229675292969 1.4415202299981
478.235229492188 1.32625957404218
479.217834472656 .742814305184153
486.244476318359 1.09285236639647
491.261962890625 2.21019503131361
493.312103271484 1.31931535618794
506.229675292969 .842242663326627
508.288269042969 29.5208044299203
511.298614501953 .97248861804363
512.28369140625 .911803821498396
514.292297363281 1.03214021860187
525.266723632813 .937023469722746
526.290100097656 .929773083948795
527.299438476563 .864385821330322
529.246276855469 1.32886500931933
543.296691894531 1.4262929557167
553.2958984375 1.57664190926021
557.283569335938 1.15121254399254
566.410888671875 2.00527931849629
567.366638183594 1.42446479414152
569.32861328125 4.25044810768588
571.314147949219 2.86736634696421
573.32275390625 1.36039678022963
584.402587890625 .958060512020703
585.2939453125 1.74550284589377
593.280456542969 .919343581457161
609.421020507813 13.7897359967663
619.333679199219 .791176236961236
620.302124023438 2.21637988765335
624.32763671875 1.03473507941829
626.423278808594 2.23141450000531
627.385131835938 2.10741247625959
637.331787109375 3.90947872263139
642.340026855469 1.81450608263859
647.307861328125 .941479554250365
664.32958984375 .974095326008645
682.41796875 .80097981272001
686.386779785156 .868066292888583
692.288635253906 .96749594741927
706.404846191406 .677744827140565
707.423461914063 1.49629449611738
724.458984375 1.25932981280433
736.396240234375 2.06226322325061
752.36865234375 .804767401531855
757.376831054688 .826561195621629
758.382019042969 1.06309642703776
775.413024902344 .776284074796534
776.389526367188 1.82664793602497
793.414001464844 100
807.476501464844 1.43296286460341
814.39111328125 1.69544748371136
824.491455078125 .81702218473597
873.40771484375 .88807812088384
890.422607421875 1.37375391707173
891.412536621094 3.36132569102054
908.437805175781 4.60195101132163
913.461364746094 1.02171344445667
922.457214355469 .798937128551393
962.462890625 1.07110681828375
979.474975585938 2.2004763732194
989.507446289063 1.27462122864637
1005.64282226563 .586357982034338
1023.66387939453 .569134252957488
1092.55029296875 8.2496801754354
1102.51794433594 .604448461019287
1155.73974609375 .957957834684922
1177.771484375 .857499796902569
1221.59851074219 1.12626313763544
1320.64904785156 1.54991743393282
1351.85961914063 2.94076671222885
1369.91748046875 1.84871514093096
1391.71252441406 1.17045384289378
1394.54150390625 1.67452781114894
1422.59729003906 1.48418826375093
1465.80517578125 2.38418014148054
1491.859375 1.7233133568394
1507.89489746094 2.65296137745463
1508.9248046875 5.95283925002519
1510.92761230469 6.57063313802702
1525.90734863281 2.29387478917711
1550.11560058594 8.11827108087751
1560.15344238281 2.44030165151331
1562.28247070313 7.51548614860337
1568.44104003906 10.7837038146261
1568.82666015625 10.2973591499049
1572.07482910156 8.87918419412905
1573.24865722656 7.76025163192805
1573.74792480469 7.12712443695132
1575.60339355469 5.76837218871929
1576.51391601563 5.2140760393853
