1525.9706 80 1
70.0746688842773 1.78123753582601
86.1105346679688 1.60337102743293
112.09774017334 2.49832239620891
129.123184204102 .752895177151744
130.111907958984 .472320552427529
155.087951660156 .531982225040623
169.127334594727 .526343642386877
173.111709594727 .602219442715671
175.126525878906 6.1263426275223
197.137008666992 .842316859002229
214.168045043945 .573168672593529
215.144882202148 .622436132502054
219.127838134766 1.99083347063735
224.118087768555 .531252167531325
239.157852172852 1.01931301516114
242.125 2.04222821164843
256.171051025391 1.04140677433174
272.170440673828 .613864580061763
288.202819824219 .682425117840024
303.204437255859 .770333937258418
311.214385986328 .710684111996777
313.200592041016 .564267638883359
319.166015625 .545008417829752
327.199310302734 1.43662571926011
328.208068847656 .88966996611969
332.198699951172 2.09584672858424
337.190216064453 1.52167723807955
354.217864990234 3.51571831622033
355.207824707031 4.00535104401284
371.2353515625 6.88956365571704
426.285217285156 1.28907768198718
454.262054443359 2.07936307860088
455.264434814453 1.22826443957237
468.309326171875 .908703578847
470.312255859375 12.3678755851941
476.264007568359 1.84541106000109
493.299163818359 1.24770137994845
508.28564453125 1.18727378375705
510.314514160156 2.60338138547546
518.202941894531 .917259687192167
527.33984375 10.063990842179
536.219360351563 1.27251764419155
553.266479492188 1.4085916781598
566.388977050781 2.98206069286044
569.296020507813 5.67478109300632
573.284851074219 1.53293955301709
584.384399414063 7.39427442534168
605.306701660156 3.99558296156985
609.38232421875 19.0836178255848
626.406433105469 100
636.378723144531 1.03427218162818
637.36474609375 1.75811501021768
640.3896484375 1.30623539829953
647.277404785156 1.29620777106806
657.357421875 1.07767256519712
664.298156738281 2.62849643829306
668.35888671875 1.73351774367788
682.396118164063 1.65788835015792
686.354125976563 1.63662645788319
706.41015625 1.30179145224441
707.385681152344 1.34251397597785
708.3681640625 1.35840068598068
724.399719238281 8.86496368932061
741.431335449219 4.74322875378149
752.360473632813 7.06613717548801
775.422912597656 1.10479368505423
777.376159667969 3.15553467759108
793.398620605469 2.28053851334534
807.423095703125 1.85420540419336
840.478576660156 1.61368635071488
865.4404296875 4.22867766997783
924.482482910156 1.24240897165474
953.580444335938 1.9987696647339
993.510620117188 2.52313215843729
1022.58416748047 1.76729127899019
1040.58093261719 2.14009525580753
1064.55676269531 2.34484821780222
1127.64526367188 1.40656393291082
1128.65258789063 1.76636541526221
1155.62634277344 7.91435340911737
1194.685546875 3.26107572825716
1298.61706542969 1.95845746302143
1323.74951171875 3.92573461216338
1324.72021484375 3.9726745824957
1351.70263671875 5.88053136848553
1364.67529296875 1.60259805517829
1369.69897460938 86.3986304149219
1465.68420410156 4.28697357557117
1483.78210449219 8.59748531333601
1492.71887207031 3.3428184782159
1507.96398925781 4.40102997752125
1508.95080566406 11.4598004427241
1511.89038085938 9.23052007739665
1514.23583984375 7.31110980495434
1515.06201171875 5.99658720513048
1526.18505859375 10.6155281082218
1530.16247558594 4.84158147237504
1535.16198730469 4.30492504451931
1539.3212890625 13.0504380345635
1544.85400390625 7.17938275158322
