1963.1121 80 1
70.0885009765625 3.50222050731113
72.0941314697266 2.80267971172947
84.0952072143555 4.94170289910084
86.1071014404297 4.04525623120815
101.078712463379 2.25624760554806
112.099502563477 7.30407885942542
129.122634887695 5.53470081171987
158.109085083008 5.21495901283188
169.133361816406 2.00166080381563
175.133544921875 45.1261978737577
183.158355712891 2.088562732597
186.130447387695 2.68810777200213
200.166656494141 2.26655127563837
228.162658691406 5.42582349675089
274.196868896484 28.8830401743027
276.190582275391 4.15912016474594
286.163787841797 3.18314116509343
288.207580566406 3.35767205698398
297.170593261719 18.6088892829669
299.200744628906 4.03718565769828
300.189727783203 2.88468971425956
313.182800292969 6.26067592388322
327.198852539063 3.69221761203489
338.190124511719 8.26889366247565
341.242523193359 3.0674686350378
358.190979003906 2.62076171589432
360.207092285156 7.13705868057404
371.201080322266 3.28386231600006
375.250457763672 2.92827136997828
382.295684814453 2.80277029802374
385.216247558594 3.45315675894865
396.252288818359 3.29264520889213
398.280853271484 3.47872925088019
399.250213623047 3.64694861493073
403.238159179688 7.46521408996211
410.247528076172 11.1312634145848
426.258087158203 6.56370419633067
428.222686767578 6.25142402317536
457.248779296875 3.08292131675048
469.265747070313 3.02098583841401
471.269622802734 3.86823232210504
474.290832519531 16.0897284775791
484.259338378906 3.04370893443424
490.2880859375 6.22994723451115
495.303314208984 5.36280739921504
497.296539306641 5.96744785256254
507.253753662109 3.02041402722923
510.288879394531 3.41267687880766
513.296264648438 10.7264027523959
524.283325195313 11.7687309878641
527.29248046875 6.43600789835964
542.263671875 3.61295848749388
566.347534179688 4.16814502741269
573.375915527344 38.0222500167933
577.295959472656 4.77513504205091
583.330017089844 4.02690172197187
587.349609375 12.9479241754323
598.384216308594 6.62255306388854
612.324279785156 4.88542435253254
620.362121582031 4.09981677532173
626.378540039063 11.4539590997038
637.361572265625 9.8258454295253
643.324279785156 6.0409591749231
684.364074707031 14.3793753322192
688.408874511719 7.29805818556658
698.422546386719 4.6162358854147
701.393005371094 14.7777228078867
708.416931152344 5.80129307943214
754.423889160156 10.6479393950662
786.487121582031 5.0812660963274
814.479858398438 8.26192088546691
825.526306152344 6.41076477023876
838.4609375 5.88059349579156
853.5224609375 20.2780682347829
887.545227050781 23.9209978109578
899.518371582031 7.07708033143708
903.549865722656 6.66842334942169
918.494995117188 34.0725970476304
922.409729003906 10.4630770605492
923.486267089844 8.57780324889482
927.14208984375 10.6892187122762
927.458557128906 9.65418018746425
929.365905761719 9.8440945191392
931.499877929688 17.3582046153706
933.017028808594 12.1349759688436
934.563354492188 16.340151423235
936.48486328125 100
942.530212402344 11.907190789097
945.94189453125 6.27180141717461
948.482788085938 15.1158982547168
950.46533203125 14.2353112084042
952.474792480469 36.985882956136
954.4755859375 16.0908927932109
957.489440917969 7.0497646570916
958.468933105469 12.6253716206833
962.484191894531 7.8828687640092
964.50732421875 10.3454442464003
968.459777832031 32.7136196615607
970.46826171875 39.5504333193729
980.430603027344 7.52464879111269
982.488586425781 8.68901840528634
984.45458984375 26.8208983514685
986.462890625 22.0845047897979
988.484558105469 8.12152183671221
990.410339355469 8.79636368488066
996.43017578125 8.91128733903597
1002.45257568359 85.3747387080249
1004.44183349609 29.6914881409216
1014.45544433594 9.87717134921191
1018.41607666016 16.2271073044651
1024.39025878906 6.0779971310293
1093.57861328125 8.25345629945936
1110.60913085938 23.6210061208416
1209.68127441406 6.59779776640205
1266.68896484375 10.7999134591675
1300.70153808594 10.2700588342497
1337.74365234375 8.97750407338106
1450.80847167969 98.8259523791232
1518.771484375 6.91867260426347
1548.78283691406 6.75537293308121
1560.79931640625 5.50473883849191
1561.78210449219 22.0646195592328
1565.80676269531 8.30502002592581
1578.74291992188 7.5949198895537
1629.86584472656 6.53413421125952
1763.79406738281 11.1791542823412
1782.78820800781 9.50945046984256
1835.05908203125 24.6787087398323
1877.8701171875 14.0515970894981
1920.99389648438 20.2371936910405
1937.95007324219 23.6130415351901
1945.18176269531 13.3472643594496
1960.3505859375 21.7156203524448
1963.48754882813 58.7994009064774
1967.52746582031 26.8695219299938
1978.62084960938 27.6432108984701
1981.69763183594 42.4277540540497
1985.82189941406 30.9436970069705
1987.66235351563 29.9035515555174
