1721.8451 80 1
110.083930969238 6.94006770855032
112.103393554688 2.85295604643828
129.133255004883 2.02642307043334
175.130798339844 5.13105237484458
246.162017822266 2.74166012151782
253.106460571289 1.62539484280757
262.151458740234 1.79896252608334
267.112365722656 4.37850584990179
272.182556152344 4.00834617346627
276.202239990234 1.54582238977979
278.167724609375 1.49168727563259
301.148132324219 2.46466809592477
343.169982910156 6.69298888365509
354.170745849609 2.57496397254283
375.208557128906 13.2353398242419
414.257171630859 2.09880222843289
430.175415039063 8.15754594720076
442.232116699219 3.32515863999518
458.211730957031 3.96225970084231
467.221466064453 2.67945964229736
488.292053222656 2.33193196774705
490.219696044922 2.60819123450597
504.261657714844 3.1267046694305
522.223510742188 3.62223258427891
524.277709960938 10.7979494374512
544.287292480469 2.43377708391584
559.2177734375 2.84579253711034
560.259033203125 2.38643164778889
571.269348144531 9.90105365720772
574.266479492188 3.35152541536128
582.247680664063 6.86644740995465
584.210205078125 3.04996116458549
622.292297363281 3.05754922554959
635.290771484375 4.39734049408472
659.273742675781 2.98670253771756
685.349365234375 3.61397634753276
706.3349609375 4.54413273689789
711.287719726563 7.64186495528952
716.423950195313 4.27615603731509
717.348999023438 3.99233760518807
722.332336425781 22.9796050031276
734.334777832031 8.03249690122612
745.342895507813 4.63696736172814
759.321594238281 4.24173697255975
784.427917480469 4.04140903160609
808.373657226563 3.7247755963434
831.441284179688 4.06425360080552
833.377685546875 5.85033007463879
843.39697265625 16.3287596320719
851.371887207031 44.24865148755
860.330810546875 4.21231838251338
871.388732910156 32.741585551808
874.362182617188 9.50332706166006
955.490600585938 4.38899042889512
962.457458496094 8.12225619180178
972.440734863281 8.5720658519511
988.423828125 90.555736919087
1000.42456054688 68.5255001330208
1003.43829345703 7.64798137716641
1004.42462158203 9.77184317901536
1059.44360351563 5.86438665150384
1069.46899414063 7.36118488721116
1087.4560546875 34.4142750240062
1151.48803710938 43.6453574828183
1158.50549316406 4.86512055816648
1172.56384277344 6.60791541852572
1182.55358886719 10.6090805928956
1186.56604003906 6.70571580503881
1200.52746582031 17.8808812367941
1280.5234375 21.1189388311333
1283.69006347656 5.07138682518357
1313.53674316406 4.22623190972952
1315.55603027344 40.3130610184694
1379.58972167969 20.1895505257703
1412.75537109375 8.35552905988522
1444.59838867188 31.0863631946342
1494.61779785156 10.475221167683
1575.54736328125 15.4229896432641
1673.56787109375 16.4326018174499
1676.56860351563 28.4185420104744
1681.73229980469 32.6133445731225
1722.10949707031 32.0748574561885
1727.20886230469 16.9150662411421
1734.2216796875 30.502273422042
1736.34619140625 38.5065658229761
1738.34606933594 100
1742.71984863281 48.5016450749601
1743.11840820313 41.4226231216802
