1434.8137 80 1
70.0733337402344 1.57942910675904
86.1077117919922 9.37642038582796
101.082084655762 7.88360732206151
104.060325622559 1.14499366413487
112.099082946777 9.62570243796179
129.122909545898 4.38511594611213
136.088394165039 1.26863058760388
158.101516723633 5.11264596212251
171.128356933594 1.3177353076562
175.127731323242 94.251228329078
189.074279785156 2.73941027959466
200.115249633789 5.7287897117398
214.168380737305 1.08790962521701
215.127517700195 1.10517260214936
217.145385742188 1.18637497176464
228.146423339844 5.35733581626454
229.142074584961 2.72588954654487
240.149673461914 1.05340543625863
242.158477783203 6.56555770154413
243.117614746094 5.98883359590848
249.163360595703 1.41689011393937
250.131896972656 1.74563654457363
253.162582397461 1.07387633583027
260.143493652344 2.12504161777814
271.178894042969 8.85399126281374
278.122406005859 6.58632884151225
288.209442138672 14.063128777447
296.179931640625 1.3154644139239
298.191314697266 1.86727556874618
299.181213378906 2.96226356025915
302.150054931641 5.69111495476002
311.143280029297 5.1154382349823
313.188446044922 4.34094882909422
319.180114746094 3.07710685846855
328.165588378906 8.60901849523447
330.210418701172 1.37174557890285
341.18994140625 1.60770051385971
344.166290283203 1.3883889122143
356.189453125 3.98839096887278
358.172332763672 1.55471764632975
361.194549560547 1.40259580498768
371.228393554688 1.5694231367689
373.20703125 1.53116390595062
374.207611083984 1.79230048096871
379.204376220703 1.85747558019083
381.221771240234 3.34590616741382
382.211120605469 2.80156623961905
389.153228759766 2.77469373413069
391.196197509766 6.50805917354063
399.241119384766 7.48393676175258
402.216339111328 3.76852211279768
405.215850830078 3.90930763175078
406.181762695313 7.9958687212756
408.221649169922 2.32949660361011
413.219024658203 4.83355415870229
416.261291503906 13.3157837676861
419.255981445313 5.3956278499601
424.224822998047 2.14275094598036
425.225555419922 1.76511247916662
426.244689941406 2.57494527084201
430.214691162109 12.145858316118
435.227142333984 1.90368269631266
441.242797851563 5.75724707261661
453.243408203125 3.4514778431172
470.268615722656 6.23821499736722
473.216644287109 2.98586925117104
474.230926513672 3.1076110460602
476.24755859375 2.97915227790657
485.206481933594 2.13785964552724
487.297271728516 20.5103414963901
491.266723632813 1.97868454832488
497.253814697266 2.00092177359663
499.238647460938 4.59797754925197
502.226013183594 5.31391864402856
510.233032226563 2.30475103547122
519.261291503906 7.06504134844861
527.232849121094 9.97479882083361
529.238220214844 3.29778376988062
530.242309570313 2.36778038348271
531.248596191406 3.0269980509908
544.258361816406 14.674395010799
548.2802734375 8.81295926334416
554.32861328125 1.78754099892349
559.250305175781 3.00113257259368
564.272094726563 2.56253045903433
573.31787109375 2.68685982742208
576.273132324219 5.74610884197873
577.232238769531 4.69021377809308
579.260986328125 2.61531714654426
580.315307617188 3.74419466755067
587.274047851563 1.96645729857502
590.287902832031 3.32770272501033
593.298828125 1.97003903291141
594.22412109375 2.25412396680829
598.331481933594 7.62491254346293
603.317687988281 1.83835365722332
604.298461914063 2.88801866270939
612.31591796875 2.59335906435129
615.351623535156 12.8764142610058
625.327209472656 3.28372957283204
629.301513671875 2.46455208804145
630.295471191406 2.31461295804372
632.306945800781 1.98614017805458
642.332214355469 4.15355263669734
644.329284667969 2.08842895636468
645.300048828125 2.13103470497564
647.326110839844 2.15020602950118
654.306274414063 1.78986053559038
657.312316894531 2.23727251274395
659.301086425781 2.6016482088204
660.330322265625 2.5979963776787
662.291320800781 11.3390930031255
672.31884765625 2.1999011444479
673.321655273438 2.7267518282849
677.319641113281 2.62863517541248
679.311706542969 10.2086724723993
681.30810546875 2.63489400081268
686.387634277344 2.26359759556233
689.346069335938 4.41144806895597
690.299011230469 11.3080342314587
690.876892089844 3.99649719405948
694.375305175781 2.85486718278242
701.316589355469 2.26772924085356
707.31298828125 24.4994583161646
711.402099609375 5.89068025600679
718.357727050781 2.87727831489018
719.35693359375 2.27573890844959
728.426635742188 13.8374409761837
738.408752441406 2.27965467985644
741.393981933594 2.08613287633437
776.417236328125 16.020081920261
778.432312011719 5.11346981958561
786.363342285156 2.07764072423432
792.389038085938 7.65533291833759
802.391357421875 2.37453249618465
803.3671875 4.51437026748853
820.390319824219 7.07284825117319
831.434936523438 2.21822444935397
837.409606933594 2.91564681782789
857.449401855469 2.28659480979026
872.395690917969 2.17023314195016
874.4443359375 4.87470711309219
889.443481445313 2.59850398779087
891.487426757813 20.7794054435341
907.425109863281 1.97728121635171
931.444091796875 2.52164790838124
948.448852539063 5.06904956510024
971.48291015625 1.97999156546687
988.497863769531 10.4296314400041
1002.47845458984 2.44451004588329
1005.54626464844 6.14072290399555
1019.48596191406 5.26796123639627
1036.525390625 1.62075496660202
1133.59753417969 2.9099507089461
1147.52478027344 2.18553494075338
1283.56762695313 5.83946212865395
1299.54125976563 3.30538669393626
1369.55737304688 28.5270253274481
1394.20568847656 9.87357162981212
1417.88732910156 8.3765170113913
1435.07922363281 100
1446.16613769531 13.5488965502924
1447.25634765625 29.6638076136021
1448.337890625 86.0936192102855
1451.73974609375 53.9208776101574
1453.60656738281 42.5759697887552
1455.87829589844 31.1670783317513
1456.24255371094 26.86181168967
1457.10498046875 24.1175587829018
1458.89172363281 17.7858989785282
1459.80419921875 11.4146982642171
