1131.6282 80 1
70.0792388916016 2.33092175092227
86.1007614135742 6.70696953284843
112.08479309082 3.19290507568801
129.097137451172 2.80106808327271
147.117233276367 3.05372611093031
175.120742797852 9.31033905734444
243.136825561523 7.0209052902285
275.177429199219 36.8870491323006
283.632354736328 2.2331521256987
298.210601806641 3.25392656728674
314.171844482422 5.74523490347942
316.156280517578 15.29708771106
356.224761962891 4.72948142567568
358.1826171875 4.43256652548857
387.191589355469 57.7346707516381
390.202575683594 63.2054500243523
399.229370117188 3.48477535027506
413.237518310547 3.25082903258653
427.252227783203 5.39427846286406
441.234710693359 3.57163028179077
445.2099609375 3.5157789902251
454.263885498047 4.07985674229276
471.251373291016 16.5407987672987
472.266387939453 11.4652474899147
473.270141601563 4.82878693900979
474.295471191406 4.10956645831967
482.270904541016 4.4548073983275
485.298309326172 4.35474566747465
490.285491943359 3.82256022288675
500.275238037109 47.5328167516601
503.280090332031 100
516.250305175781 9.04742097523826
521.275756835938 4.31432490932998
522.271362304688 3.3192901267704
524.24560546875 3.87960731822516
528.278076171875 5.25993995857235
542.297180175781 7.69942508327795
558.266784667969 5.8710739002969
601.324401855469 8.58349099295945
603.333801269531 4.12088872121612
611.289672851563 5.58010836642708
614.318664550781 7.41255374365537
627.397644042969 5.95321670007484
629.306701660156 64.505261481625
632.321105957031 75.0108712900055
637.370788574219 5.08170150959241
645.363525390625 4.44056835343202
655.362487792969 5.9714545899879
671.348876953125 4.86078547250672
683.256896972656 4.02579128327675
685.357238769531 4.81942487716282
692.407653808594 3.74340762342356
714.393188476563 4.25758659061967
742.410766601563 8.78621078522341
743.382934570313 8.68963791696931
745.399963378906 44.6028795145782
801.356079101563 4.29868033521342
816.447509765625 22.6209585135419
857.44091796875 7.58298384146102
872.384338378906 4.89266903126609
914.458435058594 9.26412131135535
929.520812988281 34.177930780129
964.507507324219 8.14178571612075
985.449462890625 4.86201948542907
1105.74047851563 6.57029114117034
1120.80908203125 6.79241051154404
1126.6953125 6.95923915131066
1131.78479003906 24.8763130147542
1133.79748535156 21.4366103034612
1134.86840820313 14.366557968072
1135.84887695313 12.5279708709037
1136.90490722656 13.8891923157927
1138.88195800781 20.2623258410261
1139.98291015625 30.5989550608759
1142.1220703125 44.8241076977316
1143.11242675781 55.0968362638508
1144.41564941406 40.6422524544423
1145.69909667969 26.5880881192209
1146.5859375 25.0093124808387
1146.99841308594 20.7193712897135
1147.79223632813 17.6777708239638
1148.42211914063 14.6597143470438
1149.2509765625 15.1484050996424
1149.71960449219 11.9678749540949
1151.58898925781 4.84749267856832
