1971.1697 80 1
73.0909805297852 3.68990446043944
96.616340637207 4.17099289937391
110.086883544922 8.29322197606462
112.106460571289 5.54904683216455
172.073623657227 3.61174792906002
175.131286621094 16.8275432545956
209.132583618164 3.80181138969284
209.311630249023 3.91169506598393
212.553970336914 3.64946317158686
243.098815917969 4.82626102481609
246.160400390625 10.3377306077598
251.163543701172 5.67943839165753
301.111328125 3.63953010655862
316.170440673828 4.13257418297303
357.209838867188 6.40080113265222
358.178802490234 5.08083618587339
366.206176757813 25.4599297027362
383.227722167969 22.6256284157707
398.225830078125 5.96340539890344
406.187713623047 6.40073196587157
414.225799560547 9.22371950302201
454.318084716797 6.12027538837037
479.284301757813 7.26262268536253
496.308410644531 27.1033984995515
500.273559570313 8.09665402105369
504.270355224609 15.2979028007937
507.630767822266 4.43405867246656
510.290344238281 6.67515042031576
510.645782470703 4.68268779304622
513.2763671875 6.17003399094096
514.251831054688 4.58175805363972
524.274536132813 10.5750286571559
527.2880859375 18.1546073195826
538.259948730469 5.51888932451133
541.93701171875 4.66641234550751
554.251647949219 5.90447451050132
573.382568359375 7.66842880064371
590.32080078125 8.15700431213042
612.361572265625 9.24346445471459
618.981262207031 4.86686285086645
625.334106445313 4.6666885062036
626.330993652344 14.1062772151064
640.376647949219 8.65954534123483
643.390930175781 16.6204745146338
648.296875 5.24464907976907
652.3583984375 5.6616211682303
666.325744628906 5.15808213076961
683.354919433594 5.33805452130887
688.421142578125 5.17378704930119
696.016357421875 5.78765489611309
698.387634277344 8.32005955737595
705.514709472656 5.3194896224704
711.425598144531 5.6489477345021
712.428649902344 5.48469477477857
740.455017089844 5.45471309207283
757.931030273438 4.75877587289898
764.422790527344 5.49560715786039
771.474548339844 5.29892601652863
789.437072753906 7.24726910020937
806.4267578125 13.7931514365517
809.276428222656 6.66324977758761
810.442504882813 7.72559955629747
816.427429199219 5.28160809797027
816.889526367188 6.19693620493326
917.436828613281 6.48572165450912
934.489318847656 19.9789620053727
987.489135742188 6.526907121265
1031.49487304688 21.6958346633781
1048.52722167969 12.2082071841824
1087.42053222656 5.81391703449773
1092.52526855469 12.8807936950449
1161.58898925781 6.80935097170887
1202.56481933594 6.06783633368409
1215.59301757813 8.68239422837072
1232.61938476563 8.66040778554969
1313.62329101563 23.8968798185215
1444.79089355469 17.8401904383397
1573.82641601563 7.81919489491306
1954.2236328125 20.7830473772516
1956.99145507813 23.023137856624
1958.802734375 18.8862856991682
1971.46313476563 100
1974.66271972656 66.1128359547251
1985.46362304688 29.2347059098311
1987.626953125 43.2336174169875
1990.82507324219 48.9935482480419
1991.46801757813 46.9012634044509
1994.01184082031 46.8962761163635
1994.71350097656 48.8244635839446
1995.35009765625 47.9584246538464
1998.259765625 32.4958889310281
