1417.7625 80 1
70.0783309936523 1.4179211840837
72.0882873535156 1.04131903134254
86.1081237792969 7.57221770317437
112.100257873535 8.97706667663146
129.122421264648 4.14760518412222
157.119613647461 2.18037433793658
158.105377197266 4.05980827880844
171.121337890625 .900515746542107
175.129547119141 76.0571923470504
185.110733032227 .774048527073995
187.09245300293 1.50408085210156
200.147872924805 2.22743718290901
215.118576049805 1.3390957950389
217.144378662109 1.04654685733746
228.146347045898 21.4734512542498
245.131423950195 1.30701997466179
259.105834960938 2.75791136049533
261.100738525391 1.81400839858205
271.188598632813 7.8040236433715
285.168243408203 1.21236513356089
288.212982177734 11.1757389393366
296.214477539063 .840142187432048
298.185699462891 1.0151662558475
300.166290283203 2.44392383493992
302.111267089844 4.77416999495521
312.161926269531 .829976581364437
313.170806884766 1.21098002588605
326.155456542969 .85329278701232
328.193481445313 .869929725844417
341.227172851563 3.78589115215701
344.14892578125 3.05475066334792
357.187835693359 1.00697718886254
358.172119140625 4.16857819380541
372.134460449219 1.15049932129518
373.179626464844 2.30333823404133
374.191528320313 1.48808519644148
381.221343994141 1.51299569772819
390.145385742188 2.92677927661255
397.182525634766 1.80734703593139
398.257049560547 3.44275787409095
401.177429199219 3.6069559631254
402.215850830078 7.00628134511537
414.211364746094 3.4255904971924
415.187286376953 10.4721617729849
419.249206542969 29.4448128150934
425.165649414063 .99706227992753
429.228515625 1.03845514910298
442.237640380859 1.30634130509293
455.214477539063 1.13461362950791
468.257873535156 1.26587447567412
473.196380615234 6.33989008933347
485.208953857422 1.50795568300922
486.257598876953 3.39105297445495
489.211578369141 1.48328284282161
499.278167724609 1.56987794463857
502.240356445313 1.61220789421368
503.236999511719 1.84725705047327
510.250762939453 1.61526635419922
512.2197265625 2.25561663070189
514.246032714844 3.48674056600005
527.279846191406 3.84957603458732
529.234069824219 4.45020462414106
530.226013183594 5.72472067788075
531.249816894531 3.54975797866991
540.201354980469 1.61697656688458
548.287353515625 34.8488654544545
550.281433105469 4.30269020450846
558.262451171875 1.3533794755481
583.277648925781 1.48808254109696
596.303771972656 1.44138917722169
599.291015625 1.2145960461084
600.295166015625 2.38491206383429
602.284851074219 2.12851845634262
604.232788085938 1.65203772045658
611.277954101563 2.27817215196206
624.300476074219 1.99412606610312
625.294555664063 4.44656835497567
628.295104980469 3.54453182585261
639.275390625 1.18454060517318
642.311767578125 11.2352438125789
659.268371582031 4.82588345070134
677.330627441406 11.2744152065498
687.3486328125 1.57607868653797
696.343139648438 2.16169358547075
713.388549804688 4.2581594246442
724.348876953125 4.23726189429374
726.325866699219 1.63159874170732
741.384338378906 4.8282981061022
757.344848632813 1.49726383734753
758.36083984375 1.37881848356515
759.393005371094 2.09594411832355
772.3544921875 2.58834102034558
776.397155761719 96.3662588468253
786.386474609375 2.73632768756693
788.337524414063 1.38189573283067
790.297912597656 2.66367143638678
853.380737304688 2.19996436732622
869.373107910156 1.78769259502662
870.402954101563 3.07586388997391
873.411560058594 3.12711992768697
874.397277832031 6.86939268256964
887.385864257813 1.59970761917589
891.420715332031 20.0888191190093
901.406311035156 1.70700981189741
982.458801269531 1.51565052981769
999.467956542969 2.65127492165373
1002.46044921875 1.71948825410244
1016.50177001953 1.14275003215979
1020.45794677734 3.30156339182308
1060.45166015625 1.63551930354846
1077.4697265625 5.17534579679049
1190.55895996094 6.9538499059495
1287.51708984375 5.03123537355489
1375.03308105469 10.166856408787
1418.041015625 64.2053664797317
1430.20886230469 28.5139682824134
1434.466796875 36.8016276194828
1435.36596679688 61.1554493120706
1436.86682128906 60.3832361172054
1437.58203125 65.1341951866528
1438.27917480469 76.1613163874144
1438.88024902344 79.711487792357
1440.08361816406 89.4807376947844
1442.681640625 100
