863.5244 80 1
73.0708236694336 3.18338080058569
85.9710922241211 1.56477547842214
86.1072692871094 5.43216386030658
112.097122192383 2.60333737959475
129.10758972168 2.30685736046442
175.128829956055 12.0434010314761
185.164169311523 2.16631861245261
213.164672851563 5.13219080433493
226.140625 2.57875819232141
228.143951416016 2.11946308700807
229.14501953125 1.88049262472625
243.153915405273 3.64854941760563
244.150939941406 4.23057611963963
250.126892089844 2.80902136916899
255.174560546875 2.31341826176709
261.168212890625 49.7085977897894
272.192199707031 2.30169201714238
275.170074462891 2.84655716190104
278.128601074219 13.212083265463
314.214385986328 1.65392745048
327.218841552734 53.4688835591183
329.250061035156 2.54028816538253
356.243682861328 3.76581541404392
357.211517333984 5.22822833990911
374.252288818359 61.0759444125496
391.209930419922 17.2178152769947
440.306762695313 3.37344607982294
462.284637451172 21.668318203296
475.2998046875 2.74055238126384
490.279479980469 100
504.285186767578 6.99390666183975
505.261749267578 6.51268611870084
506.252136230469 5.43851986750024
520.281005859375 6.27111235851682
526.246765136719 2.81278403563739
532.342590332031 3.8259282133229
533.305908203125 3.06450949365806
537.316955566406 46.9557394287687
542.318603515625 2.95404399944875
558.312133789063 4.24212600574181
559.310302734375 3.62186825132686
575.379089355469 11.7205970840587
586.3251953125 3.45512985945663
586.842956542969 3.87120735216674
603.362548828125 22.4600066669041
616.290832519531 5.02859321051609
634.316467285156 8.13961771635595
651.353820800781 67.512718900279
717.389282226563 8.76098512741468
764.425476074219 12.4245709731478
775.375854492188 8.63477597740152
829.485229492188 5.30368362338386
847.475708007813 6.11337455196069
863.7109375 25.5078162459602
865.762023925781 25.9240004293128
868.759948730469 28.4281502922094
869.814331054688 44.5548726164467
870.973022460938 83.735397124183
873.838195800781 16.688914038575
874.088500976563 17.7035699320602
874.513305664063 14.310958977002
