1681.8601 80 1
70.0850372314453 .576925041083927
72.0945205688477 .415100319345752
86.1176986694336 .932570653049204
110.090339660645 4.31426578408948
112.101295471191 2.39250882714218
129.128967285156 1.13919498690633
136.097717285156 .648142517985449
155.106201171875 .278928010508171
158.107223510742 .620021451257852
166.089691162109 .309816117370429
175.137100219727 11.4300912767573
201.111907958984 .782275636686764
221.115829467773 .466706088164643
227.172317504883 .278056015665849
235.148178100586 .498592418058397
237.154190063477 .642250842031685
245.144683837891 1.81821820130752
253.112991333008 3.7890786816957
262.168304443359 2.58321670144526
273.154388427734 .369978917596441
274.132354736328 .470793083421935
279.110382080078 .706080530762182
281.092376708984 .288032142280387
296.185607910156 .518997433064695
306.18212890625 .335914437309513
314.183898925781 .52326455940862
324.195190429688 1.10725015400549
344.196899414063 .685037604865928
350.14990234375 .605278342180642
352.187377929688 .970768359846575
353.192138671875 1.11687975063708
361.234466552734 3.75452557755243
371.210723876953 1.68845060783885
379.222015380859 1.36969385186165
384.196411132813 .460569998453423
388.186828613281 .518276920074589
398.161651611328 .475255338148669
407.178680419922 .824366978932695
416.172424316406 2.97536963285398
421.198089599609 .635098745125854
439.212066650391 2.27313604900179
444.235198974609 .717896009241768
463.236968994141 .459026108994889
476.234191894531 .59849847712108
487.249481201172 1.10693170165019
488.266021728516 1.24884810590019
489.268310546875 .812057600401253
494.240020751953 .745033233958658
497.243133544922 .554809403843856
506.290466308594 2.02727602798257
508.283538818359 1.07133610788397
510.237152099609 .722048542433503
515.237426757813 3.84911526660315
520.264953613281 .94511367868916
524.297790527344 100
531.29638671875 .731316694309334
534.279846191406 1.67378155780106
554.238525390625 1.92918708187444
560.328979492188 .873464527379308
568.291320800781 1.28956867604552
587.317504882813 .660366977705838
602.27197265625 2.03376793041935
604.278930664063 .974932685551068
605.296203613281 1.17389917088433
607.291931152344 .848792919024011
612.303039550781 .68357593896001
614.305786132813 .696851049788165
619.303527832031 1.04730833317334
620.2958984375 1.59968880645415
622.298278808594 6.09821460111576
625.281188964844 1.21779072166618
639.322631835938 14.9832747742467
649.306640625 .793543815685253
673.42626953125 2.06059225683034
676.291259765625 1.28151863562106
694.28271484375 .664696749881052
701.343688964844 1.00541003805588
716.364990234375 .872596084827038
720.343872070313 .841682621336809
759.353576660156 7.90179840008413
769.375427246094 1.72847771524371
776.375854492188 9.26475766722796
786.422973632813 1.83488554926284
788.372619628906 .907563798455834
789.357788085938 2.09340289153585
807.373168945313 1.16814590250808
845.371154785156 1.06021235839715
858.431518554688 .862628667834146
866.528442382813 .95306591454454
867.480590820313 2.21781808029577
875.446716308594 5.54489914571147
884.513427734375 10.1807859096639
903.401184082031 1.18228488909106
944.467468261719 2.45363972331571
962.476745605469 76.0175649389099
997.628784179688 1.17973499290665
1008.39904785156 .984361680759615
1012.57080078125 .960670056258564
1022.52655029297 3.42758111098385
1043.48498535156 2.06709818672451
1054.62316894531 2.12921457840437
1059.50122070313 1.57032108881956
1060.484375 4.42166602437871
1077.4921875 4.59271926255179
1086.54296875 .864170573703606
1131.5009765625 .943599512782941
1140.55383300781 1.01947037154658
1148.53967285156 2.46510662462728
1158.50573730469 5.87252521588339
1198.60363769531 1.22305964301612
1293.6025390625 1.41414000809199
1311.60131835938 1.7627654000269
1321.60070800781 1.95206373290521
1351.59326171875 .761991739477941
1368.62097167969 2.65630212872088
1420.63415527344 1.43656303198587
1481.67456054688 1.56647269585799
1507.63513183594 1.42852195556699
1525.60852050781 1.63999786817535
1552.61315917969 3.89209932084081
1663.96081542969 3.58576756089687
1664.88464355469 6.16284416078416
1682.17456054688 31.8191335092558
1685.06945800781 17.6070222511892
1688.26196289063 8.8036574569291
1692.34655761719 5.50925709659197
1694.31079101563 7.58033719150724
1695.28637695313 6.49980180922822
1698.47631835938 6.31202382015187
