1681.8381 80 1
70.0841217041016 1.41674246506696
86.1196365356445 1.37032378734433
110.093376159668 4.96448926875019
112.10725402832 4.72751534398935
129.130126953125 2.7978953968865
175.1337890625 34.507573513346
201.117858886719 .94587378702891
214.141754150391 1.12472028106342
216.128372192383 .966306310946239
235.15641784668 1.01202394961238
243.128112792969 1.18177929516059
244.141616821289 .674909629280467
245.133209228516 1.62630881384018
246.163391113281 1.34662338867507
253.120361328125 3.88920105707329
255.134872436523 .82772476928367
256.142028808594 .882050143151584
261.161529541016 .750698816809811
262.164398193359 2.39326299374054
263.180480957031 .946155621382993
267.132995605469 1.29811111356106
272.160064697266 .970290485353356
273.145690917969 1.26950146964927
279.123992919922 .852209129418613
290.166381835938 1.76574424016303
292.159393310547 .711472718337081
300.163238525391 1.00667399405436
324.172698974609 1.11114590614142
326.179229736328 .99389715951071
344.205902099609 1.18647914022864
352.178924560547 1.08699684986419
361.223937988281 4.86480552051172
364.162048339844 1.11678321223329
366.196685791016 1.20808494310295
371.211273193359 1.58053894868285
379.228515625 23.1507257821329
384.199096679688 1.89842163240937
390.202941894531 2.51292561627048
403.237152099609 1.1993390974862
413.244049072266 1.38069418534341
416.174346923828 2.08413492161419
427.238830566406 1.21935406406702
432.274536132813 1.99016555622384
437.232330322266 1.2058836479176
439.222290039063 1.92555568575271
444.233489990234 5.26265399099235
477.241027832031 1.55821137989376
488.237091064453 1.49764103033211
490.248382568359 1.81095944221246
494.232360839844 3.01100595855402
497.265563964844 2.34952109591537
503.310974121094 2.32606795688428
506.269378662109 2.73665495877928
515.256469726563 5.3500484494905
524.296997070313 100
529.255126953125 1.85130077745016
531.2978515625 2.06518386387038
534.267883300781 2.53966250467039
536.25830078125 1.62939601748059
554.246398925781 1.53876221860476
560.337280273438 2.4055092722547
568.306030273438 2.90285297241015
574.316833496094 2.59885845186624
576.318115234375 1.71701539633685
602.283264160156 3.70087727198455
604.278930664063 1.41155653723281
605.279724121094 1.72447169390792
606.276794433594 1.75026624907455
607.325378417969 2.9191006328171
612.320434570313 1.98583118676963
618.343139648438 1.97836823983074
619.314697265625 2.36265737134724
621.295471191406 1.78023928296067
622.2998046875 5.43432337604039
623.312622070313 3.40571159434686
625.275634765625 1.93628528939117
626.273742675781 2.78045520330956
639.320617675781 14.5283919531937
642.325561523438 1.73827310580361
673.414489746094 6.37218320218759
676.300598144531 4.37138175248515
694.343566894531 3.88736424409022
710.350219726563 1.73298667866527
738.381774902344 4.76803587270127
739.408325195313 4.90102506638509
745.382751464844 1.89974667370226
759.353393554688 8.18491596889958
769.38134765625 6.09612605050607
771.380310058594 2.54241518320788
772.385070800781 3.99314498339606
776.373962402344 7.61834438236222
786.412414550781 7.3989150841926
789.367553710938 5.72455246715356
800.389892578125 1.74639136491512
807.38916015625 3.50240354639085
827.433532714844 1.74870542479262
853.475463867188 5.98894870433885
866.5048828125 2.9699893830083
867.478942871094 5.93454401604267
874.455383300781 1.97408061563207
875.4384765625 6.41281359522926
884.524963378906 27.271693100887
899.486145019531 2.68939684329613
903.398742675781 7.42007397167319
920.468566894531 2.13077841985458
939.514831542969 2.18863415002315
940.501037597656 2.84298398139414
944.467407226563 4.03422090405048
962.479370117188 70.2182233384683
987.453491210938 2.07451114977899
990.518798828125 4.64464732782578
997.581298828125 3.16982361318999
1004.52209472656 2.84052679037967
1012.564453125 3.68028987071215
1022.52880859375 22.9728356638781
1039.55383300781 2.68995946368054
1043.47644042969 2.99045378095986
1049.57275390625 2.39982334390857
1054.65002441406 4.88337193329299
1059.51013183594 2.21041216753067
1060.48913574219 4.33934549763652
1077.50219726563 4.71232599137534
1086.55590820313 2.21387790590373
1103.61315917969 5.92733074987062
1148.55187988281 2.83813405630021
1158.51123046875 5.6479516299313
1183.68310546875 3.05941862793505
1198.61584472656 6.65867083579554
1282.63452148438 3.92108117158631
1294.57116699219 2.04606990659874
1298.67492675781 3.25252074259712
1311.56066894531 2.46858639355252
1321.61767578125 3.11490039401143
1323.66186523438 1.89765513801429
1368.65576171875 2.76084312252467
1420.666015625 3.19881230102026
1428.74938964844 4.25959054376604
1510.63415527344 2.80941741347694
1533.65771484375 2.77815364344487
1552.61901855469 4.94170737641282
1628.71618652344 4.25776282623957
1677.1005859375 7.31097042545055
1682.17846679688 25.9278540251668
1685.20471191406 18.9354947885817
1688.31091308594 27.5574812529481
1692.40808105469 16.2571968384396
1693.3603515625 17.6385899462239
1694.31042480469 21.0320215359837
1695.32800292969 24.4381080907784
1697.3798828125 21.1668529839501
1698.48901367188 22.3749155628129
1701.28515625 15.2206021667827
1701.76611328125 13.3915597188335
1702.39013671875 12.5942013943819
1703.53283691406 10.3772646195313
1706.63391113281 6.9975063664562
