1434.7949 80 1
70.0725708007813 .719539362958723
86.1057281494141 3.78150966674835
101.077835083008 3.20152588362278
112.095413208008 4.66443670907414
129.117431640625 1.82008037300273
136.090896606445 .568165748337601
158.101791381836 2.31213996458657
171.162338256836 .74521262333926
175.127868652344 37.3278392726643
189.067031860352 .94727021491245
200.117630004883 1.76905692960127
215.110916137695 .811542530858672
228.14665222168 2.01034325073029
242.146957397461 2.3100929175271
243.12077331543 2.33554466263871
246.170028686523 .799589128891346
260.142669677734 .755649799583708
271.180114746094 3.07173812528694
273.144958496094 .64414234007817
278.134002685547 2.15268060908477
286.169219970703 1.13953681087067
288.206573486328 4.96625790983351
298.187774658203 .760925877343959
299.180938720703 1.24881406556545
302.157257080078 1.76284747435073
311.147674560547 1.2742782821387
312.179016113281 3.37059838685987
313.191741943359 2.39193444902695
319.184417724609 1.18399624504009
328.168090820313 2.59808840791069
341.216064453125 .80778723902334
356.209869384766 1.25041139379072
357.1943359375 .914330652593412
373.189636230469 .853157808470329
379.216522216797 3.94316685308109
381.244018554688 1.49114906129308
389.163970947266 1.09408497309576
391.199981689453 2.25164740587672
399.238037109375 2.99452394135037
402.216735839844 1.46453592945271
405.211578369141 1.05937526471282
406.176574707031 2.6219559319232
413.22119140625 1.47101786973044
414.212646484375 1.11835146642124
416.262145996094 4.18155746750474
417.241485595703 1.45844069430822
419.252807617188 1.72906041230081
424.223449707031 1.27385029335818
430.224731445313 5.18119117659961
441.244201660156 2.08060102609477
445.288818359375 .910039917034879
453.223602294922 3.5755365475132
458.229736328125 1.09103472304324
470.271606445313 2.55744443951537
472.216156005859 .99037996746512
473.209228515625 .986617883692503
474.246673583984 1.39826998913104
476.238586425781 1.40378048200449
482.195617675781 1.11446352107224
487.292144775391 7.010833505615
489.265106201172 1.59577415677984
491.266052246094 1.47517414842267
492.278228759766 1.01099598450829
499.235931396484 1.88762057196311
500.265167236328 1.0860237795754
501.266693115234 1.36887216300379
502.230438232422 1.39415276235084
514.329345703125 1.43769865677253
519.258605957031 2.98667514269486
527.223449707031 4.15178128279587
529.259521484375 1.29957466945798
541.306457519531 .95048600720852
544.254272460938 4.91580963832453
548.268859863281 3.5709903577275
559.273498535156 2.47966745755273
564.280334472656 1.05342570038601
570.353759765625 1.52166844838459
576.270080566406 1.79930416158931
577.241821289063 1.50365335639538
580.328002929688 1.15813472431855
587.30615234375 1.00971509975781
590.288635253906 1.15741482042271
598.340087890625 2.86104934257563
602.355224609375 1.35553243888723
607.29052734375 1.47770362340189
612.282165527344 1.21077150588188
614.291015625 1.18711511231456
615.351379394531 4.67182384945738
618.275939941406 1.31557066980814
625.308166503906 1.38657989737531
642.337280273438 1.42066146556443
643.331359863281 1.244533859928
644.303100585938 1.19212193778177
647.306457519531 1.20044487308059
657.340881347656 1.25608089952752
660.333129882813 1.35047553411032
662.296875 4.11797694725337
673.348693847656 1.59888527171083
674.325134277344 1.51138132351554
679.324157714844 3.16450022135718
686.393005371094 1.17564982470075
689.370056152344 1.52668290182612
690.311462402344 2.96841559623856
701.332580566406 1.28892977601048
705.373168945313 1.09852884853017
707.314697265625 7.54827103206307
711.4033203125 2.24274489653584
727.390380859375 1.50202077642643
728.424743652344 5.01977610935775
738.402709960938 1.26685093597412
739.35595703125 1.47541766321176
744.405944824219 1.64772036483774
775.412902832031 2.82002872221976
776.407104492188 5.70073167883499
778.355407714844 1.9137518009979
792.403442382813 2.40488351583516
803.966186523438 1.29233834739322
820.38916015625 2.74427702271592
827.348266601563 1.4800634865027
831.423034667969 1.26113841233138
847.381774902344 1.67132692783365
874.491638183594 1.63314891633061
888.452758789063 1.49137477747541
891.484619140625 6.8138091195869
917.430236816406 1.73778786515843
931.409118652344 1.29741857829452
948.449340820313 1.31172398737823
956.376037597656 1.50512851266228
972.409973144531 1.12276452594488
988.505981445313 3.43179334105346
1005.54046630859 2.90799004486116
1008.57525634766 1.25242231852249
1019.50701904297 1.61596613030819
1281.54858398438 2.16178801659472
1283.54614257813 2.40330905771408
1369.56286621094 7.74546867813122
1435.07678222656 28.5741282742096
1440.02392578125 6.57046667849644
1442.19091796875 5.76396382728787
1444.25939941406 6.83297777686743
1445.14709472656 10.1564001826539
1448.32177734375 100
1450.04748535156 61.7616282255674
1453.69982910156 21.8015857218754
1454.1591796875 20.0124876793843
1455.6953125 13.8843024495623
1457.72631835938 9.32235481660988
