1971.1414 80 1
70.0927886962891 3.51523621853097
110.101333618164 5.46308988404159
112.103523254395 3.12676199286969
129.131423950195 3.36195231551554
175.140350341797 26.3200578650383
209.118576049805 3.84227337156058
243.131149291992 5.42472505114013
246.182632446289 11.0531637169643
251.184188842773 3.10812248835385
272.181304931641 5.80520773071527
281.859710693359 2.83600238574955
288.197570800781 2.80158766034962
292.14892578125 2.6535080075979
313.224395751953 3.55915505724981
323.206146240234 3.54189283440355
341.216949462891 3.62794005363434
366.203002929688 16.4081011229106
383.2314453125 19.997539759576
398.25146484375 7.24128532630991
406.192779541016 6.54749945924177
414.218048095703 7.92247116273224
422.200592041016 3.19388861127374
427.242065429688 4.80357589363115
460.281555175781 3.56331719921678
474.337646484375 4.5361680386866
478.286193847656 4.22534618224688
479.300476074219 8.18722021183814
484.320617675781 4.24983028323567
496.32080078125 18.8923250578881
499.308715820313 7.66165700186149
504.294525146484 20.3993955694544
506.291351318359 3.99306883603685
525.541870117188 4.28351837714949
527.295043945313 12.6663622964401
538.368347167969 4.63906188861021
554.3125 5.05125639390404
573.394958496094 18.7437033293763
584.347290039063 4.58016014224597
585.407958984375 5.74318101547974
599.327514648438 7.38779702741423
609.386657714844 3.79690126986954
611.622436523438 5.15744348071299
612.366394042969 8.21790366862979
619.408813476563 4.27592297219797
626.373718261719 12.3659890857671
640.369445800781 10.4232756389963
643.371154785156 12.3369523889927
689.3662109375 6.44260413421306
694.430847167969 4.98835566141759
697.418640136719 6.92968599541625
700.373718261719 4.61261696211505
709.838317871094 4.27729088340063
712.431640625 6.13194953043226
721.618835449219 4.58832885342311
736.293640136719 6.37784197926596
739.466125488281 6.69257633746177
747.966552734375 4.95034539318101
760.41650390625 3.98788254362264
782.345825195313 5.51414153280092
789.411987304688 5.62346966383129
790.415588378906 5.59093285432955
806.431213378906 12.888752517026
808.468444824219 5.20055146877275
810.471130371094 9.1649070882333
914.494506835938 5.54836739772302
917.482177734375 7.1713960482709
934.48876953125 21.2660074969738
1031.51257324219 18.4432597207479
1048.52465820313 8.64657858659469
1092.50708007813 10.2406199144998
1145.61682128906 6.37919698948583
1186.32470703125 4.9519885518951
1198.68249511719 5.94215317390028
1203.62121582031 7.49570148455775
1216.6083984375 5.38482533752624
1232.71496582031 7.16896974327162
1313.63391113281 48.2472467823271
1331.70849609375 7.99577288344544
1337.63989257813 14.7299896292663
1444.78576660156 19.7541278388023
1614.76049804688 9.3774404624564
1670.85046386719 7.57965364789195
1955.14782714844 22.741512400596
1961.28491210938 20.3363252306318
1971.48303222656 100
1975.50769042969 48.2047313723315
1977.63854980469 32.840920174911
1984.59777832031 29.0732487803181
1988.56982421875 53.8410019257313
1991.82666015625 58.6462977026457
1992.73999023438 78.9189755365031
1994.64599609375 86.0055303331334
1996.51831054688 64.727952795912
1998.09838867188 48.1862298410836
1998.87036132813 46.7328994793816
2004.08044433594 23.6859229527173
