1020.5591 80 1
70.0740356445313 .773411122550083
72.0990219116211 .501711534834764
86.1073989868164 3.9499145963874
102.071960449219 .58172839160468
104.065940856934 1.74915056744641
110.086624145508 1.72560381971998
112.097885131836 3.68725585622878
120.09228515625 .816449082640442
129.120254516602 2.21200872299373
157.119476318359 1.44751044165167
158.104309082031 2.82773062002116
175.129516601563 35.1728172052218
200.15690612793 1.83263289946265
215.139251708984 .661642821660613
219.093124389648 .622820922890875
228.145278930664 4.44745295605063
235.114013671875 1.60332907658959
243.148513793945 2.23607027210475
246.164520263672 12.0940156398669
247.091720581055 5.78857508102853
249.076644897461 .770756093897879
257.168151855469 .923520365961702
267.145324707031 .527678059020101
271.186859130859 5.572400672612
274.198394775391 14.5145877565853
277.127624511719 1.81469771628152
284.189666748047 1.32802069591239
288.209777832031 2.98129433451497
295.1572265625 .700140475059248
301.121887207031 .852816823508889
317.209106445313 .545053866524421
330.179931640625 .667682833279055
340.155242919922 1.05341168185811
348.199890136719 3.29600578009291
355.235626220703 .672176749553427
357.187408447266 7.88382407827589
372.197509765625 .974297298337545
374.186279296875 2.72884236376462
375.193237304688 1.97927356939773
376.177734375 1.22345286183445
378.125579833984 13.1215852264875
380.127380371094 1.75075198452111
384.267425537109 2.91869707260485
388.246551513672 .895598941544536
389.223083496094 1.27510353931611
390.242462158203 .672977813088386
401.292785644531 7.73171663406554
405.21484375 .795389661476151
415.211151123047 1.06919148104961
419.250335693359 .770305213413511
424.205047607422 1.45173702796583
447.241821289063 .91978568140086
467.266906738281 1.11691878588429
470.273284912109 .67916445852668
484.317504882813 .835888026557906
485.219116210938 .937589229030287
486.233123779297 1.9306909427667
487.227111816406 1.65832617180351
489.213653564453 1.22127674781268
491.203826904297 7.56784008358127
493.209808349609 1.3558999959779
494.236450195313 .706666409844636
504.246185302734 3.94845006821961
505.245880126953 4.2572700039263
507.181457519531 1.00243938805049
513.308410644531 1.83491088103908
522.25390625 1.8014490439582
525.288696289063 1.04235577035439
530.334228515625 2.53371980729295
542.3076171875 1.77747777698626
557.276916503906 1.01688911327647
602.285278320313 1.07983337697104
608.374694824219 1.00658701558283
620.245178222656 10.4765954313457
622.244995117188 2.30456889240352
626.373474121094 1.05163336627458
637.354858398438 1.37462095494283
643.420349121094 1.63031264912216
651.293395996094 1.31025638389869
652.299072265625 1.59670560735343
665.376831054688 1.56130452650185
668.415405273438 5.11022264677848
669.349304199219 7.73444772057488
679.347595214844 3.05048962772089
733.344299316406 1.60749214727978
774.454528808594 1.5531542445386
905.470947265625 13.0880406886757
1008.55725097656 4.60826073045311
1010.40197753906 5.10082935515637
1018.64489746094 2.04893450976975
1020.81176757813 25.5412238110176
1022.81890869141 15.1208788693674
1023.86877441406 10.4232448912288
1025.85986328125 86.6652400552909
1027.88403320313 100
1031.04650878906 15.408281619451
1031.34936523438 13.9428206703008
1031.62158203125 11.7760896040813
1033.00354003906 7.73572783281662
