1567.8940 80 1
70.0809555053711 3.66508079643507
72.0884552001953 6.06207004987697
86.1110229492188 6.95669380560414
112.097564697266 10.4110813765846
129.118423461914 7.42552415940975
157.132369995117 2.86002365954539
158.098495483398 2.97703464221576
175.129211425781 87.4607064196276
185.133560180664 2.36121554809631
228.147872924805 3.67396485368519
242.15544128418 7.72058132032217
243.131332397461 3.34140533664913
246.172119140625 2.65559899917457
256.156097412109 3.26174256908002
259.114349365234 2.46154234062773
261.158508300781 3.70565283556319
271.176025390625 8.73056064492138
272.179504394531 10.1228408424638
283.145446777344 3.03539998305236
284.175445556641 3.10755458460865
285.159942626953 3.35622360465886
286.139984130859 3.74691510230089
288.197570800781 8.31424322097018
299.170257568359 2.90332091834726
314.183471679688 6.53597770552366
316.1357421875 5.42794888470598
342.185485839844 14.403366529161
371.186309814453 7.55272685477356
384.264587402344 7.18860794711435
385.239135742188 4.68611378648599
398.212280273438 10.8406777270425
401.289367675781 6.13874291881582
412.216430664063 4.17530227482095
413.211181640625 9.74738176219342
414.230621337891 5.85334627856026
415.191619873047 7.67765794547234
419.213562011719 4.16212682700544
427.269622802734 3.83172761959113
429.184356689453 4.3264435668132
430.268524169922 3.5088739111346
431.261810302734 4.09555230107536
432.227142333984 3.42643031369238
441.247314453125 6.76813862195879
455.267181396484 10.2470856510513
457.269226074219 3.89863949629146
458.205291748047 6.83508114558394
470.244842529297 4.26352468370633
471.266387939453 5.96164720045661
472.316680908203 15.1122157391727
486.238128662109 9.59300520422916
498.282257080078 6.35556344985078
499.261627197266 20.9401661672937
503.262664794922 5.20147985345465
507.976226806641 5.03003553893327
508.295257568359 6.36893446642108
512.3095703125 7.51893278721699
514.247009277344 6.14721667623073
526.30126953125 6.64925653469385
532.305847167969 5.11041536350056
557.265930175781 30.5011140483476
568.304016113281 3.72250541317252
569.282470703125 5.39640547068517
571.397583007813 5.50969484606575
574.313720703125 11.5543555871928
585.316772460938 7.17410821944501
587.343627929688 6.64256420176295
588.3251953125 5.91709787508376
594.355346679688 3.97381066591399
597.342834472656 4.67592139132797
603.339172363281 16.7740580978817
610.312622070313 4.80850412555295
614.314331054688 4.65687098987228
625.339660644531 4.97132063760864
627.36669921875 30.0689636595257
628.337890625 35.3811269826893
656.318481445313 19.4368009549481
671.340209960938 4.38173189881464
674.381042480469 9.39566084723664
685.412902832031 7.59123560088467
687.3759765625 12.5281069622907
688.373352050781 12.826172597666
699.335998535156 24.541302762906
725.403747558594 7.92967754668071
727.393798828125 6.2541995457625
742.4296875 12.389903791058
755.396240234375 8.88603358222544
758.434143066406 8.40939324244871
784.375305175781 4.87266790935276
787.457763671875 11.9989256369674
793.419921875 21.1365926094328
794.450622558594 15.6156572305839
796.436157226563 5.86775107967261
813.501953125 10.628721376958
826.433654785156 5.87440971591511
846.378845214844 17.8013558141532
856.422607421875 4.29737287923451
865.431091308594 5.09834742772823
872.436889648438 7.45953034548705
887.404846191406 7.51315150183973
888.44677734375 7.61656450581457
902.460510253906 6.40344192272874
912.560241699219 8.15675995629825
956.440307617188 4.6767079317507
974.447509765625 15.9021394800352
985.455078125 4.49344759619325
989.572937011719 6.00094683770212
1003.43041992188 6.58498910158671
1011.60772705078 5.53601340993753
1045.56213378906 4.73955617977405
1068.62707519531 40.8603832262437
1073.47827148438 6.27013364335242
1102.52661132813 10.3834045375923
1197.66357421875 20.4142881411297
1310.55041503906 7.27324660655409
1376.59704589844 14.363827816044
1385.58227539063 26.8907711762342
1411.56201171875 26.1422486369681
1568.19909667969 100
1572.10266113281 40.9377740265885
1577.19226074219 32.0555822080721
1578.18518066406 40.9967662644548
1580.27001953125 48.7532518754536
1581.29016113281 49.0521699943912
1583.326171875 97.0621810945411
1586.20227050781 92.797990922566
1587.96740722656 59.0714194537018
1591.44055175781 31.707579189504
