1567.9003 80 1
70.0746841430664 2.04827191095108
72.0905075073242 7.61494885264151
86.1105651855469 3.40572505758026
112.093788146973 10.9725984079941
129.123718261719 4.91614346162749
157.117584228516 2.71579106812059
158.106323242188 2.35645163597852
175.126510620117 100
185.116683959961 1.77811241539304
214.154296875 2.17600857208409
228.141647338867 3.11338291253313
229.107452392578 3.02301761415859
242.159103393555 9.38738087634857
254.158706665039 1.50880134532499
256.177032470703 2.0842958856946
258.144897460938 1.71517874310483
271.173217773438 9.75833659507697
272.171142578125 9.47050912800837
283.130523681641 2.08194597384535
285.158813476563 4.1020478970877
286.143188476563 3.33350699771928
288.202270507813 8.2602193588363
298.182464599609 2.49574730539185
299.185180664063 2.85093216279037
300.162963867188 2.48078318469687
312.188842773438 1.98837741006529
313.184600830078 1.5679406912119
314.189514160156 5.29245484428607
316.114562988281 4.30621829694038
327.205200195313 2.56663081365062
342.183227539063 11.6455817135245
357.211059570313 2.91146552635673
358.175598144531 3.3212167241204
370.203369140625 2.65078678199996
371.202209472656 10.6758768584344
384.249359130859 5.86194396941829
385.216003417969 4.81170509051927
386.204956054688 2.31058567942685
387.188201904297 3.70085226886823
398.234100341797 10.901985870827
401.281463623047 8.81563919518609
410.243316650391 2.73859574784644
411.249755859375 2.6285813506688
413.227447509766 10.6102845753139
415.19384765625 7.82182139550878
419.223419189453 3.16809037530363
425.232055664063 2.59537522524801
427.261566162109 4.73041061529596
428.244049072266 4.63519157905322
429.203521728516 3.67466129881551
441.255828857422 6.71526912930981
443.206878662109 2.53172072699341
455.273986816406 10.4670104299966
458.217224121094 4.28704815260152
468.260437011719 2.68557060300429
472.313690185547 13.1974250743634
481.272064208984 3.04257396708918
484.248504638672 3.74055540506666
486.246002197266 7.62015242182398
498.273742675781 4.67506366476738
499.256622314453 14.0451410567544
500.25341796875 8.84042146381939
503.276031494141 2.61224394589145
508.310150146484 5.81580150816482
512.275756835938 8.00095132507659
514.234008789063 6.01123609291436
526.299072265625 6.35243285463149
527.290222167969 7.66945567669998
529.286682128906 3.38446822598783
532.313598632813 3.7581024910556
539.271362304688 4.1529839436631
540.261535644531 5.33554143563847
553.350524902344 3.05057058341257
554.296508789063 3.99132542105961
557.25341796875 34.5738024687768
567.281921386719 2.90095721473529
569.281860351563 3.11854463501009
570.296203613281 2.96411022224973
571.37548828125 6.48985408687575
574.300415039063 6.87530414707946
585.284973144531 8.45265910803678
587.337524414063 3.30628290852156
597.311706542969 5.07459542600654
603.335815429688 8.6163446229936
610.324584960938 4.82832623582847
611.34521484375 4.69425568681838
613.294494628906 2.75255524623269
614.304382324219 3.35946575148464
625.369812011719 3.86911589600667
627.355773925781 16.1775478173653
628.342529296875 25.6312403070796
639.361877441406 2.92721359468245
656.328491210938 27.813800160062
668.392822265625 4.37921489081455
674.377868652344 7.06602091482848
681.329833984375 2.97437372673725
682.352111816406 3.18320800833278
685.429382324219 10.1455374526804
687.372619628906 7.09624417046929
688.393859863281 6.24215498729201
689.400024414063 6.84035615393736
699.336730957031 17.1031354176196
725.390563964844 8.80321435133339
727.398315429688 5.31264618664923
742.447875976563 14.1060278011822
755.38818359375 8.83791061684079
756.368286132813 5.67117911535098
758.409606933594 6.73517226630191
787.477783203125 6.08724069361327
788.428894042969 6.29055018316931
793.434753417969 13.5926393360857
795.459228515625 5.23764983594091
796.456115722656 7.71885421124474
813.489013671875 12.7920999163578
826.437683105469 5.48944176433243
832.42578125 3.43776139512781
846.395568847656 13.0445912171634
872.46240234375 6.01290165653357
887.424926757813 4.25669260377489
890.383178710938 3.22195682979828
897.492858886719 3.2533896550297
902.501342773438 4.18982699315986
912.5439453125 8.15180707991268
930.538452148438 2.88084132815479
943.408874511719 3.918799733777
973.506530761719 3.7049344713587
974.448547363281 10.6291405289175
1001.49261474609 3.88607549845224
1011.59875488281 5.04827582393616
1022.52355957031 3.3066821544438
1039.51843261719 3.1542445517237
1068.63342285156 41.4052731015522
1097.49829101563 3.31295516423824
1102.51342773438 7.63201942866567
1197.67248535156 23.5159003050553
1300.63403320313 3.33749115234067
1376.6025390625 9.81711022040307
1385.5869140625 13.8109987270601
1411.57641601563 12.6643743503503
1568.22033691406 99.4089863761646
1572.10913085938 35.9293340825548
1574.33752441406 21.2889762916288
1579.29650878906 24.8062208883331
1580.296875 28.2667791720423
1583.36999511719 60.0146998937429
1586.01831054688 52.0766111830385
1587.83337402344 38.2337179663726
1591.38549804688 19.7698086779608
