1845.9426 80 1
70.0732727050781 .875160191658671
86.1150283813477 1.09797180474785
112.098236083984 5.20682889888189
129.118408203125 2.55817161159112
158.10710144043 1.00620917533161
175.130416870117 12.6214979503121
215.147583007813 .724135127315781
232.147338867188 4.01536604039732
242.138458251953 .820341561750415
255.151214599609 1.25518746131013
272.169799804688 2.27578322878266
286.152465820313 .639112022795352
316.126800537109 1.05511471820369
318.169250488281 .990112233242373
325.165344238281 .873228488883281
326.163543701172 .757141375704101
329.166351318359 .679983724263687
343.178527832031 3.12240685616143
360.201019287109 4.68810851056653
371.224365234375 .865220093624188
375.1982421875 1.02163863925628
383.185089111328 .982626499578599
384.226806640625 .771399790785071
385.215301513672 1.06632005812435
387.164672851563 1.39176738532989
401.169006347656 4.10435404105385
414.225402832031 .777435066778692
419.188293457031 3.16558889745797
444.251800537109 .718133119370858
456.255859375 1.99654460544117
458.192993164063 2.89136292729826
473.280914306641 4.06213880186963
483.267059326172 .939974032376742
485.236236572266 .892987948775162
487.273315429688 .818146318108269
499.283935546875 1.00979658296337
502.270446777344 1.13209145698606
504.274444580078 1.36149605576191
510.306915283203 .980418390438263
514.250366210938 5.52129986746199
514.924255371094 1.93174602312204
517.290344238281 1.92514533802854
527.295104980469 1.0289862662727
532.257019042969 2.92915189684852
544.315124511719 5.65220844702494
571.296020507813 1.37109348338756
590.264892578125 .778882713229254
598.334350585938 1.73449608967113
611.261596679688 .907208586447393
615.360168457031 17.5872165777671
623.243103027344 .96778984207793
627.349548339844 .931698831608789
645.338989257813 1.89197416378245
658.289367675781 1.58756819212513
681.397277832031 .992460373881773
697.325866699219 1.05394282870002
700.314453125 1.05320569240465
702.385131835938 1.07962985187319
710.34130859375 1.25411617309859
729.305053710938 2.33333741815339
744.388610839844 11.3172493245753
760.320495605469 1.05149997541058
795.360595703125 1.22585162722381
816.448486328125 1.35515504427991
817.405334472656 2.87909615306116
819.366760253906 1.30209023510658
842.388305664063 1.68062441659558
855.432556152344 1.27488664526062
873.435119628906 2.38945867536548
913.410095214844 1.72225986002233
916.461730957031 1.27692827520541
930.45751953125 4.30160701682357
1029.51525878906 2.10810624891609
1069.55163574219 1.8390300469066
1086.54284667969 100
1088.25 3.49196369895463
1103.51916503906 1.72880416860807
1104.66174316406 1.30730320743004
1184.51892089844 2.45774417628288
1201.57360839844 3.51113377100887
1314.62768554688 1.78639751028161
1427.68017578125 1.86852081107823
1499.77893066406 1.97756910137593
1528.74853515625 2.09977843943521
1730.68627929688 6.23487911386468
1781.69970703125 2.84093068924513
1846.30017089844 18.8036106187194
1859.36450195313 7.40626340539277
1862.47265625 12.9436957065913
1864.6494140625 35.6182299607197
1866.47265625 32.1863977398129
1868.14221191406 19.9995622430869
1870.17895507813 12.5534701103953
1871.06115722656 10.4692053906609
