1228.6254 80 1
70.0798416137695 1.57641580872577
86.1084060668945 1.18626372773251
104.062141418457 2.01212632318215
110.087867736816 8.62044076212916
112.10181427002 7.23228791870597
114.123420715332 .886965678729373
129.126892089844 2.92003508136418
136.087387084961 .63245237809534
138.084884643555 .669362813995617
157.138671875 1.1680036756324
158.109512329102 1.43692113664093
173.126693725586 .520807204687337
175.132553100586 17.6277951896367
181.125183105469 2.74758522426893
185.140563964844 4.26784757482461
201.135070800781 .806860227015743
209.11767578125 12.4755380584905
212.160079956055 1.39633443277172
215.152221679688 .923943037882898
216.116806030273 .947656519710045
226.139236450195 1.08477890389405
245.112030029297 .619291782200939
250.179992675781 .911418806277088
251.173233032227 .512446285537209
255.159576416016 7.35745371888077
261.108734130859 3.30467675616053
269.180084228516 1.35340275537076
272.185211181641 12.768486516599
279.123199462891 .75275637224226
287.176391601563 .832868616194672
288.220764160156 2.54899081971914
294.148773193359 .592448705993403
298.192260742188 .850065723578764
301.150054931641 .682377190688891
306.142120361328 1.79590806820739
312.181488037109 10.8430350628305
314.132080078125 1.22201839790778
316.189239501953 3.34254799051183
324.144104003906 8.01021801186164
329.207061767578 21.9257472676507
331.143737792969 2.38908465702718
341.176788330078 1.14942712772076
358.224884033203 1.69754928627085
375.251861572266 7.07771760370688
384.174377441406 1.34848454280188
402.175628662109 2.9702800180819
408.155181884766 2.01040685636392
410.191253662109 1.43548277688184
412.230010986328 1.64525885761875
413.217681884766 .943583653168808
417.241821289063 .9406654171856
426.217407226563 .948908880952427
430.237152099609 1.35049806008457
438.191009521484 10.174421324572
440.172485351563 .866485951452666
444.224060058594 1.2484853132394
445.227996826172 4.02082210608368
459.254730224609 6.40006587235756
476.274963378906 21.9416530647436
486.250671386719 1.50792676931671
487.268096923828 1.97613255025313
494.212829589844 1.55887021133356
495.199645996094 3.58820630542234
497.246734619141 1.18022824191891
504.293273925781 22.2028945266418
511.238922119141 3.7865409787639
515.261413574219 1.37041863319033
521.223449707031 8.3251608649316
521.834228515625 3.01914818723067
527.258239746094 1.66150146469588
535.300598144531 1.36484822184803
539.22998046875 19.4159179199507
545.260314941406 1.42796067889461
559.318237304688 2.66770131618347
560.298828125 3.56412860699001
577.318237304688 14.7163931743243
580.294372558594 2.39598414563479
587.323425292969 1.18611569945673
598.29833984375 1.18310870154646
602.293762207031 1.68439797654268
606.309692382813 2.03237483914828
607.295837402344 2.73259056285353
608.280334472656 3.73934204920352
616.308044433594 1.16459359650203
619.319946289063 3.44559656002561
624.319091796875 10.549659644342
634.307312011719 7.77388210096867
634.906127929688 3.3133858698001
648.383544921875 1.34534457712319
652.316467285156 15.6178954308126
673.375793457031 1.50945038230492
674.337341308594 1.36026019589243
690.402648925781 14.8484147826319
700.378784179688 1.76642897009814
708.346618652344 1.48786529790958
709.347229003906 2.19885989177385
718.34716796875 1.4663851617341
718.972778320313 1.46915039096817
723.301208496094 1.77950852038647
725.363403320313 2.52590879094163
735.352294921875 11.5140057454725
753.362609863281 13.0344983566755
773.434753417969 2.26204349845983
782.388854980469 6.52075627515502
791.447082519531 12.7627340032084
854.395690917969 1.63535204587396
855.390258789063 1.9398096586434
861.470397949219 3.61931430872966
872.438659667969 4.56918260904595
882.421142578125 3.32286213116022
883.033386230469 2.63244969697479
888.463256835938 9.51115995803488
900.430114746094 6.9032749492535
905.490478515625 100
913.422180175781 1.55106609158651
939.434631347656 1.64884966283737
957.44775390625 7.68505132586883
1003.48815917969 7.22935719901318
1020.52020263672 10.9901289492048
1042.46862792969 1.44773047180465
1054.50476074219 2.53105570682131
1072.49926757813 5.22321856423502
1091.52746582031 4.50939304530227
1158.45300292969 2.14390955424217
1169.58068847656 2.3817850142416
1184.50244140625 8.42837307361251
1211.67236328125 4.0348612258406
1226.85388183594 8.16968699454361
1228.9140625 41.9217662101624
1237.07739257813 2.53709917320276
1239.0986328125 3.94485362970096
1241.26782226563 30.389262659215
1245.09118652344 10.1760317731434
