1004.6090 80 1
70.0738372802734 2.97295414707201
72.0938949584961 3.48399373893549
86.1010208129883 9.8640673220593
101.074668884277 10.5885639549612
112.09236907959 19.8604932978553
120.086311340332 4.29933043889057
129.109375 8.17883681350508
131.124038696289 2.7498836310838
136.08479309082 4.83135727967907
147.087539672852 1.68813234415254
157.110885620117 8.15908048266112
158.100601196289 16.5230676899409
173.128524780273 6.67671104580364
175.122833251953 82.3989402326153
185.157089233398 1.74452533689039
193.09455871582 2.39401808677967
201.127792358398 12.9685423570587
205.107620239258 1.74820601539389
213.156112670898 3.43030573561455
214.140228271484 7.04517570095973
215.119674682617 8.30245621543235
221.101058959961 4.91213933257667
225.122802734375 3.04324100940124
232.142440795898 9.58795079465246
240.098922729492 3.60806870883822
242.152542114258 90.4933940829233
255.140319824219 1.62785332444745
256.160980224609 2.92011563815516
258.113311767578 14.5147129141215
264.144439697266 3.15600822849264
270.183776855469 11.1679784394388
283.147674560547 5.13221689968777
288.194396972656 1.69981712911619
292.138031005859 5.71157055235976
296.191345214844 2.36366080162498
299.171661376953 2.81847624918204
303.153228759766 1.98531632360794
310.205780029297 2.10556314089597
311.149322509766 3.66666985468514
313.186431884766 3.00176674339477
321.153900146484 12.2982480016883
330.172882080078 15.1629168470635
338.182342529297 10.3894539143585
341.224548339844 9.54788763548873
347.197998046875 8.37657587373583
349.1904296875 5.22411856272367
350.16455078125 2.74589881885646
355.233825683594 67.5209579437277
360.182708740234 2.4211792855665
362.183197021484 15.7207843846144
367.219573974609 2.55402796556125
368.172790527344 2.3376044946692
369.237548828125 6.81503728955272
371.202972412109 2.45554109508522
376.160186767578 3.19890143305726
378.180847167969 26.4561813381996
381.217346191406 4.91027995175514
395.196136474609 13.9789004613881
398.231719970703 11.1599178076676
403.169372558594 3.53617823002839
404.157104492188 3.22567226068529
409.281433105469 3.84952659332528
412.255187988281 5.81532230933616
421.184234619141 6.37927694963569
426.275360107422 4.10304623050423
430.243347167969 2.96931642913341
439.211456298828 2.81914833435593
440.220397949219 3.47064229629414
448.255432128906 3.27817352505564
449.245025634766 2.2215272371181
452.258911132813 2.18560661257963
454.299713134766 6.5881986746448
458.231842041016 31.1032688263284
466.288696289063 2.77702022765638
477.252899169922 13.0571664029124
480.273254394531 2.7043792389748
483.324981689453 4.27166936410345
493.261291503906 2.27857762740038
494.271820068359 11.1112703039765
497.291534423828 7.22139840729741
508.210693359375 2.88766799983533
509.279266357422 5.05724644380301
511.319519042969 18.9971782503974
516.251159667969 4.41720495493256
525.262573242188 13.246046426575
534.261962890625 24.2877370379629
542.275085449219 11.5391117294799
551.283874511719 20.3091996974127
561.299499511719 2.88006030438074
565.385314941406 2.76379045495243
568.304626464844 2.33003326287182
575.328491210938 2.71492161357253
576.301147460938 3.73706741116321
582.375366210938 3.90423989345037
593.308654785156 5.67196292321487
604.279418945313 3.7063663276194
608.330444335938 2.91306133120542
610.385620117188 5.19181080086544
611.278259277344 4.66065804167077
618.317260742188 2.14800428214615
621.285705566406 16.4523853323095
633.323364257813 9.57100518929109
650.360168457031 10.1482191135647
653.299987792969 6.05188325877291
667.405822753906 2.99018619204735
670.345764160156 36.9373341386911
746.415710449219 5.26336924783758
763.432739257813 10.6215547334991
799.373962402344 3.84097033669491
849.470336914063 3.38922344917854
891.468078613281 3.27101040280963
918.562255859375 5.09317410296792
969.455444335938 2.63078515330166
986.578430175781 2.59242543652256
987.272399902344 2.47093657749225
988.613525390625 2.77946911903043
999.684020996094 17.1631852438728
1002.67651367188 5.57990010903327
1004.83447265625 100
1008.80053710938 11.4604194627704
1011.85180664063 12.5511760470269
1014.01428222656 8.12346879968471
1015.73809814453 6.17623217423635
1017.26098632813 4.25366735016379
1019.46600341797 3.23196508830082
1019.83123779297 3.97424854642552
