1132.7000 80 1
70.0856628417969 5.5471345723224
72.0914535522461 4.40153748528768
84.0909729003906 51.8457016074409
86.1096038818359 6.22149215859399
101.118171691895 22.0276146611809
112.099891662598 16.0295780924108
129.124755859375 13.2009996220883
157.128204345703 5.7025014439196
158.108489990234 9.03541318256695
175.130416870117 62.8496100904533
183.152374267578 10.5451284143847
195.140380859375 3.3088959563714
197.180145263672 15.3958351987783
200.157485961914 3.35036038373769
212.148391723633 11.5078816678167
214.180358886719 14.0010794935559
221.112808227539 3.04395840497256
224.192230224609 5.51487981945484
228.176834106445 3.98674754281445
242.178939819336 34.0269356455787
243.909149169922 3.6575050935977
244.224655151367 10.4041699837043
256.178680419922 3.08049650649776
259.212432861328 5.00939637448135
270.180908203125 6.51617813793272
271.222808837891 3.66492285065086
285.185211181641 4.84915118536915
296.238159179688 4.94305114387872
298.179229736328 3.10651928127225
301.19384765625 3.15714503761483
321.198608398438 5.41041292910772
324.221374511719 7.31180946352353
338.191284179688 15.9087510969446
341.235748291016 22.9249740974779
349.197113037109 5.44604363533493
349.825164794922 4.27095351759515
353.234588623047 8.71718893221327
355.250915527344 22.2736486637162
370.259613037109 43.3284560644052
378.189025878906 18.0415026772309
381.227813720703 7.03467328729312
395.218109130859 33.9375170542659
398.243286132813 15.4395378088703
405.233673095703 5.14314844210175
427.275360107422 5.2009710357083
455.356170654297 34.7953692208889
465.275451660156 4.78352539121562
466.309204101563 5.72588738561874
469.319641113281 18.2224623701945
477.254241943359 7.99498375710713
478.227813720703 6.02279217382267
480.286651611328 5.91933528480384
483.348693847656 50.0993853277501
494.284423828125 23.1853896354735
497.333587646484 6.9075953745405
500.129852294922 4.63154528433509
511.311431884766 6.56480443337269
526.320251464844 8.62106606316138
534.275146484375 10.0917699567934
537.383911132813 8.3711253602583
551.310363769531 52.7038651748658
554.400146484375 34.5173058952761
582.415954589844 30.1468733655532
594.940185546875 5.30799609052675
622.045593261719 5.05073838553351
633.352844238281 5.86814826518608
639.432250976563 27.6369522180585
641.863342285156 5.54307859233359
650.363830566406 23.6702487766113
656.987487792969 4.63085250747007
662.361328125 6.56062097912496
671.091003417969 6.49002600709796
679.327758789063 4.94213141281536
682.700805664063 4.96568547497986
701.438720703125 5.93227024805007
703.464660644531 5.21904877673358
704.046569824219 5.53557081791275
710.5 12.9563798771199
721.478393554688 5.59903856966608
738.485046386719 21.1017074538137
746.405456542969 5.725939594849
763.444946289063 19.6226109123671
766.434814453125 4.85997246158116
795.500061035156 10.0690544456781
891.511596679688 8.7321124545592
959.562622070313 6.55044619255809
976.613891601563 7.24077147173102
1004.58239746094 8.99320525136421
1043.64624023438 7.67615362819015
1115.787109375 9.81289174007311
1123.75341796875 9.95994698932152
1124.63745117188 8.7496996030381
1132.958984375 100
1135.19653320313 35.6417077067559
1135.5341796875 24.6526909372365
1139.03759765625 16.3382236630926
1141.00183105469 45.9924442127571
1142.11962890625 47.3578941857805
1143.50769042969 40.7243433749079
1144.01013183594 50.775734072343
1145.11840820313 60.8752386383318
1145.48669433594 63.7476855069371
1146.37854003906 68.1900285239313
1147.95861816406 46.5289397438088
1148.79797363281 47.2688177082343
1149.50415039063 34.3110680834619
1150.15222167969 35.7297411236845
1151.38244628906 27.3846420366125
