1228.6134 80 1
70.0782089233398 1.43709082291677
86.103141784668 1.6872218877173
104.066421508789 3.91757459865245
110.086723327637 8.00817265066584
112.100433349609 8.24257226621215
114.113540649414 1.08371181692845
115.102111816406 .610334682123733
129.127990722656 3.68795115876221
136.080551147461 .90464853679303
138.087142944336 .698777022168577
155.101745605469 .714097881224594
157.141891479492 2.14891883593939
158.109390258789 3.10277532568593
175.132064819336 30.1408459746589
181.121307373047 2.94558242842498
185.139678955078 6.97054927205886
201.141357421875 1.10530249241859
209.118209838867 12.8625642204474
212.149276733398 1.66636006397388
215.141693115234 .668618437233576
217.100219726563 .681799606644236
226.137481689453 1.53686205735931
233.105270385742 .716343940602097
245.104904174805 1.22696355111949
250.178726196289 .99864267498851
251.170394897461 .633314559205931
255.158187866211 7.88907559324928
261.1025390625 5.41886359562374
265.141906738281 .99043506520135
269.173522949219 .929564183328819
271.181976318359 3.23144993532345
272.185607910156 12.3251763127276
279.115844726563 .872194002238955
285.153015136719 .741450139884569
288.213775634766 5.15815246279016
298.190887451172 .690875184005828
301.133331298828 .723065527240112
306.139221191406 2.21438457149516
312.181762695313 10.2287140467536
314.134216308594 1.51095732743039
316.189086914063 5.62753770761919
324.146240234375 6.67359789403703
329.205749511719 19.5710145531523
331.168975830078 2.18295742505841
332.131469726563 2.97754286863148
339.195434570313 .836586958264081
340.218994140625 .833033898978713
341.173217773438 1.39109179166026
357.225646972656 1.13460045481644
358.216583251953 3.53242983814141
375.24755859375 13.1807140676389
384.162841796875 1.23318266999274
402.180023193359 3.33409488591794
408.154235839844 2.71404548794966
410.186981201172 1.57271741811279
412.220916748047 1.50448159005668
417.227783203125 1.50417626354078
424.164703369141 1.5186348697377
426.207183837891 1.46223009764524
427.206451416016 1.1774232873199
430.233062744141 1.2226993309103
438.188049316406 9.07732409883706
445.223846435547 8.07539078739814
459.24853515625 6.8190312992238
470.240875244141 1.30684766282962
476.272552490234 18.4526710624164
486.265380859375 2.42943036704073
487.263641357422 2.85888329612413
494.215209960938 1.48201702914
495.206787109375 5.02457469311631
497.239288330078 1.47802563057607
504.292114257813 40.0522608871191
511.236846923828 4.18580661949531
514.269470214844 1.6132239537129
515.2763671875 1.37821977923792
521.221008300781 9.01280771700552
527.253479003906 1.41661004790791
535.307800292969 1.59137946181481
537.200988769531 1.5096588532923
539.227111816406 19.0095689425676
542.256591796875 1.5707717621718
545.265258789063 1.80303619516986
559.311340332031 2.42912238779759
560.290405273438 3.47749869188045
577.321960449219 14.6025187051541
580.297729492188 2.81489763704865
581.284790039063 1.8774268881462
584.276000976563 1.30227537674544
590.246704101563 1.40729178185119
601.298461914063 1.13766731818986
602.2861328125 3.63055615465767
606.311828613281 2.67765169526105
607.284851074219 2.241014702833
608.288146972656 4.29965359511849
616.302001953125 1.42138923476788
619.319641113281 4.20298983945433
624.318542480469 9.91423072268322
634.308288574219 5.84283957498832
652.31982421875 14.2925177492737
668.225891113281 1.3072098795906
673.363952636719 1.39891884263095
690.4013671875 13.028600951862
709.351501464844 3.09713605773794
721.306518554688 1.5482575163908
723.310791015625 1.57324620702591
725.348815917969 3.15677419366063
735.353271484375 11.4763660652937
738.358154296875 1.82868486522443
753.367431640625 11.4375811855224
765.359436035156 2.53617209638637
773.422424316406 1.59575094122634
782.382751464844 10.653149951666
791.450988769531 12.6462776655051
854.437744140625 1.79605737165915
856.386047363281 2.04535804918786
861.460083007813 4.09636019380934
872.441833496094 4.48299222616322
882.419860839844 3.75969005653422
888.467651367188 7.96974245964575
900.432373046875 5.52243280657665
905.489807128906 100
911.4208984375 2.45372738892012
957.442626953125 6.78268296137499
1003.48699951172 5.92570871881356
1020.515625 11.1316678672384
1054.49975585938 2.6811212235113
1072.48828125 4.60899409361054
1091.52380371094 3.94505766544367
1158.52893066406 3.47659339493706
1169.56140136719 2.75430365897427
1184.51025390625 7.34488132513727
1211.68212890625 4.04356121889274
1226.84069824219 13.7258015281326
1228.89428710938 48.6743677661478
1230.92639160156 26.9810973807032
1239.07275390625 6.05194264014859
1241.25134277344 39.385603286566
1243.04553222656 25.6273924098616
1244.00598144531 19.5616209830996
1244.72521972656 16.0770187417311
1245.45581054688 13.3932401546781
1245.93139648438 11.059996769351
1246.81457519531 9.01374157258906
1247.26733398438 7.90478773256104
