1004.5977 80 1
70.0740280151367 5.29770735181791
72.0935211181641 4.96568241168695
86.1037902832031 11.3702979209361
101.077026367188 17.8785690788502
112.094062805176 31.5073024095561
115.106452941895 2.37868614131462
116.07738494873 1.83392896115512
120.084259033203 8.09068086115449
129.117553710938 14.4743574936434
136.082321166992 7.06459916374276
147.09033203125 3.67023388528332
157.115356445313 10.0404912977989
158.103439331055 19.5785182024144
173.125991821289 8.60731219578736
175.12451171875 100
193.100372314453 2.52147459560557
201.12956237793 22.5668897513584
205.108657836914 2.22192234654231
213.158905029297 3.54217465707646
214.149642944336 7.06517523215496
215.117919921875 15.0048854298311
221.099105834961 3.40855070468794
225.134140014648 2.85674747940093
230.115005493164 2.24483296854432
232.149536132813 15.3615031980711
240.096298217773 5.25774854942885
242.156127929688 86.5795630715792
256.162719726563 2.93311965490114
258.116882324219 26.8227008867664
264.140014648438 8.39604650864308
270.187561035156 7.14085327075665
275.128875732422 2.58291447467386
283.155670166016 6.69048030762486
292.141052246094 9.59673137080369
299.172180175781 2.64920899106272
311.146911621094 7.30308297366899
313.175842285156 2.5999941787539
319.177490234375 2.58190749124957
321.164154052734 12.3221929335491
327.21044921875 3.16793737524173
330.174499511719 28.8594173299922
337.192749023438 4.43000470116577
338.188781738281 8.31762755429123
341.241760253906 9.36023148235933
347.204193115234 13.6587003803224
349.194854736328 5.29120362821969
355.238403320313 67.1435485917317
362.192993164063 30.2310870525982
367.231262207031 2.86930968816168
368.192443847656 2.61703699308254
369.227752685547 4.36127652907528
371.211578369141 3.80192845084874
372.205596923828 2.77230390837986
376.173828125 3.19644643790572
378.178985595703 20.7030808440279
379.210723876953 21.6430804452431
381.210968017578 6.07838420965569
385.204681396484 2.7329836973442
389.173431396484 2.38493886867081
395.203094482422 15.4588841002988
398.237457275391 11.2738947510339
403.162017822266 4.12798566517054
404.158569335938 6.35831505950771
409.275177001953 3.50736166908255
412.245239257813 5.50977233844451
421.180969238281 10.1304030267522
426.273406982422 5.28619945192435
430.231689453125 4.22979496410601
439.205078125 6.48708969883051
441.210174560547 3.56726186941961
448.243377685547 3.79305235178391
452.278106689453 2.93956967991202
454.303955078125 5.36195624845415
455.297576904297 2.97720148271083
458.235076904297 47.0281310416345
476.230224609375 3.07101672273214
477.243316650391 10.0821841427233
480.284912109375 3.50236433337159
483.329559326172 4.03352528203614
484.301666259766 2.9164225257036
491.235565185547 3.42124609962648
493.294158935547 3.2859474885757
494.268676757813 11.3370587005856
497.306182861328 5.16883910289826
500.279907226563 3.04322111781721
507.254913330078 3.09686303472343
508.261932373047 3.14202524162744
509.270965576172 4.90393925151004
511.322875976563 16.5175593581038
516.272705078125 4.23863774192429
525.265380859375 22.9257502127866
534.267211914063 26.1627546274674
536.249084472656 3.91640094837229
542.289855957031 20.5467828550483
551.292236328125 15.2982641085004
553.249633789063 3.13236217133345
562.268249511719 4.74842928264921
575.284484863281 3.94980808226731
576.290832519531 6.24082048301487
576.835510253906 3.67412219505273
582.398620605469 4.2334841368636
593.3037109375 11.4946840061548
603.296447753906 4.99060457593042
604.300598144531 4.30272137004202
604.870849609375 3.02889933594015
610.394104003906 6.48326970369707
621.299377441406 28.4382338548515
633.330627441406 11.6723730801258
635.314697265625 4.9298812860787
650.355712890625 10.7504765838175
652.323791503906 4.39692077728185
653.326843261719 7.42813189631234
667.407531738281 3.26101504825437
670.340637207031 63.7621413258457
746.428100585938 4.33727288809915
763.441772460938 7.8319463676587
799.402404785156 7.61657637549303
809.398132324219 2.53775404252147
849.485046386719 2.81634992193002
874.47119140625 2.74695412780611
891.449645996094 3.64658358329214
918.571838378906 8.71327777298417
999.648864746094 20.3608319360867
1002.69177246094 6.02994606209557
1004.83758544922 70.6572548268161
1007.12384033203 16.2243581697971
1007.88970947266 10.5639637032488
1008.67138671875 7.26156135617221
1011.85711669922 18.0899208813512
1014.02117919922 18.5005067407617
1018.76599121094 4.19334206761847
1019.28063964844 4.8511945608518
