1438.6429 80 1
70.0728302001953 .682241905063482
101.078727722168 .934744635392284
112.097297668457 4.81794347387947
129.124038696289 2.09882933918048
136.086624145508 1.70282985626339
157.110015869141 .755416859849075
158.099868774414 1.24921187838049
159.100173950195 2.46941402984076
175.126983642578 26.5015245899059
186.118255615234 .305847465981626
187.079620361328 .318605467764169
200.10676574707 1.97336397174956
212.110473632813 .356147581742841
229.134475708008 1.9611783303062
230.135391235352 1.07733177926134
244.120071411133 1.10234171023947
246.16130065918 5.6173545131329
257.128692626953 .466632640884498
258.136962890625 .315908534201324
271.142211914063 1.01699734110618
283.143920898438 .582773349688329
301.137451171875 .700216172260519
311.133361816406 .36648020925777
313.146026611328 .486423357928188
315.145355224609 1.21255000909369
318.146820068359 .315962397668447
323.129211425781 .421199564383342
328.163940429688 .793517974256529
329.194274902344 1.24133987790097
330.186004638672 1.64618936915055
332.209075927734 .590951022438969
336.127136230469 2.61802116560163
341.144256591797 1.65545962207942
347.203247070313 2.55892301712554
358.178314208984 .910828243456161
359.140045166016 2.51231851506425
362.202026367188 .503052182665438
369.174072265625 .958071719500806
372.164642333984 .462616880662817
384.182922363281 .634117673080501
386.179595947266 1.57494440740437
387.198913574219 2.42199695131594
389.161926269531 .446912382899435
394.167175292969 .755174347541999
402.174224853516 1.08400747351931
404.227478027344 6.42741183735528
407.154113769531 2.33044209288547
411.197357177734 .739679392221502
412.183227539063 1.17782506897803
414.212097167969 .608075734117916
429.210815429688 1.19387852675997
430.181549072266 2.38742482741714
433.226715087891 .783992819593203
440.227783203125 1.11521967678025
443.207275390625 1.14011688842491
447.1865234375 .852745696047312
458.228912353516 3.3135215904856
464.186248779297 .630359998264464
473.204956054688 .64443535272252
475.261413574219 8.79291204370374
477.230651855469 1.33041860369971
482.222564697266 .489924683584701
485.246704101563 1.05392201320922
500.241333007813 .723872713773432
501.205993652344 1.17298139157901
504.171997070313 .930286974527973
514.235534667969 .939728860199536
518.230285644531 .589034197869176
522.189758300781 1.95742354148754
531.303344726563 .54711217343325
533.207641601563 .525927393505429
548.200439453125 1.77099691066127
551.219116210938 1.11140283016526
558.236328125 .948807898096765
561.205871582031 2.06365299720537
565.224670410156 .918225267195835
568.291442871094 1.41303344786114
579.201354980469 4.84572762571788
586.296142578125 4.69666194835251
603.310546875 6.04148476856705
605.250610351563 1.00877095608389
622.257568359375 .830448772464423
629.265625 1.50664038321694
632.338134765625 .896976624616734
639.319274902344 .649707273179962
640.290222167969 1.7966551624697
650.257995605469 .776435507913399
657.326477050781 3.93218326035743
663.2333984375 .770665531589853
664.287658691406 .918877697363276
674.350219726563 5.63590903289813
684.339416503906 .821553442464554
700.31201171875 1.02879457245183
707.248840332031 .734058779541271
719.278991699219 1.26937384556741
720.857116699219 .724197379625432
737.282775878906 4.76760624405922
747.268981933594 1.39725057446504
765.271850585938 5.23028674060284
808.317321777344 1.0399221107623
809.312072753906 1.15203161793058
818.298461914063 1.35976956882497
836.312622070313 6.09763631814905
843.387939453125 1.21557200245603
853.378845214844 .746604953764141
860.421630859375 2.70046046410368
873.435852050781 1.85300118046995
882.441467285156 .777093763192106
899.423828125 1.20124980669483
900.425048828125 1.99979401981627
902.021850585938 .767177440798605
915.451965332031 1.66458170648658
917.447509765625 100
946.362915039063 .875248286780598
964.368286132813 1.9059673414333
1014.45471191406 1.39632315124092
1015.44158935547 2.93248523377141
1016.43475341797 1.836749916782
1032.46826171875 3.73332045961316
1035.40173339844 2.27273440643635
1103.51342773438 1.53693552982715
1228.82849121094 .87954251808417
1266.50573730469 .867197221672494
1323.48303222656 30.6701844833489
1327.50354003906 2.5264178958931
1377.57885742188 3.45232510382105
1394.54638671875 1.68553557010675
1423.65234375 1.63878843249419
1438.97375488281 20.2607355780819
1442.8583984375 4.05285795624604
1451.16394042969 4.1812511281771
1455.51513671875 7.74773538158476
1457.12121582031 7.05294521747515
1457.69323730469 6.19591773709454
1458.25512695313 6.63530513635379
1460.41857910156 5.04609707644174
1460.76574707031 4.73902893869668
1463.01696777344 3.86298893253789
1464.54187011719 1.77585666465916
