1742.9850 80 1
70.0774536132813 2.31131266141796
112.110443115234 2.5690612546796
169.149536132813 1.90462625323857
175.135314941406 6.5294223795625
197.137573242188 1.14678232180876
200.161773681641 .843826268478913
201.145263671875 .964746499452125
228.153427124023 .78906735339818
232.156036376953 2.46238100614085
239.152633666992 .873058550233157
256.199310302734 .782013972802699
276.180206298828 1.26663915891035
283.362396240234 .828515000468474
292.156951904297 1.40551684058143
301.170227050781 .996085389282673
311.228942871094 .827233437299182
326.189056396484 3.24002854942663
331.186798095703 1.06599763196132
333.222778320313 1.98462835300845
341.208557128906 1.38763637534981
343.249450683594 1.15042362567396
354.232177734375 2.37338385786446
369.209320068359 1.07450161089439
371.26611328125 4.7054151140077
377.209289550781 1.76138798551504
391.200134277344 1.08604606829155
397.260620117188 1.15657674207852
402.209747314453 1.20877150005539
403.230529785156 2.0716908168824
404.195129394531 1.73446205140604
425.255554199219 1.73593139106474
465.183868408203 1.09522686867545
468.311553955078 1.24650472160955
470.327423095703 2.97948684807679
474.219299316406 1.07048307942598
493.280792236328 1.98180331187102
498.792175292969 1.24342038245849
504.269012451172 3.89822175025399
505.247619628906 3.91157772741688
510.323913574219 1.36006351198302
515.285339355469 1.11990238523107
527.356262207031 7.95423198590984
537.274963378906 1.59164344987102
539.343017578125 2.27573267603986
546.906311035156 1.23306034081835
564.335510253906 4.09982235556113
566.328369140625 1.87767156402715
571.07958984375 1.22653431480151
572.351806640625 1.9306486935239
582.316345214844 2.8599715575603
584.395385742188 2.38352220522596
609.390258789063 6.95472357576871
626.419616699219 29.2694077103301
629.347106933594 1.24421283125954
630.403076171875 1.37308527310355
677.39306640625 1.57742734781664
693.341430664063 2.60881793640327
695.352600097656 1.57261710591773
699.415771484375 1.57073331592004
738.460205078125 1.42207290976859
755.473388671875 2.11158957881934
792.419555664063 2.06028719775925
794.376159667969 1.29326629513518
879.454650878906 2.04446251117579
889.440551757813 1.48789188015904
892.507263183594 1.61222673967113
909.540344238281 1.57538686968286
917.547790527344 1.98846282346801
934.564270019531 3.21575374951792
951.581848144531 5.60808957084069
982.021423339844 1.21499044071708
1033.64636230469 1.57000323875547
1050.66174316406 3.53351714773035
1178.69287109375 1.81772584693129
1207.49462890625 1.3462468093225
1267.86987304688 2.75979262029959
1268.79248046875 3.57049063325198
1341.75891113281 1.81817565045185
1372.72448730469 5.30217634644158
1540.79345703125 3.78719036089877
1542.77648925781 5.0992040731311
1568.78186035156 5.24069415703729
1586.74987792969 100
1653.83251953125 10.9397747010838
1656.09912109375 11.1853274922346
1684.76501464844 8.33118987712123
1700.91870117188 10.3942528401214
1726.12133789063 15.6315348982773
1732.85925292969 7.2749609524139
1743.2841796875 24.7395869877753
1746.16149902344 13.6472942784081
1753.32800292969 6.58009742328878
1756.49304199219 15.3451698036195
1759.45300292969 16.8521673996116
1762.39978027344 8.30664147843821
