2259.2405 80 1
70.0825881958008 6.11019115589517
72.097297668457 3.28538297849889
76.2895736694336 8.87579260075813
84.0894393920898 .850104352329811
86.1136322021484 6.60838354082439
102.074012756348 .915784700531544
112.105033874512 6.68958116343281
115.103744506836 1.86063908571714
120.09757232666 1.80137059167821
129.121994018555 1.6881530817254
130.11962890625 1.20788311707174
147.128997802734 1.7328544861137
157.138214111328 1.74197918355422
158.113388061523 1.00722884522361
171.129287719727 2.48620226745961
175.136215209961 3.40915952782885
181.113143920898 1.66572414891535
185.142318725586 2.67586135657684
186.133666992188 2.02914330288858
199.124359130859 5.34115190510771
201.121444702148 2.81588900189892
214.142288208008 4.98154802007344
217.101928710938 8.82913218258557
219.126663208008 2.69738736432601
229.141098022461 3.80988588191872
239.170440673828 4.80965646852392
243.148803710938 7.08660760730051
244.116088867188 4.58497842070653
246.197509765625 3.38565153104344
256.193206787109 .884546142722277
270.185089111328 1.80450444181085
277.137939453125 5.30164574151601
280.179016113281 3.03649837381869
284.208374023438 1.67018302468884
288.118041992188 1.08693917976681
294.180450439453 1.15650422385651
297.161956787109 1.46961129512214
298.1884765625 4.7068182476333
300.169982910156 5.2413728167693
312.183288574219 2.56869612521218
314.185913085938 12.0097749921578
319.158264160156 1.42643552709427
320.176513671875 1.37521057977743
325.177947998047 1.88544463854803
328.197784423828 2.18007102604528
330.178985595703 16.1796522047668
336.184234619141 1.78162036949324
338.19189453125 3.04015489102673
339.200073242188 1.42721566453935
340.170440673828 1.34156334432763
343.17919921875 3.18200635447599
346.146057128906 1.54019036987456
348.169494628906 11.3199357114883
353.210845947266 7.87222887265339
357.200561523438 9.32121432149934
364.181976318359 1.38525465733698
370.230865478516 3.09265286871741
372.186492919922 2.07033249151386
375.238830566406 5.69795662221463
376.210052490234 6.1073101295573
383.213409423828 2.34087140936673
385.246948242188 2.10165407874547
395.235290527344 1.57674872198205
396.198577880859 1.47685680431241
399.224365234375 3.25315253620251
400.203399658203 2.13772116797266
401.220306396484 2.47210233892393
409.244720458984 3.1301032133194
410.22509765625 2.23508658547611
411.214782714844 1.95206531861234
413.246917724609 4.10552331165651
417.178863525391 3.24874222463138
419.227752685547 2.78683906518827
425.231475830078 1.80927213682251
427.229095458984 23.0465986412096
429.228240966797 6.3922103738892
431.229614257813 2.84418177173242
432.226623535156 2.15374001016371
435.211486816406 2.02142571667572
437.254638671875 2.03414912549661
438.251251220703 1.76141848570582
441.210083007813 4.21172250510704
443.235076904297 2.84227127999409
447.236541748047 12.6660583950359
449.231475830078 2.17834010194405
456.259490966797 2.97545497013242
459.217987060547 26.7253700202507
461.246063232422 4.31759231635177
465.217834472656 1.92065398503455
471.225616455078 2.51823833116133
474.296478271484 6.46822923886345
477.208160400391 8.80199734671579
482.258636474609 6.091600659322
484.254516601563 2.43020005093845
485.237182617188 2.19126912170501
498.298156738281 3.15057264988831
499.293182373047 5.3287502715998
500.276458740234 3.66021183465244
502.260650634766 5.58085543983819
510.271850585938 2.67837357976688
512.241943359375 7.83225588754018
516.264038085938 2.10083230948803
518.272583007813 7.41491799065073
526.296569824219 6.2905967503234
527.290588378906 11.1090278633813
530.255065917969 41.4222134580158
532.286743164063 3.8350026428519
538.2900390625 2.19611628626307
542.286010742188 3.48777976278126
543.268127441406 2.70636608343258
544.297485351563 2.84206195928857
546.2314453125 2.8675031560736
548.267700195313 2.89973768285921
558.277954101563 3.17414922112612
560.317626953125 2.34814191263336
561.264099121094 2.76055440263873
562.276916503906 2.30805718488788
564.239318847656 4.39336273945749
566.291015625 4.07846495691096
567.310607910156 2.74213069562164
575.347106933594 2.73486022982739
576.272216796875 4.9723077625021
578.306335449219 2.98213430915803
584.30908203125 2.71101708008992
585.305297851563 2.06342633218202
590.286926269531 5.80324283863878
595.322326660156 4.31873541125366
596.296997070313 3.71493465986352
598.339294433594 2.33249164875587
601.302307128906 2.25059344256162
606.302062988281 2.26390816551304
612.340454101563 2.36883033778141
613.320129394531 2.53244958076503
614.271850585938 2.94424089115431
626.361022949219 3.14163818566059
628.366577148438 3.55754493747569
629.344970703125 3.60048805824251
631.333984375 4.30332875530789
633.32568359375 2.7137370501456
637.371032714844 3.01979105162003
638.365295410156 2.61063487382181
647.298095703125 5.41192231382403
649.329528808594 6.96013919219865
654.386535644531 6.62395754841191
656.347412109375 2.93355991431596
659.304870605469 6.2509667873617
661.319946289063 2.87827908791871
662.327697753906 2.48195480147674
665.36181640625 3.87022487983658
666.3583984375 4.53682806329798
672.396179199219 59.8174101406371
675.368286132813 3.07815203257375
677.320495605469 23.4415704745718
683.377990722656 5.60655766921087
689.360595703125 4.53600419558735
693.302673339844 2.47919990716443
700.402465820313 3.14878881478884
758.345825195313 3.10062406798701
760.373046875 4.59310730374426
761.380920410156 3.66201020903472
765.426940917969 2.61478081776361
767.425903320313 3.48034591741735
768.421447753906 2.68780466542502
776.376586914063 2.64534965985872
778.379638671875 2.99703962215372
779.38134765625 4.06395018104255
782.451049804688 2.35431091533809
786.467224121094 4.32127210390677
788.358703613281 5.23060021996586
793.445190429688 4.19849790322557
799.49169921875 2.50104622880382
806.357177734375 31.0354970144407
811.46630859375 51.9502850059164
821.451232910156 2.80678433812868
828.495422363281 27.5881883945706
838.470336914063 2.82133658637545
877.410949707031 3.21409095427578
887.425598144531 3.42938790458777
889.420288085938 2.51648762164433
896.478454589844 2.72858960203255
905.42138671875 14.0737525055531
910.531433105469 7.33470559181416
913.514282226563 4.84617937176149
920.520629882813 2.17003689740219
927.559387207031 32.4512798376061
936.449096679688 7.37969043258833
958.442016601563 2.41522998567296
976.463684082031 11.1862247100417
980.544311523438 2.14171534878211
990.493713378906 1.87162283937264
997.585693359375 1.91936722103403
999.591613769531 2.03892805285368
1002.41131591797 5.88510829397435
1007.54577636719 5.49216514023183
1024.5732421875 35.5310810295515
1041.59997558594 72.9329916831705
1052.5654296875 1.80568959008935
1153.61560058594 8.43002006361071
1170.63403320313 11.4208210593807
1180.630859375 2.45315075851288
1266.68957519531 5.65300460724391
1283.71875 10.6311196890548
1293.68115234375 2.54915296836396
1325.71630859375 2.49544126033818
1337.72912597656 7.38882469953748
1354.75573730469 15.4899158232484
1364.76000976563 1.73048972141655
1431.68518066406 1.72963992282009
1435.79272460938 2.21398697592031
1436.78442382813 4.36111543459085
1453.8193359375 48.2715688611611
1463.76452636719 2.05682894524788
1559.78515625 5.15080983505438
1564.84069824219 3.26528421869671
1582.84692382813 7.39707251990413
1587.77612304688 21.8581750520057
1592.8193359375 2.09962922130839
1605.79248046875 3.15565345472545
1672.85766601563 2.35929564099711
1702.8271484375 2.61516580897889
1712.90075683594 2.27365589276832
1729.91589355469 6.7446965492796
1741.8564453125 2.73618330456254
1757.88513183594 3.68743401863618
1783.92663574219 2.77394856703227
1785.87902832031 2.86385319653177
1800.95227050781 37.4999715209924
1856.92712402344 3.8161742716209
1884.9443359375 2.77091675184388
1901.87145996094 4.42770729839621
1929.99108886719 4.50257950859263
1985.95727539063 6.72044247744103
2013.912109375 11.4154712778117
2042.98791503906 17.8674064773374
2084.94384765625 4.06848673705638
2130.86938476563 39.3243376442357
2215.15307617188 6.1609518391803
2242.49633789063 15.8489355326402
2243.39916992188 18.8543719653369
2259.70703125 75.4324876047368
2261.6044921875 100
2265.3564453125 18.130107335281
2273.69604492188 10.3651074719803
2282.00439453125 11.581730374906
2282.82641601563 16.4807309236216
