1742.9854 80 1
70.0766830444336 2.11069430771678
112.100250244141 4.44663285327248
114.114936828613 .685802705606012
129.143630981445 .970583486568429
169.153518676758 1.03629843328394
175.138214111328 9.69814280965851
197.139602661133 1.35902330774321
214.154144287109 1.20864800787763
215.162994384766 .926898109623067
232.162216186523 2.2909588720244
239.168121337891 1.35280227654543
246.183654785156 .828325232742321
256.182220458984 1.45145943974032
276.193237304688 1.39431723895485
285.129486083984 1.11117264539544
292.14990234375 1.49688057357109
301.157043457031 1.12578107119139
311.207641601563 1.51918006418849
326.189086914063 3.89187281577514
331.199768066406 .969287216302623
333.221405029297 2.59809669940684
354.231140136719 4.69074310421213
360.1943359375 1.12889808490092
371.261138916016 6.37240938306431
374.229278564453 1.37782744719228
377.202239990234 5.79618855736046
384.207916259766 1.06495198597183
391.176025390625 1.33138810403885
393.182556152344 1.59506801065511
402.181091308594 1.35296912474973
403.19580078125 2.1088407594829
404.203460693359 2.01269066435782
425.260559082031 2.67469385936686
438.218383789063 1.09219790435577
442.2490234375 1.13517564384202
466.268524169922 1.4106701281346
470.321136474609 4.77755972444443
485.301727294922 1.47224476583403
493.307342529297 1.97475445394205
502.275390625 1.64750364348559
503.257476806641 1.91381885790011
504.249389648438 3.22415136099644
505.253875732422 4.10190872806345
506.5966796875 1.02403608923121
510.316802978516 3.00039538058699
527.351440429688 9.68596424079988
537.281677246094 2.50024467345674
539.320861816406 2.07417984511332
547.281799316406 1.35611070325719
551.173889160156 1.24408231379687
564.324401855469 4.9870134215377
572.28173828125 1.39829046311902
581.362976074219 1.62912335542604
582.3173828125 3.00611166958637
584.385498046875 3.37528523283997
594.256164550781 1.49254123227559
609.395263671875 5.02657135863564
626.417907714844 34.3596516876887
652.326599121094 1.39158882002025
657.302673339844 1.25370691956399
659.316101074219 1.49678925086999
666.324340820313 1.48622443250519
675.3427734375 1.81041752305687
677.335632324219 1.34638979355072
693.346740722656 4.63696826315255
747.337646484375 1.2613488179346
755.47509765625 1.9242485776352
756.496337890625 1.78671564317766
758.371826171875 1.3411243143712
765.396118164063 1.48478316320469
792.396667480469 2.36838819361052
795.477661132813 1.77995160269891
879.496826171875 1.24001980365283
892.532165527344 2.25260432294461
909.502868652344 1.6840316687128
917.537719726563 2.956578981364
934.541137695313 3.13807927294366
944.437255859375 1.28063727805707
951.589416503906 7.15117644917138
1016.54248046875 1.53135938566412
1050.6435546875 3.6412546469025
1058.52502441406 3.16917537425182
1178.68725585938 1.56808548106243
1341.76428222656 3.08396445073564
1344.69934082031 2.05911428402325
1346.72326660156 1.98678384945731
1372.72082519531 6.55875809538425
1424.79040527344 2.35341750881518
1442.78979492188 2.15226902558777
1540.81091308594 5.14675414372357
1568.76428222656 3.6634132739992
1586.75048828125 100
1653.82580566406 5.43825372279683
1682.84338378906 6.88720263398096
1698.86364746094 5.25444472815812
1700.88989257813 11.8491473145551
1704.87609863281 6.55670613558599
1726.13098144531 13.8167896775743
1727.92724609375 18.844846717672
1730.23425292969 13.2700027869112
1743.33996582031 18.1524599401558
1748.21826171875 5.62479287049281
1752.50122070313 7.58265003324475
1755.4072265625 10.3379214421151
1756.44665527344 12.8736866582083
1758.43310546875 15.1176544761492
1762.38293457031 12.1415418405813
1764.98376464844 7.47804638887576
