1838.9829 80 1
70.0814514160156 3.64089899325367
72.0920333862305 1.95400109104007
86.1037292480469 4.0282515086519
101.093070983887 2.08681449263112
112.101791381836 24.5984667874251
129.125793457031 8.85174402661518
157.130950927734 2.11366761956298
158.106353759766 5.16325480864601
175.131790161133 100
185.133712768555 3.02834860643272
189.098770141602 1.82540374732268
200.119018554688 3.34186982687123
201.121047973633 4.13195494136669
215.14533996582 2.15853741032218
231.117614746094 2.05880237154796
232.163833618164 2.76763623349863
242.133087158203 3.53641219519733
243.152404785156 2.81400170466143
245.152908325195 1.39815993622736
247.163391113281 2.48925506255845
255.157897949219 3.39642403338835
260.133270263672 5.0880963741107
263.138397216797 2.12201519423304
268.160552978516 2.23197534449898
269.134552001953 2.78736906236533
270.127563476563 2.29830644316523
272.183380126953 8.51215622664473
286.166870117188 13.9941562917832
288.127685546875 4.57484178903723
300.204406738281 5.84590748989177
303.187225341797 16.9992440845249
312.1640625 2.00856421296924
313.181671142578 3.02658303005217
314.173583984375 2.83275700143293
322.151824951172 3.75252374132616
326.186706542969 2.98129168246035
329.188415527344 2.21375678000987
330.180267333984 3.62267068018044
332.181976318359 2.19064607380286
340.170257568359 5.88886554140909
344.188323974609 5.42943528527627
350.179321289063 2.96173661580084
357.197479248047 11.6654710010187
359.198883056641 2.26990314543389
361.189758300781 2.23395644884745
371.204681396484 5.0456674857192
374.2216796875 22.581835905873
378.191955566406 2.08005736345191
383.202606201172 3.5537138185014
385.186706542969 2.89526386846551
389.178741455078 14.7680286682837
391.184936523438 2.82781148021525
397.220642089844 4.02605733819428
401.210662841797 6.76023121539515
403.211761474609 4.135522461854
404.214202880859 2.73572873635855
407.233245849609 2.51282345796495
414.211303710938 2.17046167507969
415.222991943359 5.88990462468056
421.212524414063 2.54661091142078
429.243286132813 3.80576260918531
432.196594238281 2.20902972875195
435.22802734375 3.80158953734269
440.204223632813 4.24211124952634
442.235473632813 3.35202298430355
445.259338378906 2.24688974619508
448.237884521484 2.51142506570081
453.24755859375 2.41303713909633
458.198638916016 18.9354371248479
463.270050048828 2.65773991268745
470.286560058594 4.76616775536344
476.208557128906 35.2083192613549
478.214752197266 3.35107642549836
480.299438476563 2.38899361906995
482.267242431641 2.7191145506336
484.238433837891 6.05488120839131
487.304168701172 26.0993922776148
497.28515625 2.77638339185273
499.292144775391 2.82113537113747
500.283538818359 5.58953654134082
502.255737304688 7.48989885133462
506.284057617188 3.38806512381217
528.290344238281 3.88556917898969
530.252380371094 2.82838617125305
532.25146484375 2.65532335589054
534.292846679688 3.49695817363003
543.274841308594 6.62112627248405
544.292358398438 5.60832507085205
545.290466308594 2.97386890056312
546.311096191406 3.57858410883999
553.267639160156 6.10924356879795
561.288146972656 13.3250541471855
564.285949707031 4.13172963657152
571.288635253906 28.6316196450526
575.281127929688 3.18006801479918
588.3505859375 73.2967111880591
589.323364257813 38.4679437813601
597.3212890625 3.86012965795013
598.310302734375 3.26839487537642
599.32861328125 2.64033601162579
601.31298828125 3.40511406532188
615.328247070313 3.23617474570925
630.344543457031 3.15039097111357
647.301879882813 3.80625846425642
660.352478027344 3.44389394240595
663.338928222656 4.09624448907785
665.332763671875 3.11914609526312
670.352416992188 6.72656018008646
675.353881835938 2.71189180535212
686.382568359375 3.55881784011736
688.352355957031 19.0093315996706
700.371765136719 2.82954737778221
713.340576171875 2.54725067461068
717.386779785156 12.4519922289751
727.40966796875 3.66978325722387
746.370361328125 3.52618829815984
750.364135742188 2.51302577285916
751.423583984375 2.55323520378485
764.362060546875 2.38731876430309
813.434204101563 2.80990078458006
816.463012695313 5.25462373114086
830.4755859375 11.378731692481
851.422119140625 4.74117296934494
859.451843261719 2.38569873884957
901.501708984375 15.205284609491
913.473083496094 2.27188746949822
920.437255859375 3.81198948317133
938.446411132813 3.56682156419662
959.49169921875 4.50083281659969
971.491638183594 2.29624494006401
988.530395507813 13.7328990572548
991.478637695313 3.59520868803368
1003.46453857422 2.03167614304485
1009.49719238281 2.1128544436066
1093.54150390625 3.24495127690979
1134.58056640625 2.59000315386043
1151.59582519531 9.24035262189514
1250.66540527344 6.1843214680721
1354.66955566406 2.83211569428572
1363.74658203125 6.02694567323948
1450.77380371094 23.3618994758827
1579.82104492188 2.25009477563136
1650.77270507813 3.71041185373121
1742.88549804688 8.93548168119653
1781.75891113281 4.92453936500527
1794.91735839844 6.74763120571085
1839.35205078125 47.0751855605473
1848.38464355469 13.2059248110141
1849.46228027344 21.5476459999851
1852.42590332031 20.594457366773
1853.41430664063 19.2580985961138
1855.57299804688 19.2981565309354
1861.4921875 9.99041725194825
