844.4943 80 1
70.0794296264648 2.00633025027095
72.0929336547852 1.70374106156605
86.1057662963867 7.34994959830262
112.100677490234 8.32980916859346
115.104484558105 1.22991458328655
129.122573852539 2.92883018746855
130.099960327148 1.49983887063255
143.089752197266 1.88796108726121
157.118316650391 2.85192270855857
158.105361938477 7.20574127589666
159.106552124023 6.33779073921585
170.082443237305 1.14276330423961
173.095321655273 1.59478878499115
175.130279541016 61.5164550247933
185.122055053711 1.54092745048504
201.105804443359 2.01707450145966
213.170272827148 1.29533742288473
215.147766113281 1.32935512189845
229.140380859375 14.5208817438314
242.164596557617 .995309704151012
243.149200439453 1.36450549511151
246.165557861328 7.88860915565161
256.171661376953 5.40754763035838
258.138763427734 1.70444842908342
268.172119140625 2.02794876158567
272.185363769531 31.6773819265377
274.204376220703 1.59588433127425
275.180541992188 1.54827258249408
282.169219970703 1.11368516833034
283.153503417969 1.87484240841642
284.204345703125 1.34234264512665
286.182220458984 1.46385516774068
288.211730957031 13.5258544901641
298.190734863281 1.37153817928443
300.179321289063 57.6696546228038
302.156768798828 5.57702134947765
314.180755615234 .99307301160132
315.180511474609 1.89545820437147
317.203521728516 29.49685777995
327.174987792969 1.04915339872209
339.216461181641 2.74580988609495
342.214050292969 3.52307102308579
356.233825683594 2.00651505489155
357.221618652344 6.70146655531911
365.219696044922 1.80581416426402
366.206909179688 1.19075130019803
371.207122802734 4.95816584928459
373.197631835938 1.70058924102732
382.217956542969 1.92935607540123
387.207580566406 1.86566763830019
397.211853027344 1.48763963374008
399.247009277344 11.0712156726887
404.219970703125 1.80399223562669
410.253051757813 2.27126301491216
411.233306884766 1.8466753342379
413.251342773438 1.92604631370873
414.25439453125 1.41029126291206
415.227722167969 2.84239762027081
417.256072998047 1.70807868206614
428.260192871094 3.73252379296701
429.22314453125 9.33007288345112
442.264862060547 1.12782595032076
444.236694335938 2.18449446512121
446.251617431641 5.8781649096043
448.221588134766 1.45862199072884
453.258392333984 1.40131428383751
456.236083984375 1.38630983526521
458.268341064453 2.15497283708733
470.279663085938 1.31406683680781
471.269500732422 2.80709036352079
484.27978515625 2.15296029250337
486.25732421875 4.04702992950642
488.292358398438 2.8456431011272
494.264801025391 1.7415781711112
500.298492431641 2.49526307015227
501.255981445313 2.15540479005597
503.285949707031 1.63711266127147
510.267272949219 1.86237208207131
511.269622802734 1.73956081715398
516.28759765625 1.96188395971988
528.285034179688 17.2064965790607
539.344116210938 1.51570237123762
545.310546875 6.10322843750631
547.295532226563 1.50524726135049
555.281494140625 1.60522353297158
557.301025390625 5.39463301589285
563.263610839844 1.27058451387653
571.323974609375 2.43785754483932
572.31396484375 2.93251797202224
589.346130371094 1.93378628746936
599.318298339844 3.62528454389699
641.3681640625 1.84951854219304
658.38720703125 17.7347889757095
684.378112792969 4.74967080151761
714.410949707031 3.85294429839823
800.432739257813 2.32929413726427
834.530944824219 3.92131945860736
844.697326660156 28.4611620095594
846.594421386719 12.5099650213927
847.764709472656 9.89027910096897
850.883972167969 100
853.76611328125 13.4335157370673
853.998413085938 10.7458438037545
