1222.7726 80 1
70.070686340332 4.64389940003731
72.0864868164063 4.40643260139891
86.1025695800781 3.20092676136894
101.076957702637 6.97271285297699
112.093597412109 26.4701146951699
114.104957580566 2.00523954843898
129.117813110352 10.6983334394694
155.083221435547 2.55787380940951
157.115264892578 2.70137291158099
158.10188293457 4.29563651704235
171.15380859375 4.56340237151465
175.124160766602 17.6806818146573
186.092742919922 19.3006546417288
188.144012451172 1.68120066602335
199.150665283203 13.5285764361729
212.147232055664 2.58105927568309
213.155883789063 1.85663716140344
214.157791137695 1.86889204419134
228.143310546875 3.18816340280133
230.159805297852 1.74140414473336
240.13313293457 1.39562827386996
242.150024414063 2.00793691461502
250.170837402344 2.19367421794918
255.148071289063 32.3279260235903
257.162170410156 3.01061157312584
262.153594970703 1.23714290015641
267.162414550781 1.36952590961586
268.15673828125 1.55029692438064
269.161193847656 2.7451862940492
270.179290771484 2.97800530777136
272.176696777344 24.8498435694554
282.159240722656 1.42998809715721
285.160552978516 32.7898676438693
287.168579101563 3.55249182599532
294.168731689453 1.55635461855126
295.157806396484 1.44371701290049
299.174957275391 28.3665473207913
312.169006347656 47.8180006003868
316.199554443359 1.99416058759293
324.196624755859 1.62783162715516
327.195587158203 2.41009020508077
329.192596435547 40.2177028484638
331.209289550781 1.84423049176023
339.179077148438 3.33032377428631
340.188598632813 1.55489378130628
341.219390869141 2.62024515865784
342.183624267578 2.03867563983294
353.211090087891 4.22025262660972
356.207702636719 11.3422740823873
367.209350585938 2.50265652407193
369.238739013672 2.74806954739089
370.246398925781 6.97151955118825
371.238159179688 3.14448112506341
373.224884033203 5.55034701951095
375.230133056641 1.68069093580681
381.221130371094 3.83738442060866
384.224731445313 42.0160147554501
396.225891113281 2.81278341265937
398.238739013672 29.0083473905738
400.259826660156 4.99705160600576
408.227905273438 2.39996373704059
410.227813720703 5.12245956344137
425.249176025391 23.2885628820453
427.240417480469 7.78484843843725
430.302612304688 2.11253585056062
438.256408691406 4.63276958625244
442.275360107422 30.7265590677751
452.275573730469 5.56449680952929
455.257690429688 11.369667465842
457.220520019531 1.89512170697855
466.274688720703 2.73798998671047
467.232604980469 4.13792818384625
469.309356689453 11.6980603698025
472.276519775391 4.93628471361629
479.279998779297 2.11434850104501
480.288665771484 3.73536890080037
483.289611816406 4.56759243709484
484.257568359375 11.0693939318833
497.307861328125 21.7255891552377
499.311798095703 4.64283878978784
509.286346435547 7.1218721885176
511.323303222656 3.76495293836811
520.288696289063 1.99366342318796
521.260925292969 2.09125910104421
522.311645507813 4.06963707218875
524.317504882813 8.41761810703221
526.303588867188 5.13181487448722
537.295349121094 3.56631310367017
538.296508789063 4.84426874929563
541.342956542969 18.5345176033485
543.372009277344 2.78610936830881
549.283508300781 2.31815558616319
551.334594726563 5.8273084855723
554.320922851563 12.3229562922887
555.318969726563 10.4636367268168
557.284484863281 3.51277579872107
565.3076171875 2.44964196546159
566.295532226563 7.95716714367688
566.882080078125 3.65678891978197
568.344360351563 3.24439682485049
569.312744140625 3.95262826617779
571.353332519531 22.7550783925489
583.315124511719 25.2277604811597
593.286071777344 2.35070841465343
596.377868652344 2.16769761902762
597.363342285156 1.98997505728432
610.388671875 2.5123197618314
634.354370117188 2.49062896239066
637.353515625 4.87968821252011
639.404907226563 2.12163757237839
651.368225097656 3.45593389976204
652.368835449219 4.35438205068116
654.383911132813 6.5800629560712
655.388366699219 4.3158869228057
664.358947753906 4.41436870481146
665.358215332031 11.0459505019353
665.914489746094 5.36559107711207
668.374206542969 3.57879159786263
669.399353027344 8.89225274092172
670.385803222656 7.36705055709929
678.369262695313 1.98922981459594
679.393615722656 2.70689359153422
680.388305664063 1.98616358502532
682.381530761719 37.0441240213386
684.382934570313 6.7470638784721
692.373352050781 3.50255113079335
694.373229980469 2.19147054771389
696.3916015625 3.81530298739759
709.386413574219 5.37458022126643
726.41845703125 16.8097402252705
736.3994140625 4.35408128605127
753.426635742188 4.79121975264197
763.439453125 2.90965591304926
764.421508789063 4.51564858855864
764.9873046875 3.19909360030645
765.419006347656 2.88367852072322
767.442016601563 1.89887262317631
781.446533203125 22.1113991120787
784.482238769531 2.81196453345744
793.499389648438 1.48689515713999
795.471374511719 3.10732410601687
807.474182128906 1.79893035506067
822.457763671875 3.22104131269676
839.493408203125 10.3641199593821
849.4833984375 2.91598818146052
894.524291992188 3.50132058188055
905.436767578125 2.53445317375792
950.539428710938 1.86315432522474
953.552856445313 2.17986462690797
967.541320800781 3.70415834115176
1007.55487060547 3.10275632629343
1024.56762695313 5.76566142884528
1059.75939941406 5.05850592977303
1104.78234863281 2.2297646226042
1118.77734375 7.31891522163779
1125.58374023438 1.61698913301067
1205.88891601563 3.83803990137342
1207.20275878906 2.98105584079919
1207.55444335938 3.13982611373335
1221.04028320313 4.3957809531981
1223.009765625 100
1228.96264648438 11.036628642538
1231.1279296875 7.65597501887153
1232.95007324219 6.08903392654531
1235.24621582031 17.3473373805231
1238.09448242188 7.70082664616009
1238.97119140625 6.72096524536342
1240.13586425781 4.73226456722885
