1879.9751 80 1
70.0776214599609 2.73553059017343
84.0933380126953 3.11229031423334
86.1096878051758 2.74384142873061
101.098289489746 .852308740327234
112.10383605957 8.15585464849822
129.121978759766 5.33150672630845
158.10334777832 1.65153730151219
175.130844116211 38.8735951960706
199.153854370117 .851739567777046
215.122146606445 .741557292584734
227.121643066406 2.04748628039555
230.130279541016 .621353154074877
244.135177612305 1.53536774019855
246.152709960938 1.86494361493913
247.151473999023 1.33201103418231
256.143402099609 .823002564167467
258.12255859375 7.48145603443875
260.114227294922 .845459773309945
262.123626708984 .767139902482004
272.159210205078 1.00633079672171
273.139099121094 1.57504322576063
284.150909423828 1.90084052046605
289.137878417969 1.68842680789299
290.152709960938 2.61264472647713
306.168640136719 4.19697258264975
312.221588134766 .962638358749504
314.189880371094 1.2351405767632
315.179321289063 1.47172636271163
340.197021484375 1.85891293043981
343.20654296875 1.2023846575269
353.184356689453 2.51238756016777
360.190490722656 1.65501765474136
362.177703857422 1.35419557111553
371.199432373047 13.3186740394493
373.213531494141 1.26834413123732
374.190124511719 1.7993341219208
375.198059082031 1.2782858018009
377.204437255859 100
380.208709716797 1.57976448121389
387.185211181641 2.41959366191127
389.214996337891 3.89201508342909
393.189147949219 1.9248828357872
442.213958740234 1.1293657046167
446.215148925781 2.34156632856775
455.218292236328 3.8475837111273
457.222747802734 1.49234619780638
459.245513916016 1.46664816607107
461.237152099609 1.52699736409317
466.270141601563 2.12229366898952
475.204833984375 9.0869260360212
484.276611328125 5.64456512010748
487.265716552734 1.92947910828265
491.240203857422 1.83262782773807
492.226226806641 3.21984005437934
498.279754638672 1.33996410838532
499.305725097656 1.58406724008011
500.281860351563 3.51613933861764
502.209381103516 2.89374865598702
504.24658203125 2.48428947975367
508.196441650391 1.79025778186919
517.314270019531 71.3362007234281
520.284484863281 1.56682692027121
543.224426269531 3.33870975240908
545.2783203125 1.77306988249302
560.254211425781 2.40894118310076
562.23974609375 1.68545363109216
572.255676269531 6.17770912727197
574.233520507813 1.70650103217901
575.278137207031 1.71372808775939
589.27783203125 23.1466800878826
602.271179199219 2.20111800270895
614.317077636719 1.75819407677829
615.301513671875 5.05019812691554
621.284423828125 1.79762307120883
631.330078125 2.1471477434132
632.34130859375 6.7596512249429
658.294677734375 2.53896270899929
659.288513183594 3.64189811301746
661.315185546875 1.61813757835641
676.306884765625 13.4297906709749
678.313720703125 2.89279037317909
679.309997558594 3.34972541536281
694.228637695313 1.470735138659
707.314392089844 4.29653788083519
733.304077148438 2.58662159481517
734.3427734375 1.87969065331376
747.335144042969 15.3754991918553
750.335327148438 2.02534993150605
778.3505859375 2.60775603305187
793.336791992188 1.8502104392776
795.395751953125 52.7061095858756
805.345764160156 2.55069859198415
822.343505859375 15.3178767523491
845.426513671875 1.87105500621642
860.41650390625 9.70386059371076
876.407104492188 1.97023085176497
893.402038574219 10.3256113915704
903.418212890625 1.8256541035875
904.4365234375 1.93074162774329
910.419982910156 4.03217782137169
921.40087890625 10.6974662065459
959.483825683594 8.83002829760441
992.485656738281 4.04434425706035
1003.47906494141 3.74570694576142
1006.48425292969 1.98901642336295
1020.47839355469 11.4665096788056
1023.49493408203 10.1325167210137
1058.55322265625 80.7754976367837
1069.51843261719 1.82375499202345
1075.50231933594 3.86073812190904
1105.52954101563 2.0678091999236
1133.54382324219 6.57414746429872
1155.57287597656 2.06881401715681
1156.54809570313 6.58994358515943
1173.5810546875 6.507727191965
1204.57922363281 3.34835161539487
1222.56384277344 1.79093001054249
1232.54565429688 3.36459909395603
1249.58410644531 5.982491997393
1291.59045410156 2.52743977127427
1320.62341308594 4.8380000403582
1379.61071777344 1.39842748935279
1396.64428710938 2.61276549161526
1417.63989257813 4.287022625287
1434.67553710938 3.29454016174583
1503.6953125 5.28934031590048
1565.71008300781 10.410106194146
1705.70373535156 6.45854674408312
1743.05224609375 6.70180832240497
1751.67370605469 6.4667873876306
1829.79943847656 6.73265146769234
1831.89074707031 17.2403391569713
1834.29125976563 22.5714285158154
1840.92358398438 10.9028411283612
1859.00427246094 10.9749052076857
1880.30395507813 46.409187827793
1885.17895507813 22.5530993720431
1893.50036621094 50.5595387294704
1897.46826171875 60.5085016483496
1899.73583984375 69.6022558900994
1901.64050292969 59.4601946291935
1902.50415039063 44.1100396530066
1903.23681640625 35.9641065111256
