1703.9491 80 1
70.0818939208984 .654553314425056
72.0902938842773 .802454778083027
86.1077499389648 .622151872830016
112.10179901123 3.83997891531552
120.090942382813 .413967869600883
129.126617431641 1.88526225467503
157.12028503418 .477054078963548
158.108627319336 .994432325129572
171.130966186523 .442629452359027
175.130432128906 15.8625616395863
214.13215637207 .719982281205398
215.114974975586 .571007831571575
217.09748840332 .457875452247892
219.160552978516 1.16566935370752
228.145950317383 1.06840106523111
229.142532348633 1.81869253235297
246.165420532227 100
256.147766113281 .622741910349383
270.177154541016 .405771073783089
285.16796875 2.99545049796881
286.158447265625 2.58618640687393
298.151458740234 .95872036612642
302.154632568359 1.0166630713333
314.180358886719 .397690209018646
316.164794921875 .468333075347725
318.187713623047 .422161371324499
326.160980224609 .840514559161352
327.211730957031 .698759480579019
344.16650390625 3.92885477696662
357.188415527344 .578097430862683
361.188354492188 4.47365264971328
370.214447021484 .449387417955966
371.191955566406 .958877805522161
373.216674804688 .480494874991469
376.196899414063 2.34625813728304
384.233459472656 1.42918319982934
385.221160888672 1.50557124197976
398.257537841797 1.2676582218497
399.236297607422 .893377284953633
401.208923339844 1.08008924361602
415.219635009766 .452859863664374
417.256072998047 .443278460758282
431.181854248047 2.83435983651387
445.214263916016 1.791888719308
447.240936279297 .484782110515268
454.245635986328 .496093236664583
455.263214111328 .927846040806669
457.241973876953 .841435118236728
463.22412109375 3.13684670826656
469.306091308594 .597878136699819
472.247375488281 1.86667414871753
474.267272949219 2.14206267387274
480.276947021484 .599811288712184
484.276794433594 .692010199501659
489.271667480469 .505780034837298
496.262359619141 .569003132660376
497.321380615234 .745839280840877
499.269195556641 .766971370361117
502.245513916016 .809031955288023
512.248291015625 .74270458657071
513.271789550781 1.36805093749425
514.258117675781 1.84869535077956
516.261962890625 .480707842559768
517.278869628906 .540738847973305
530.246215820313 2.50195329096448
531.286804199219 6.57527117734413
534.283569335938 1.25464180406573
544.278015136719 2.04290297104334
554.344055175781 .43361091340186
562.302734375 .88107917063403
567.275390625 .576320749800086
571.304016113281 .591579395585606
573.299560546875 .52057244868549
583.271301269531 .712065278680618
584.316528320313 .538903926302071
590.297546386719 .489291494160246
601.287902832031 1.52024173399143
609.314025878906 .456898551072297
612.32080078125 .957032963184863
627.349304199219 1.52676466641163
629.322326660156 .936650805157227
631.342224121094 .764715686472021
644.375610351563 6.91767717164464
654.367492675781 .626827466999304
655.343994140625 .466155280497555
659.326477050781 1.04199231909153
677.30908203125 8.7216014225633
700.352233886719 1.17114865174155
703.322082519531 .641631265992838
716.386047363281 .746417576937014
724.367004394531 1.17857446712972
730.330810546875 .969012994180375
741.392395019531 4.92692167786448
748.361755371094 1.92633678247828
758.41796875 5.28225965405777
776.381469726563 2.01178771526201
799.417297363281 .485234158262185
829.400451660156 .770430431043883
829.9736328125 .530056101536665
840.462341308594 .802079316303422
841.449279785156 .658463502634226
847.417419433594 2.01795596024975
857.469665527344 2.90794636130301
903.415954589844 .889360367896242
911.501708984375 .594207836691773
928.515380859375 4.8553284510941
946.508544921875 .844113965774758
1010.55200195313 .632784551397206
1027.57946777344 37.217668362849
1030.29943847656 .879701048393818
1037.57678222656 .691361454866145
1124.58703613281 .439796897485347
1125.57470703125 1.97116148543011
1142.59948730469 2.2602687800325
1173.60266113281 .89124706599608
1241.66931152344 1.5694594338535
1251.71704101563 .38870597903162
1310.67919921875 .352365059641885
1328.697265625 6.53108330241823
1457.74548339844 1.0014312900816
1586.72436523438 .763875122608725
1704.26611328125 13.4391155080321
1716.39453125 1.74902495410706
1720.40551757813 1.96097409517189
1722.5302734375 7.95488564320361
1723.412109375 9.25418979773366
1724.16235351563 7.65829060778558
1725.71374511719 4.84245933158057
1726.38989257813 4.23810488959106
1729.04321289063 2.50845483883782
1730.60766601563 1.99698126288398
