1879.9918 80 1
70.0767364501953 1.96073039329778
72.0961456298828 .905490673451539
84.0968704223633 3.96710980443059
86.1072998046875 2.58221820403041
112.100982666016 6.95069330822288
129.12092590332 5.28884230554932
157.115936279297 .628298088069831
158.106964111328 1.13072868737171
175.131454467773 37.9060622928092
199.14176940918 1.13864319335755
203.102203369141 .704468333550861
213.133178710938 .769334742336777
227.118637084961 2.71304798014194
242.164596557617 .736270080747621
244.149993896484 1.04950917381038
246.150360107422 1.875755363951
258.119171142578 7.49639691182484
262.133270263672 .905801268251295
272.176513671875 .740716865806416
273.115661621094 .92099817437193
284.143341064453 2.16399755028064
289.139587402344 2.37947988741352
290.158447265625 3.22802558998637
300.132110595703 .918745457006119
306.169097900391 4.07870613954133
312.215515136719 .98080849958141
314.191284179688 1.36504495694042
315.169311523438 1.60871083795809
318.113494873047 .649644562029819
325.188171386719 1.18079079809688
340.204040527344 1.95667962312295
342.169952392578 1.16010835452589
343.202209472656 1.52320663190578
353.190673828125 3.43965003474608
360.18408203125 1.93301648662426
362.180572509766 2.11595399805862
371.205993652344 12.1014274200081
374.191192626953 2.34981849337315
377.205047607422 100
383.239593505859 1.0523431192007
387.184509277344 1.8214012647536
389.215087890625 3.30772782774279
393.195434570313 1.34737082310146
432.184417724609 1.27076650184958
433.202941894531 1.00505011794753
442.19873046875 1.10832584846972
446.223815917969 2.18963937241241
455.218231201172 4.22062947359409
457.196899414063 1.72015795657732
461.23193359375 1.19020048496575
466.27880859375 2.62580617000048
473.243988037109 1.17352224147663
475.204956054688 8.63345644112274
484.280822753906 5.51794268035395
487.261016845703 1.82613498903775
492.221984863281 2.76153596258841
500.288726806641 2.71828201506605
502.214752197266 3.78978463230883
504.267181396484 1.81847076403721
506.246246337891 1.39546650795532
508.203857421875 2.05931369168492
517.312622070313 60.2296215104074
527.288452148438 1.37091253732284
529.264953613281 1.63806632562433
543.226013183594 3.45013359839031
560.253540039063 2.99306153042456
572.259399414063 7.18353269969432
575.299011230469 2.39408432770269
589.2783203125 23.7376976125461
591.279357910156 3.95231236437044
602.293090820313 1.9103480281746
614.304443359375 1.62368341113608
615.303955078125 5.34660107771439
618.287353515625 1.616814573755
621.284545898438 1.53566643810124
632.328552246094 6.8483208453101
637.238647460938 1.41549019908118
658.300842285156 2.2453135489433
659.293884277344 3.76676945582103
676.305358886719 16.7215739594318
678.297058105469 2.17140175523278
679.320861816406 3.73128251275517
690.296691894531 1.72936816082259
694.261474609375 1.45758900131992
707.315979003906 4.54093474388285
733.325622558594 2.31939905649264
736.290954589844 1.66174791275031
747.340454101563 13.2073313501369
750.344482421875 2.40566091360495
777.342956542969 1.96596413253877
778.36328125 2.77627464301856
793.328308105469 2.28977950161516
795.396484375 50.2605950042504
804.33349609375 1.85289437143129
805.316711425781 3.33903657598898
822.335327148438 15.9380661784924
843.392150878906 1.66642739396428
860.428161621094 9.01901600656733
875.389831542969 1.78254023713986
876.387268066406 2.19963612335156
893.408020019531 10.4267339380323
903.449462890625 1.77377320276969
904.412719726563 2.29972663692511
910.413696289063 3.62760184418656
921.412841796875 12.4253562722697
959.488830566406 8.06929403457582
992.474365234375 3.61270343572963
1006.48071289063 1.76449652895681
1020.48205566406 11.70658961363
1023.49938964844 8.8251518355344
1058.55834960938 78.3229597519861
1068.49816894531 2.220631399674
1075.50476074219 3.52397827203034
1106.52124023438 1.97870748407166
1133.54833984375 5.04403876151309
1155.55456542969 2.60914614059216
1156.56005859375 6.19104944741152
1173.5810546875 7.88157894904915
1204.56848144531 3.64277127580037
1207.59973144531 1.54287356655125
1222.56506347656 1.69060697061766
1232.56530761719 2.48168258385726
1249.59838867188 4.86580783065155
1291.63342285156 2.51757449453785
1320.650390625 5.60740915122823
1380.69274902344 1.16926285206949
1396.63659667969 2.27870986443913
1417.6533203125 4.42054812631585
1434.67602539063 3.5284913427788
1503.68640136719 4.14767547146214
1509.72412109375 1.74641012412981
1565.72094726563 8.07773141182445
1705.69885253906 4.65450651580828
1751.70629882813 2.90112897354188
1831.93249511719 9.57124824932524
1832.78845214844 11.7311967185209
1836.23059082031 11.4785186892105
1863.06286621094 7.80049352778724
1864.22839355469 9.35474433067457
1880.35632324219 60.0909832602804
1883.23217773438 42.1983388786694
1892.54223632813 7.95627335686791
1894.49975585938 17.3185076960429
1896.49560546875 27.9821428394864
