1751.8774 80 1
70.0718841552734 3.86670020528891
72.0994110107422 2.48024577150989
85.8860321044922 1.95192743595612
86.0883636474609 1.86396171949413
104.059089660645 2.31060414938162
112.098495483398 8.21736698172738
129.118515014648 4.63245550385914
157.129486083984 3.11131572561494
175.127304077148 41.0062632689242
187.076461791992 1.79251678229863
246.162796020508 7.674797743914
272.200408935547 3.01095722358302
289.148406982422 2.7336959409248
305.990020751953 2.24272332457272
306.156433105469 5.46471813606313
312.244567871094 2.32745236556484
314.134704589844 2.14036899851968
371.179565429688 6.49196457025174
377.198333740234 100
379.190826416016 10.8767880181726
393.168334960938 3.07129766872466
432.160369873047 3.60248011406794
433.177917480469 3.24318406580708
475.201843261719 5.51302612169511
477.19970703125 4.45192073588594
492.196807861328 3.79626786842179
500.842620849609 2.84979334782465
501.225646972656 3.11883729711754
502.206970214844 3.42177139184788
503.221160888672 4.24413088707468
513.281372070313 6.65228261147283
572.248229980469 12.6701613572484
574.247131347656 3.92284577982108
579.22216796875 4.38413710077856
589.263061523438 18.4645151162001
591.250915527344 4.42205598545214
613.528686523438 3.13245551082226
621.477233886719 3.2617748456799
632.342224121094 4.4659123082932
659.288452148438 8.43474916472252
676.283874511719 7.96175973787271
685.827880859375 3.89947946303775
687.446350097656 5.73188286170451
694.241271972656 8.59275910140008
747.323425292969 10.5874096044482
765.308410644531 5.14920833456297
776.268005371094 6.8238990444691
793.293395996094 12.0990250008368
820.356140136719 3.57062996108475
860.39208984375 5.95609759986342
892.366271972656 6.65648273537059
935.391296386719 3.78094996064506
959.461975097656 5.29268208989604
1005.45983886719 3.90644425561422
1028.56384277344 4.1176710702148
1058.54614257813 60.2167240287578
1117.69030761719 5.51615954181101
1119.57775878906 6.44106037705878
1120.53942871094 5.70449606955625
1135.74780273438 3.76673699192362
1156.53161621094 6.74889712821809
1173.56005859375 5.64603005028203
1320.62426757813 5.47827910904132
1417.67517089844 4.5516017803606
1565.61730957031 6.8977275664444
1703.69421386719 20.3070309478005
1703.92102050781 20.4515692560846
1704.81689453125 28.7737865179511
1706.20739746094 25.5019498225462
1714.95495605469 8.34492310337199
1738.96179199219 11.0719503236434
1748.16333007813 12.1196875530435
1752.14807128906 43.0021899728675
1755.29187011719 25.5981045256997
1761.3291015625 13.8083384548897
1766.34045410156 19.2330019622014
1768.44860839844 39.9251840145647
1769.34594726563 39.5169324297211
1771.59606933594 42.6303530992067
1773.37646484375 30.3760585677613
1775.66430664063 17.4882895771195
