1222.7830 80 1
70.0727386474609 3.80038317200948
72.0916900634766 2.37444743206789
86.1002426147461 1.49175553875434
101.07731628418 5.88629802043579
112.095115661621 22.3011654791788
114.111747741699 1.93494952884727
129.117965698242 9.55930104391878
155.087341308594 2.28046083501767
157.111846923828 2.3962026538684
158.096008300781 2.75701303626141
171.151260375977 3.23244446889114
175.12126159668 13.0928045516024
186.091735839844 13.8696293472713
188.144653320313 1.57279314432846
199.14909362793 8.93112794696686
212.146179199219 2.11360707881224
213.153625488281 1.7369155228687
228.135955810547 3.97716055256844
230.15495300293 1.75359537097002
240.133239746094 1.11314485521953
242.155578613281 2.21479799445895
250.171356201172 1.80522287337677
255.146926879883 24.7843449005319
267.196044921875 1.10615226495628
268.142822265625 1.43890245043081
269.152252197266 1.59432809972473
270.1806640625 1.58497411780393
272.171600341797 21.2219028444404
282.166015625 1.3882748295113
285.159698486328 23.7300116901279
287.17578125 2.98920673586194
295.139129638672 1.33944205004623
299.174041748047 23.6129804769822
312.169372558594 39.9576142072511
316.201080322266 1.98063109867953
327.195587158203 1.99767633596688
329.196075439453 32.207714988183
331.228973388672 2.23942313949005
339.191467285156 2.80245468424689
341.223571777344 2.44258878113789
342.187377929688 2.01008526489783
353.219512939453 3.30887148876972
356.211090087891 9.2189520045656
358.217498779297 2.09808119023326
367.197021484375 2.56261593783983
369.249420166016 2.46021448610419
370.244262695313 5.13791109185923
373.217926025391 4.92009844656801
381.207885742188 2.81048312453884
384.226165771484 34.7337104233626
396.231719970703 1.67687844161855
398.240997314453 23.028436440192
400.251861572266 4.08956798650553
408.230438232422 1.92403572664778
409.212982177734 1.46214629404497
410.229797363281 3.48023812207652
411.239562988281 1.55802930618659
412.269989013672 1.55949109741256
425.249847412109 20.1414058971517
427.239471435547 6.02131333626614
430.299835205078 3.30370619713641
438.243774414063 3.71256391312905
440.295562744141 1.59164572095378
442.278106689453 25.1093544643907
444.284729003906 1.72075833094191
452.276947021484 4.70639098475521
455.253112792969 7.85054502690146
466.286895751953 2.78956990563019
467.227600097656 3.32288356241241
469.309020996094 8.27140590095342
470.291870117188 2.90639343036983
472.282684326172 3.6387717190987
480.286224365234 3.4503958023909
483.287841796875 4.09245092543378
484.251922607422 10.1341989500135
486.263946533203 2.04710104927422
497.304656982422 20.7978166879337
499.311401367188 4.07933432241078
509.294006347656 5.01065621917845
511.329681396484 3.67975242771646
521.285034179688 1.87593833703149
522.312744140625 4.56898114009441
524.311218261719 6.94745337134853
526.309875488281 5.23410099386897
537.291564941406 2.63523109542405
538.299255371094 3.81563376324394
539.291931152344 3.11803344992514
541.340759277344 17.0088627092684
543.385192871094 4.90283776734084
551.331176757813 4.91337069282696
552.320739746094 2.7925986297515
554.321533203125 10.2881986994393
555.323303222656 8.68367879844918
556.316528320313 3.34382179272025
557.287841796875 3.50227282086084
565.321716308594 2.45902685107765
566.298706054688 6.24617875843094
566.865356445313 3.19417571502388
568.314086914063 2.69233099427395
569.307312011719 3.33449522954582
571.350280761719 20.0463666445619
573.361877441406 2.47255357851895
583.314025878906 19.9640893333546
596.354248046875 2.12285541883569
608.355163574219 1.86798883896825
610.363708496094 1.75222590697936
637.353637695313 3.68825289563972
639.367309570313 2.33316636390201
651.374572753906 3.00019949592226
652.368103027344 4.57774328978175
653.38671875 4.04452070575686
654.393737792969 5.77779253672654
664.379150390625 2.97491134559487
665.359191894531 9.95792917580116
665.951171875 4.64724452816616
669.389770507813 8.07010303015702
670.3818359375 9.83808955769682
679.363891601563 3.08781667832932
682.379333496094 35.0029862109955
684.39697265625 5.58967129859105
685.381042480469 3.21371580811671
691.381774902344 1.83511799837894
692.371398925781 3.19485171061563
694.368713378906 1.77929036687761
696.408081054688 3.65566929533804
709.387573242188 5.96188406328068
726.416748046875 13.7653114283366
735.470581054688 1.72402299071825
736.410583496094 3.53581835957556
753.424560546875 4.23352734742386
763.433776855469 2.94761240382917
764.431823730469 4.62494886669549
765.014221191406 2.2970251421788
778.443664550781 2.15723568173431
779.404357910156 1.87711301302682
781.444519042969 20.1734900198114
783.448120117188 7.05031325076717
795.45068359375 3.1768533826977
805.44775390625 1.53609212059488
822.467834472656 2.19409660646936
839.487365722656 9.9681010617399
849.491271972656 2.46439754882685
882.523498535156 2.43481825526802
894.513305664063 3.96317475652703
905.436340332031 2.68292436335784
933.5234375 1.35841482989287
950.538146972656 1.70629935049198
951.549194335938 2.39433974428185
953.540710449219 2.05034324568765
967.564086914063 4.43082767527128
1007.55426025391 3.57462041900216
1024.55981445313 5.82091887948852
1060.76196289063 1.44754029346415
1118.79638671875 1.71866947267387
1123.58288574219 1.68528113060308
1125.54699707031 1.41154244958682
1180.58923339844 1.74802317904408
1205.81469726563 3.24413892375589
1223.00830078125 100
1226.94323730469 11.7343635535332
1228.92932128906 10.1560016993345
1229.96728515625 8.75386516158604
1233.0712890625 6.61867477721646
1235.35119628906 26.8135255323966
1238.01330566406 12.1476346559708
1238.25793457031 10.7453596801278
1238.69311523438 9.377144602424
1239.15942382813 9.85018632091762
1240.9462890625 5.15532096408259
1242.57531738281 4.83193745381395
