1879.9985 80 1
70.0784378051758 1.7192892967348
84.0943374633789 3.19596502169862
86.1108932495117 2.21245844842564
101.126640319824 .694391809728944
112.100921630859 5.75521483010474
129.122207641602 4.98364358685587
158.10319519043 1.20718547602923
175.13215637207 32.7559987129107
199.152145385742 .72505091107969
203.095672607422 .755700282729072
213.127029418945 .622253803227374
217.143692016602 .634408983501299
227.130889892578 1.47744279488543
244.139511108398 1.41745885089822
246.151489257813 2.20129478023771
258.120056152344 6.1742742820387
262.143188476563 .610551379873988
272.162261962891 .877802405241329
273.132598876953 .865813988759794
284.14453125 1.60609700018022
289.137847900391 1.4489394412348
290.154022216797 2.35004111930805
297.177703857422 .528634243295923
300.146240234375 .833527419587823
306.172576904297 3.79178106128015
312.225280761719 .854709710204076
314.184112548828 1.00074746065997
315.176300048828 1.59228312405894
325.202392578125 .761418825989549
329.209350585938 .706876432324806
340.196960449219 1.30912194363583
343.195892333984 .846868557599848
353.195037841797 2.65311203097206
360.183349609375 1.50005313710281
362.171234130859 1.33272385234343
371.200805664063 10.8083953722206
374.189331054688 1.53144657681404
377.203460693359 100
379.206756591797 8.43527358615522
383.242706298828 .96382967233905
387.193145751953 1.2066014120346
389.231628417969 3.57133709319427
393.184387207031 2.49850505098337
427.261444091797 .924975741452059
432.182220458984 1.09398433631489
442.199157714844 1.01798902068103
446.215270996094 1.84141501460748
455.230438232422 3.1603187788561
457.223510742188 1.19601010598671
459.234100341797 1.16517105029152
461.24072265625 1.04705615049556
466.276153564453 1.59833596027274
475.203582763672 8.99432825451347
484.287017822266 4.80231597091746
487.2587890625 1.39129337546122
492.225280761719 3.05581858625327
500.280883789063 2.12622701710258
502.220184326172 2.92065723977659
504.246185302734 2.95329752050145
508.192474365234 1.7162029944118
517.313354492188 63.2500276294338
527.29931640625 1.36397955539014
529.324645996094 1.19150415998853
543.228088378906 2.45445088219441
560.259521484375 2.45131721851914
572.252075195313 6.44651441734165
575.283935546875 1.80797898798769
589.277282714844 22.7939306059092
602.27734375 1.81708651272294
615.304321289063 4.37460430322161
631.323608398438 1.69875391688671
632.34130859375 6.27401444112125
658.308227539063 2.19323007572008
659.290588378906 3.87618761657243
676.306762695313 14.9033875893695
679.323791503906 3.33772455235767
707.316101074219 4.2237155850534
733.302062988281 2.43356454562563
747.340881347656 14.1333223095203
750.354858398438 1.65025579324298
778.38037109375 2.31043363547687
793.344482421875 1.94376228358414
795.396240234375 51.0760304568076
805.308349609375 2.54875208257402
822.340698242188 14.2755228902994
860.420288085938 7.85032084408011
876.389221191406 1.51590026238901
893.400695800781 9.48877127622693
903.383361816406 1.52118374370369
904.385925292969 1.90337139867166
910.422119140625 3.85174506364535
921.411071777344 10.7728046810394
959.48974609375 9.86120195847619
962.49658203125 1.38126404529192
992.480895996094 3.39453380199099
1003.46453857422 1.47726404237981
1020.47991943359 11.3961506243888
1023.4912109375 9.19924266467613
1028.57702636719 1.53472052426081
1058.55590820313 82.7423253282862
1068.55358886719 1.93297691271373
1075.50073242188 3.50016948004705
1093.49938964844 1.54057259898637
1105.54858398438 1.89287743662287
1133.54968261719 5.92690328815031
1155.57397460938 2.2052741427797
1156.55590820313 6.34141625304551
1159.5361328125 1.44102497151632
1173.57507324219 6.8733594158143
1204.57348632813 3.3178233675262
1206.58410644531 1.76375408884363
1222.54748535156 1.60358369306463
1232.57592773438 2.59652275246485
1249.57849121094 5.34203537710217
1291.63439941406 2.40142591143777
1320.63720703125 6.01708381348196
1396.63171386719 2.37231373492352
1417.65185546875 3.56908942708021
1434.68835449219 3.15480452470339
1503.68933105469 4.96546451341675
1509.68566894531 1.67224388464443
1565.70983886719 9.69552166088262
1694.69750976563 1.86881391299746
1704.07629394531 2.2102504875054
1705.69641113281 6.53582119100894
1751.74755859375 3.52652296659989
1829.826171875 5.31250697857854
1831.84936523438 15.2400028810896
1832.73193359375 19.5069304179357
1835.45068359375 20.6767664229426
1863.07702636719 7.71022145345335
1880.30212402344 51.2471602774158
1892.46203613281 9.93962167482751
1893.50231933594 16.6588942348438
1894.45581054688 25.4276540189989
1896.49597167969 45.4728021677619
1901.36340332031 15.7870322765756
