1044.5070 80 1
70.0657501220703 2.5646365852208
86.1108245849609 2.21129865773976
102.065658569336 2.86791846415537
110.080619812012 3.09039942695534
112.096954345703 13.1480012387311
120.087310791016 4.21784745584564
129.120513916016 6.74993330878845
157.115692138672 3.92873407907542
158.102645874023 8.05786015771598
175.12287902832 100
185.124435424805 1.82946210839044
214.121688842773 2.62674355460358
228.160949707031 1.64542435213981
229.13215637207 1.78423945895294
242.153945922852 2.00298685219911
249.122436523438 4.1275518480387
262.153259277344 33.3252565042175
267.142517089844 2.98423731461379
268.152282714844 1.84765224594736
269.132293701172 3.90788868820167
271.171539306641 3.75900055317625
277.119110107422 11.6656630442313
287.1328125 13.8932422265148
290.13623046875 18.7018568249678
292.131530761719 2.21334935200158
295.155059814453 6.34188310876081
297.167114257813 2.05249401353121
304.161193847656 8.25428191502334
316.131896972656 7.21223994009181
318.128448486328 27.9785741647528
320.128326416016 1.78079648203272
329.199432373047 2.84515415043341
342.208740234375 2.05386298229615
343.172607421875 7.23115165537903
357.208038330078 2.82634652037544
359.227600097656 4.35872808827027
360.181823730469 3.03999398070908
377.1689453125 2.37396539738815
382.207153320313 3.01067989664546
383.217895507813 2.14397996255517
399.227294921875 2.74191176259901
400.222106933594 4.59347932015664
406.186187744141 2.75935798555948
409.201599121094 2.14762584671389
416.205596923828 3.92453974942351
424.183563232422 7.86188677734046
426.223449707031 2.23635131545486
434.207305908203 18.5562474102262
436.204864501953 2.1367008169816
447.170043945313 51.9334787735364
449.162750244141 5.8942962588686
451.228149414063 9.28327499746982
456.242858886719 3.14721176171928
457.233245849609 2.43422335191251
463.192016601563 4.34009715790935
472.239898681641 2.347789966821
485.227783203125 3.58581941602801
499.290802001953 4.75664578869424
525.306274414063 8.0856770952648
530.237915039063 3.59870746960065
531.269470214844 2.33990288564585
536.246948242188 2.28479252499927
540.296569824219 2.69286961012371
549.236267089844 3.23697439924747
556.265014648438 3.0327591869354
566.244934082031 4.32104906308347
567.248107910156 4.34035374549986
572.321105957031 2.81276952777467
581.262512207031 17.1946269389409
594.240234375 12.3868748796781
598.288452148438 44.6200224558943
702.403442382813 4.56245965333833
710.305908203125 4.62735199661226
727.332702636719 7.69214072976922
735.377990722656 20.6797669381614
852.426513671875 3.18170049695386
892.370178222656 4.47481798117152
896.376098632813 3.35600101917741
904.389892578125 4.64716341556214
913.374450683594 3.53478083361326
917.458190917969 4.13221551017409
970.4990234375 14.2490412895767
978.364379882813 13.0770845374702
1006.48754882813 3.89666301106414
1008.58013916016 6.55659180419849
1044.71520996094 34.3714635653623
1047.01708984375 16.485870562308
1048.78845214844 11.3166722968996
1050.88171386719 85.0100916306629
1054.03747558594 44.4552265004315
1055.90307617188 25.8033182472608
1056.69519042969 17.0043765841049
