1880.0105 80 1
70.0922698974609 2.73803872999102
84.0861892700195 2.35569811725922
86.1187210083008 3.07583006166351
112.099731445313 8.39878116301566
129.125228881836 6.64555821445737
158.107406616211 2.42171723542147
175.129287719727 47.6951255322618
199.105682373047 1.5426752280784
227.122680664063 3.21763501336628
244.144744873047 1.83345047543592
245.14501953125 1.55647001644019
246.165817260742 2.31488397204665
258.121429443359 11.3792869087847
260.127990722656 2.43558632667458
273.119964599609 1.5092213435359
284.141296386719 1.85319784272988
288.199340820313 1.57147905476934
290.158935546875 3.95499461881641
306.150390625 1.3563732564506
312.192718505859 2.0699681389202
314.171112060547 1.66862660873837
315.238586425781 2.18848684342879
325.188323974609 1.69284058387553
340.191772460938 2.79943653860941
343.203643798828 2.24924377920095
353.181945800781 4.72973987530872
359.24658203125 7.60249781040454
371.199798583984 16.5916062577776
373.176208496094 2.63616480296696
374.176452636719 3.72385840538155
377.206115722656 50.5293441230657
389.226837158203 5.43996153627146
390.211212158203 2.71379138169773
393.190460205078 2.92670090437316
399.222534179688 1.9750004741285
455.215545654297 5.25735306297646
456.234832763672 3.76519979025501
466.267822265625 2.0825371516233
473.223358154297 1.89367711838393
475.187225341797 3.65942805623352
484.291564941406 8.4006929983368
486.225982666016 2.84185141568497
487.240997314453 4.76997700042124
492.221588134766 3.00259073281771
498.258880615234 1.8700075604205
500.2998046875 6.79389724779115
504.242431640625 8.63805032335153
517.3134765625 100
527.282287597656 2.30356571542889
543.237609863281 2.25387673239925
545.261901855469 2.60325431209461
570.279113769531 2.24044595048809
572.2822265625 4.16994851185448
589.283630371094 12.9601072622661
591.254638671875 2.47069531714213
600.3095703125 3.04533950105175
602.282043457031 3.31588618176856
613.422302246094 2.33270568845572
615.314331054688 6.88697040396321
617.351135253906 1.9789307053728
632.333740234375 13.2721674152401
658.415100097656 4.36023866064269
659.347839355469 2.45385137626696
676.308349609375 10.5482721309771
702.446533203125 5.82881962558955
707.311950683594 2.69452651828391
733.30810546875 4.15399837064556
734.307434082031 2.97084589110484
736.343688964844 2.49041769707041
747.336059570313 8.48857735906112
778.369873046875 3.75320085864455
793.344543457031 2.92652026813231
795.397583007813 80.0924989005726
805.362487792969 2.68743080033228
822.343994140625 6.48572218955301
837.553588867188 2.5833956223048
860.425598144531 5.72960503152068
893.403259277344 6.65228340329141
910.413208007813 5.32059684185766
921.40185546875 5.458691305068
959.487609863281 5.55419597270402
1001.56756591797 2.25424869095237
1004.44543457031 2.71606361518564
1006.49737548828 2.68071453506177
1020.47863769531 5.68570703875769
1023.50305175781 13.5322505168817
1027.86376953125 2.54033797109499
1045.55078125 2.71907470030438
1058.56298828125 39.8235017612733
1062.55932617188 3.10937260590366
1075.50427246094 6.3825065638125
1133.57727050781 3.14853619718004
1156.53637695313 4.10471354316341
1173.58642578125 4.97907444059676
1222.60437011719 2.54493037273399
1232.54321289063 5.16849008015932
1249.58801269531 9.17346038791347
1320.63806152344 3.85073149439556
1379.6708984375 2.5338228260152
1396.68334960938 3.71622855039565
1417.63256835938 3.71930164248459
1510.67724609375 2.95529155781751
1565.68676757813 6.96774006161163
1688.95751953125 5.02659054284657
1705.69775390625 8.50199384661702
1829.76574707031 11.6702349374267
1831.76611328125 20.2366503067743
1834.54711914063 19.3590757052059
1835.17932128906 17.8161157974095
1863.13684082031 12.4300706817731
1880.28991699219 38.5135650467084
1886.36206054688 12.2988876919897
1893.48840332031 21.4114950943904
1894.4609375 29.7597609496182
1895.38488769531 29.6028048209586
1896.42456054688 41.3206118167908
1898.57067871094 50.5821762821591
1900.37731933594 42.6536117935468
1901.08666992188 39.0937913012497
1903.30859375 36.5612823068971
1903.78686523438 32.7789375061135
1904.42761230469 25.8697067663844
