INTERNAL18	0.07616222	0.14638971	0.2462908	0.2868447	0.14441147	0.06231454	0.03363007	0.002967359	9.891196E-4	0.0
INTERNAL17	0.02425876	0.12398922	0.29739442	0.2821204	0.16621743	0.06918239	0.030548068	0.0035938905	8.984726E-4	0.0017969452
INTERNAL_ION	0.008301405	0.22318007	0.33987868	0.23674968	0.113984674	0.049010217	0.02187101	0.0046296297	0.002394636	0.0
IMM-ION	0.80340064	0.19659936	0.0	0.0	0.0	0.0	0.0	0.0	0.0	0.0
Y18_ION	0.049638055	0.21199587	0.14891417	0.17269906	0.17063081	0.10754912	0.08376422	0.043433297	0.011375388	0.0
B18_ION	0.03683241	0.062615104	0.18416207	0.19337016	0.17495395	0.16574585	0.10128913	0.05248619	0.028545119	0.0
Y17_ION	0.023022184	0.16199246	0.16073671	0.15278359	0.1498535	0.13897029	0.106320634	0.06153202	0.041858517	0.0029300964
B17_ION	0.058352403	0.0812357	0.1624714	0.18649885	0.15789473	0.13844393	0.11784897	0.057208236	0.03661327	0.0034324944
J_ION	0.059054833	0.07376393	0.12932353	0.1670429	0.14811039	0.123789415	0.08679822	0.04186995	0.045729265	0.12451758
A_ION	0.08601444	0.1103086	0.14116874	0.17728168	0.17465529	0.12869337	0.08010506	0.058437295	0.040709127	0.0026263953
Y_ION	0.0169549	0.10291624	0.12360122	0.12902679	0.13580875	0.13106138	0.126314	0.12122753	0.08884367	0.024245506
B_ION	0.019985553	0.09655671	0.14977124	0.15940285	0.14880809	0.12400674	0.1083554	0.09583434	0.07729352	0.019985553