1088.5372 80 1
70.0799102783203 6.95183994906774
110.084587097168 7.72769758229324
112.101783752441 11.9998789021574
129.128158569336 9.84885592411904
154.230178833008 5.8533042300203
158.103958129883 8.03719529253942
166.077560424805 7.55947551642264
175.135757446289 18.310710418168
232.15202331543 27.7525256604293
243.131271362305 8.08922106564248
257.159332275391 9.05328844609076
268.117492675781 7.7730726559251
285.148742675781 30.1473550721807
314.169616699219 11.9774699259623
318.139526367188 7.32478762447243
335.168365478516 9.95698213054616
337.159515380859 7.50179702114865
356.190551757813 23.7152291799427
358.187164306641 7.37233160233647
375.159576416016 10.7061643518669
385.237030029297 9.24275662944901
386.226623535156 7.33954647575322
392.187042236328 21.4484925544604
396.218933105469 7.36891522647895
413.225433349609 16.904789208658
451.228424072266 7.2975180602446
456.259216308594 9.07812450970021
470.257110595703 7.67064302970947
474.232696533203 9.28311906004904
484.248565673828 21.0750214788547
491.252288818359 24.8427440992896
550.3154296875 7.80689506654307
553.259887695313 7.79117133836998
570.274047851563 7.84907864021406
571.239685058594 9.23189948875758
581.27197265625 8.88319020772095
588.273559570313 21.8299027629175
598.29296875 26.1856959201894
605.307312011719 15.5833865808563
659.343811035156 8.0335134927855
669.357849121094 10.8753161254463
670.349487304688 10.1236120667934
676.342163085938 10.873782335292
697.367614746094 26.5634506023414
716.331298828125 8.48724685138989
731.386901855469 7.94046969412707
733.366760253906 17.3919804596376
754.399658203125 10.395477716342
770.396301269531 7.77386934136941
787.383666992188 8.7961727520884
788.404235839844 8.54502030345924
804.400146484375 21.8806200355181
855.403564453125 9.75359874255522
857.393798828125 10.1942243396038
914.423034667969 11.9264415095269
924.4365234375 9.78715800492984
932.438293457031 17.9515039633766
941.481750488281 15.4473414215725
1054.546875 25.6459106034774
1088.80834960938 100
1091.83850097656 26.2594473529405
