1404.8239 80 1
86.1089630126953 6.59917119174029
112.097198486328 9.76767978756813
175.126434326172 100
257.169219970703 10.1433953923345
258.154052734375 7.44243273778987
274.186676025391 15.1014512792688
311.178344726563 4.98810566505591
329.188629150391 13.3386286676979
331.134460449219 5.43893912827928
370.250854492188 10.7971469513057
371.240295410156 9.80524138059512
373.180999755859 5.23721267068245
387.273559570313 15.6699151783014
391.165740966797 11.7835031032497
412.181823730469 5.35010212635361
414.273101806641 5.92503179083682
424.259368896484 5.24310383058021
430.204528808594 9.60983345304089
442.268493652344 10.4054974725647
460.185089111328 7.3483340073357
478.197601318359 13.4259832415419
500.353210449219 14.4050500784044
515.27685546875 4.6796728640013
528.315002441406 5.08402643368425
531.259765625 6.64515358458627
543.2822265625 5.88338160614085
549.267517089844 19.4156062372205
559.259826660156 11.1927140542846
577.267333984375 15.1199403656302
587.387268066406 11.1956889844497
614.325256347656 6.12869555643384
644.411437988281 19.1481941894926
662.350830078125 6.89468873528086
690.356323242188 10.6843628851897
698.423767089844 6.50720427500952
715.445434570313 15.6362869985726
761.392761230469 7.166835757492
811.508361816406 7.22743668904578
818.416015625 5.04412931899765
828.533508300781 11.7399733423319
887.43017578125 6.07234624101726
905.430114746094 7.72688321564859
927.606750488281 11.1444657860016
1000.5419921875 4.69392098941946
1014.64434814453 41.1242613683907
1018.55517578125 3.63435338695606
1143.69702148438 3.85066467410148
1200.71936035156 7.43999773536444
1257.697265625 5.79326307497306
1386.90954589844 5.36455076314979
1405.12561035156 71.9693416204447
1408.11743164063 30.0143935785028
1413.181640625 17.1329048927612
1417.26086425781 10.3050050445176
