1600.9105 80 1
96.3954925537109 9.20751932214658
99.9509735107422 8.52122556106111
100.063911437988 8.26696912941654
112.097007751465 9.95943664782668
115.107002258301 9.17859153118523
154.466751098633 8.77846359772652
154.594161987305 8.30260235705274
175.134811401367 13.1806913468387
360.172027587891 10.0551510261674
458.323089599609 10.3031332935414
469.274993896484 8.84133349516287
469.485565185547 8.32611329042565
471.31982421875 10.1919758075515
515.341064453125 10.1110926284616
528.346984863281 9.51344320370056
530.203247070313 9.70703816373156
535.567626953125 9.61918034001777
597.375 12.3165236715312
598.580993652344 9.88339365623151
600.244445800781 9.27939705089295
614.410888671875 50.1610409570434
617.36474609375 10.1353332487106
628.330993652344 16.0531385761124
698.547912597656 9.93391411519753
712.40380859375 13.8377558866001
729.451049804688 12.0757863678479
817.4541015625 10.5680316931915
844.397521972656 10.0294091271552
889.445129394531 18.2063570866681
915.473510742188 10.2683143564587
956.541748046875 12.7859026514596
973.572448730469 33.8965696964396
987.46142578125 62.5391005498293
1042.53259277344 11.1348271250679
1054.55395507813 25.6544940482948
1085.595703125 12.3712547904412
1086.53503417969 18.3444296532454
1088.55676269531 18.0089762311222
1102.61511230469 16.9869790464279
1120.51354980469 34.303726401828
1157.59631347656 11.7120461109534
1199.62707519531 14.4147212201845
1216.66979980469 17.3410890873612
1270.65771484375 11.9039631245047
1288.66613769531 15.1899753512186
1384.73095703125 39.2956963858528
1386.09094238281 29.0612825483204
1402.73291015625 15.2213501408491
1406.04028320313 15.0018212171724
1410.71130371094 16.0044011436157
1412.70446777344 18.8447761187965
1426.72302246094 72.3279193583017
1434.70471191406 22.5798167283077
1437.66003417969 17.0353647308025
1444.71569824219 100
1542.80944824219 18.7786893768461
1544.12744140625 18.1508824712761
1558.7734375 20.3616854510323
1560.8876953125 23.2838488487779
1584.91955566406 31.4176444883507
1595.90112304688 21.6039906116521
1601.23669433594 31.3355119367567
1612.36889648438 38.1807729346252
1618.541015625 20.6306381604909
