2983.6807 80 1
70.0888824462891 1.8601957238346
72.0803527832031 1.03381995226449
73.0999221801758 1.17273171043156
83.0898971557617 .857850195850655
86.1352233886719 2.31197321108226
94.5829849243164 .698396124288494
98.1485443115234 .807325261604004
100.87198638916 31.0708158612116
101.037910461426 8.67581205479529
104.543769836426 .679895122221366
110.097709655762 2.86012243673255
112.108100891113 .94039518328953
175.138717651367 2.74546461664192
225.105712890625 .807607892116457
309.160369873047 1.38263429942549
324.152130126953 .797630073313462
401.331939697266 1.17801966527105
437.251647949219 1.54536222606689
438.222747802734 1.21736803082321
487.264770507813 .812433877675676
495.176483154297 .908514768539497
514.387878417969 5.90034740138842
548.2392578125 1.14032344227378
550.268127441406 1.59277712550264
552.235290527344 2.97279114988049
595.299621582031 1.0107499137554
613.447509765625 10.3773863427852
622.286743164063 1.36423444686149
623.397827148438 1.56913763329598
637.297485351563 1.54331967529919
665.322265625 2.46650119830053
679.382019042969 2.01738793775542
682.457885742188 2.41941099636966
700.477966308594 17.0499114687074
709.322082519531 2.04944464367971
710.46142578125 2.60189063707765
714.32421875 1.80651914938665
818.40625 1.95244502959329
819.5166015625 3.06516623581906
820.536560058594 4.09309687034919
822.516967773438 1.79612060710325
828.982482910156 1.53084833073767
835.908203125 2.26963909898089
837.533874511719 100
847.475952148438 2.51227312601528
915.349060058594 1.56569127676974
921.484558105469 1.54565501437448
948.566467285156 2.23473598656595
966.576782226563 13.5664390781934
976.537414550781 2.23379299225715
1059.45495605469 2.28628456031297
1077.59875488281 1.74063742938723
1094.63586425781 10.9919438335452
1104.58764648438 2.19791962806052
1115.56628417969 1.97955503464947
1207.70812988281 21.090250929031
1217.69323730469 1.88366854965207
1287.69970703125 2.53050886502788
1304.72680664063 13.2661508442912
1321.74633789063 11.4991370969603
1331.697265625 1.94554448205758
1441.76635742188 2.74537650420854
1458.79846191406 13.2626764142001
1468.77941894531 1.93798983678193
1498.82824707031 3.80511424292402
1515.82470703125 58.1785143149556
1537.74438476563 2.44343560239227
1627.8310546875 3.77249169960985
1644.88171386719 6.65249898306776
1684.9375 2.48765522110691
1701.89196777344 9.36149043339415
1741.88720703125 2.98904892670681
1758.89562988281 10.4107366565448
1777.81884765625 3.33388623566498
1871.98132324219 5.88572864333747
2035.01391601563 6.79531361452665
2122.06713867188 7.42335337361498
2147.95703125 3.07051359705575
2223.14184570313 3.64674049100208
2322.18090820313 14.0163282382098
2452.19067382813 4.14259986868753
2638.17456054688 7.58080592088458
2655.21533203125 99.4439815026545
2661.123046875 7.64962695944914
2667.4833984375 7.52974337072961
2753.18383789063 6.39819769672069
2770.08935546875 11.9087631338991
2940.47119140625 6.15210499017082
2966.96435546875 14.4126969421783
2968.63940429688 22.9938645223947
2983.72143554688 18.0542558202294
2985.96215820313 60.567219849734
2987.80493164063 46.2804540644499
2993.72119140625 8.84267055204805
3007.34619140625 7.53340289048688
3009.61059570313 9.59291307010841
