1189.6241 80 1
70.0783767700195 5.36505161715241
102.063659667969 3.17294459243534
112.096504211426 6.67626590370717
129.120651245117 4.19082925187656
154.291641235352 2.46131097949198
157.116424560547 3.3162617166748
158.100051879883 4.09602640921742
175.126373291016 50.146170303726
185.137985229492 3.61386788239406
217.146957397461 4.42632649047192
244.10791015625 6.05647318959291
245.116149902344 3.7051716899724
263.132873535156 3.01160130383105
271.177093505859 5.37332021996702
286.158050537109 4.03842061308156
288.208404541016 8.15959061043668
338.107299804688 3.2520903950438
341.142333984375 3.25107382533809
342.209777832031 6.06050446998837
355.129364013672 4.01455383936589
359.244354248047 13.7808278442578
360.163909912109 29.5750443207521
369.179443359375 3.31510102523998
373.139617919922 12.2251179542126
377.198120117188 3.13316170056691
431.231567382813 6.43930824355543
441.267974853516 4.10825611609364
452.176330566406 3.58194285538622
453.179138183594 3.57619054975982
458.313323974609 100
468.290222167969 4.9276780651244
470.199676513672 3.86480041459388
471.192718505859 4.71844867184127
489.213500976563 4.79388176948287
502.263000488281 3.60627214678049
530.276123046875 8.93828713302812
555.338195800781 3.87146680735149
556.31396484375 8.44371376662171
573.343505859375 9.20243013572649
588.273803710938 4.84194412265235
614.206298828125 3.49278166947926
615.348571777344 3.2683540745022
617.261047363281 3.68258280755345
643.374572753906 3.57697164286703
657.374084472656 3.80445181862705
659.316711425781 4.04023604432683
686.286560058594 4.37940777822136
691.371704101563 3.73395637091019
697.260864257813 3.76441657912334
702.335388183594 4.16155979784994
714.304748535156 4.69356066196291
716.288635253906 3.73186831088967
720.422546386719 3.60700343443337
723.338317871094 3.85059132230111
732.281494140625 6.47339958347779
773.373962402344 3.41406042471665
776.422546386719 3.59026593011214
800.435852050781 9.26472015727712
802.41650390625 3.73879782002944
803.376037597656 3.69127435290187
813.348266601563 3.90283670545754
814.308349609375 3.87426327143776
817.466674804688 61.2789180608419
831.367919921875 10.3346342864998
902.410522460938 5.43353474503516
946.508544921875 5.94137682291283
1043.52136230469 6.23190989620055
1060.53430175781 17.8720350597662
1171.6357421875 5.62274180723967
1175.72607421875 3.74173732897013
1189.91345214844 37.8382040722476
1199.03869628906 4.81333281853937
1200.10473632813 5.89966264603058
1201.15612792969 5.47919091145331
1202.17932128906 8.2255339293672
1202.40441894531 8.99104214713076
1203.05639648438 8.46851921610731
1204.55029296875 6.2197334946214
