1444.8030 80 1
70.0767059326172 2.07095827609852
72.0968170166016 1.81869124412577
112.111541748047 2.51562884494825
129.123504638672 2.2778221913832
154.414108276367 1.55628167361698
158.102157592773 1.92316679624444
175.138336181641 7.87309943465734
217.161026000977 1.85188180041857
226.136520385742 1.81441732454594
239.167495727539 3.09489426052681
244.107727050781 1.99519580016579
245.154373168945 2.00697649142511
256.188323974609 2.23888837711723
288.213806152344 1.89715156312489
301.194610595703 1.90040927317583
303.228393554688 1.92974835772388
354.2333984375 2.29550742889186
359.253021240234 2.65663281313645
360.169067382813 4.54222152855079
368.209045410156 2.08820705742386
373.153564453125 2.01473035938056
385.231719970703 2.6208593371675
402.261474609375 2.69947627499338
431.248443603516 2.1809960488899
458.324676513672 18.7812848441182
468.328674316406 2.17540836598421
471.319091796875 4.7797319192843
482.256958007813 2.6802996702771
485.314819335938 2.12266067231537
499.297698974609 2.98295712051856
511.319549560547 2.43050934174005
512.2783203125 2.25362081962158
526.332824707031 2.24563578645286
528.341003417969 6.44364528081249
530.277160644531 2.64977806139904
538.327392578125 2.26144461944882
555.334777832031 2.1032277422937
556.313293457031 3.08223258150012
573.349792480469 3.81072590944141
583.310485839844 2.36551857145066
594.270812988281 2.330993266777
600.33740234375 3.72805479083158
611.300170898438 3.69692593379111
628.322509765625 9.43969103283813
697.410339355469 2.35456717440699
725.370971679688 2.48916899784259
734.340393066406 2.66543785655669
799.498046875 2.55187377050376
800.450378417969 2.85498399253412
817.4765625 42.9787899720196
844.443969726563 3.04007679220489
845.420043945313 2.67268220517919
872.452026367188 4.16186575851962
889.474304199219 12.3375388130678
915.496337890625 3.40724241140528
928.535278320313 2.93706840855895
946.523376464844 9.63071260496049
970.455261230469 2.90496698760792
987.484069824219 72.5539133200855
1043.5576171875 7.67160346348247
1060.57946777344 10.9275640639999
1086.55444335938 3.41784986229871
1175.638671875 3.20695126804821
1189.62902832031 7.13249014898893
1242.70336914063 5.1596431577314
1270.65612792969 10.0261310299715
1288.65185546875 100
1299.77807617188 6.83367878689172
1345.73083496094 6.01927758787731
1384.66784667969 6.2658194628602
1402.72424316406 10.2570272829491
1412.73522949219 7.61375151225887
1413.79663085938 8.34698933041137
1426.92858886719 7.10511091476131
1427.91821289063 16.7077268383256
1439.00476074219 10.3604014218208
1445.16430664063 30.2953447189057
1456.29260253906 48.4390988675467
