1120.6652 80 1
70.0783081054688 6.00821451685056
110.084609985352 8.532852536949
112.100410461426 2.75921885663089
120.094291687012 1.78101535613929
129.114715576172 1.85951708594509
158.107513427734 2.61985710830821
175.13053894043 59.5597433152979
184.122192382813 2.64225657282316
212.116668701172 14.8197337421637
225.116348266602 5.51158119638508
229.130310058594 2.22140543488073
232.151794433594 5.34057123334871
233.173934936523 2.92028587863691
243.131881713867 1.25821692652817
244.137832641602 1.01327961063553
251.156890869141 1.28183503658351
252.160568237305 2.99997300890571
261.171295166016 4.84441018144813
295.161193847656 11.6922358088394
297.207550048828 4.89766315141054
303.222869873047 1.54617281065785
312.185577392578 39.2354842397724
314.218017578125 1.40493586691945
325.200988769531 19.1691902366506
329.211669921875 1.46128343120408
338.178314208984 1.62799361302744
339.196472167969 1.9418229069175
342.208618164063 1.93518213619709
353.203338623047 2.30682970925566
362.176544189453 2.33700296238797
364.168121337891 1.84044099041855
365.197357177734 1.62662773786636
379.198699951172 2.22437678546678
380.185119628906 3.50665780485061
382.196563720703 14.9608373575026
393.198089599609 2.24531206924365
399.217132568359 37.822743002531
409.209991455078 1.58113925257398
434.265594482422 8.25997889096563
438.281646728516 1.7888392448471
444.249450683594 1.7258467824897
462.254425048828 10.224674938241
472.260498046875 6.34629791347289
476.261108398438 3.64449786797407
480.229949951172 3.39849917358431
488.322265625 1.6435418889284
492.270782470703 1.9188755935622
494.246215820313 2.27909626836998
501.233123779297 4.45516693945674
519.252807617188 44.3507098610061
531.292236328125 2.42306243629198
536.272766113281 40.2019075953506
541.326599121094 1.80509289272644
546.242004394531 2.32660018457695
549.2822265625 9.74819150120616
557.362731933594 3.3741328764857
585.341247558594 9.18184929776944
609.318664550781 2.56576519679127
632.327331542969 7.51196843870653
649.350952148438 34.0659829204964
658.33837890625 4.39083621541741
668.34521484375 3.82474531303992
677.379516601563 2.65383004678278
686.34033203125 4.89920703977641
694.400756835938 10.9986857014275
695.395874023438 8.55106080442716
703.359436035156 4.6367227850588
704.364013671875 6.79811589495327
722.3974609375 16.2336904697587
729.376159667969 3.8152572161857
746.357543945313 22.2344686413705
763.389038085938 3.32284641588056
764.401916503906 2.94304013135577
773.400085449219 3.19627020567131
781.425231933594 4.35260269065916
791.421936035156 4.5124073694032
800.422973632813 3.59223323480369
809.426879882813 17.5672015392836
818.426818847656 3.33254014439144
843.408325195313 41.6973474880008
860.439147949219 32.9701750444868
889.369567871094 2.89006539466995
918.478942871094 11.0502832152196
946.477172851563 20.0548450061313
956.494873046875 4.72730092411447
963.494384765625 6.34121492488042
964.482116699219 14.7672551032868
968.484069824219 4.36892218224051
973.515625 6.91450814664488
1011.4951171875 7.70856304353272
1102.66149902344 6.5842376490331
1103.62158203125 10.0421936905114
1106.59045410156 6.27872334905523
1120.87377929688 100
1122.89233398438 50.8849234424232
1124.89343261719 18.7577863944466
1125.92541503906 18.9001348988223
1126.98583984375 18.8921963791184
1129.01550292969 25.2030738518604
1130.62719726563 16.3295958173218
1131.91650390625 17.2593376519763
1132.75927734375 13.1089163503055
