1120.6627 80 1
70.0809707641602 11.1596465210597
99.9501190185547 8.12862921504839
110.091819763184 10.0793524510461
112.10489654541 9.87992336088107
129.121490478516 10.8497968757869
154.230346679688 8.51396747696288
154.380859375 7.84832795230744
175.135025024414 57.8696501511833
212.12239074707 18.5104215772816
225.1162109375 10.0074222475088
229.143859863281 9.57026771762384
232.15510559082 12.0641325650588
261.176940917969 9.51439792113301
284.197937011719 9.05339491687992
286.218627929688 9.34275581000284
295.16748046875 13.4262898777883
297.208740234375 11.325664771644
298.232177734375 9.73424367206453
303.228912353516 15.3006746393719
312.192718505859 32.0312226726768
325.207122802734 20.1849444073451
339.183532714844 9.83806288366097
365.215698242188 9.8156349905177
366.162689208984 10.6033559980828
380.182556152344 9.8456647149087
382.205383300781 16.1036448793924
393.194946289063 9.8727272634561
399.234130859375 28.8843751737813
434.27099609375 11.9702100937502
462.272003173828 15.6234541380173
465.258697509766 9.93631215672193
472.285003662109 12.2460408115535
480.255004882813 10.1325043144642
494.268585205078 9.90739501337688
501.276031494141 11.0408522294032
502.293640136719 9.76512252159201
519.279235839844 33.3060210535911
529.253784179688 10.1285193606744
532.290466308594 9.58990031133162
536.288696289063 29.9322451183935
549.298950195313 14.050895485171
585.36083984375 14.0674366479678
622.322326660156 9.97488529616172
632.361999511719 12.6894986486206
633.368530273438 10.9642149860239
649.374328613281 25.6236197723666
656.364624023438 10.172727936309
657.379821777344 11.432321335983
658.335021972656 11.5116825200503
662.371398925781 10.0575533061273
686.352416992188 13.1620169326366
694.422424316406 13.8637802480206
696.410461425781 13.6146696446933
704.369873046875 11.4104556677144
722.421813964844 16.2325220008836
744.48095703125 10.5922480639419
746.390625 19.8187928568622
761.423278808594 16.0714616447113
763.414001464844 11.8991455729232
765.380798339844 10.2874210781045
781.472900390625 10.9722804293392
782.371032714844 10.9882240542056
809.462646484375 15.4755935383239
818.455871582031 10.7722939496972
843.446533203125 36.1577955894421
860.487548828125 33.5077403639257
918.538940429688 13.7579061389412
936.464965820313 14.0579539935532
946.532165527344 21.5857667320702
948.5322265625 29.2274926480855
964.543212890625 21.6395521791104
1011.53332519531 32.2089378967546
1087.55029296875 13.9469578795952
1103.681640625 22.0123425840684
1107.77648925781 17.6660014292615
1108.69580078125 18.2726735723726
1111.95874023438 15.8648386550294
1120.9365234375 100
1124.95959472656 33.9886420552857
1126.99694824219 35.4824962589847
1128.06530761719 30.5587204128757
1129.07946777344 33.7627557204454
1130.96264648438 25.4615718228518
1131.48876953125 21.3953648897754
1133.91967773438 15.1008789381471
