1120.6665 80 1
70.0796356201172 9.42160768672385
86.1172256469727 4.08465071872657
110.090217590332 11.1089968483961
112.105178833008 5.97602148135839
120.090919494629 3.92978855033888
129.122299194336 5.6381623672676
158.107757568359 5.85558031640949
175.13313293457 74.4159479703055
184.128158569336 4.59550880586597
212.119079589844 19.9603654738984
225.115051269531 9.44222791991773
229.137252807617 5.57552272369564
233.184753417969 5.06686053542832
235.132583618164 4.67106463032468
244.14338684082 4.02568110810237
252.163040161133 7.2224586403395
261.180541992188 7.54360378593964
277.145660400391 4.13895919037503
286.190368652344 4.10565541392909
295.168884277344 13.1261533424609
297.208526611328 9.3954281111023
303.228576660156 6.76692605211111
312.192901611328 48.2775631509236
325.208221435547 26.6372801478509
334.185363769531 5.00687879861534
338.196472167969 5.18636679332842
339.203399658203 5.94655775066348
342.221221923828 4.6730705853602
353.216186523438 4.89608370922463
358.219390869141 4.79320374505118
362.175811767578 7.31855497385885
365.213623046875 4.67162269925736
366.175262451172 5.81777844337506
379.217071533203 5.31792337575017
380.189239501953 6.76411828140768
382.207672119141 20.4740853524654
393.209411621094 5.60122460799426
399.229583740234 48.4455580187457
409.216094970703 4.72484944946957
434.275299072266 11.9422935289585
443.255401611328 4.95760558123999
462.271636962891 15.1625059265962
472.277252197266 13.3795645595053
476.258972167969 6.18877600435679
480.249877929688 6.77417572042386
494.280914306641 5.38823069477064
501.258972167969 6.6915734588445
519.264587402344 51.2237136027529
528.291564941406 5.73615225786413
529.260559082031 5.45878568138535
531.299011230469 6.05086283817496
536.291015625 49.1480818530377
546.2919921875 5.20449248888881
549.305419921875 15.0727199978308
557.364318847656 6.62989595050893
585.367126464844 13.391303829212
609.324340820313 6.40742684583238
632.354370117188 15.3773263066428
649.381591796875 40.1776169172276
656.389587402344 6.85651637357694
658.378662109375 8.54259291878225
659.377197265625 7.66638374328906
668.369567871094 6.14288278527508
677.405334472656 5.98969308108141
678.39404296875 6.33049523551154
682.415283203125 8.25525690478955
686.36474609375 8.59900623824352
694.432556152344 16.6830102591977
703.406860351563 6.96726582852526
704.384216308594 10.5439875596197
722.438293457031 23.0403006451956
726.409545898438 7.1722034656072
729.390808105469 7.62849169049736
746.403747558594 26.226395905968
761.442687988281 7.86902876697662
763.43212890625 8.59175047081675
764.433166503906 7.49388250150944
773.426330566406 6.32119386880813
781.474853515625 7.65067678208793
800.457946777344 6.94847794344288
809.4775390625 23.7669874266242
818.479370117188 7.6823285699369
843.4619140625 54.9373957312894
860.497314453125 45.422307359658
918.529113769531 15.3988357035304
919.5283203125 14.5042651452851
928.542419433594 8.67609294032083
946.527587890625 31.6818085594757
948.528381347656 20.7421239875296
963.557495117188 9.11684541485337
964.543029785156 28.3268985356968
968.513488769531 14.7023687251095
973.576904296875 11.259931623007
1011.53283691406 84.9204359249387
1080.55432128906 10.0548059415269
1082.58862304688 11.5636470255213
1103.6875 18.1492228927143
1120.92163085938 100
1124.98193359375 35.5379603280166
1126.00036621094 38.6842057203974
1127.05310058594 41.1117419724855
1128.0302734375 33.0441720142537
