1812.1241 80 1
99.9505157470703 25.2654800209757
100.061676025391 24.3503754829173
154.537017822266 25.7005730736566
154.666961669922 24.5148346027461
234.124145507813 26.508834951314
266.139617919922 28.0252753288318
394.234649658203 34.1220068222195
470.075073242188 25.5734307188708
470.228118896484 24.9516918248979
473.443878173828 29.8870538770121
524.294250488281 31.7992519658345
590.349792480469 41.6578679007941
592.368896484375 28.2106874260411
642.429382324219 27.7348211516468
699.416076660156 60.7662315618685
708.377624511719 27.9125164756045
720.466491699219 32.4248391453298
758.452209472656 30.6970519699238
759.451477050781 34.1858495548599
810.409362792969 29.4157518919414
821.482666015625 28.0549589483637
848.502380371094 31.3108899216884
871.535583496094 40.6768994697588
941.511596679688 37.1783301242832
985.582153320313 45.2696410178695
1002.61608886719 30.6199208832713
1054.58459472656 35.9686802272149
1085.68273925781 29.6940833354757
1096.55737304688 30.9150511666464
1113.6357421875 100
1116.67517089844 30.9114298035887
1125.56823730469 32.7787085200769
1210.68676757813 32.5104852273194
1222.69262695313 98.667221879693
1267.66870117188 31.4271414076311
1322.72937011719 30.430595195731
1418.82885742188 72.1488916561841
1437.80224609375 33.7180716803621
1537.88989257813 34.9122485661507
1546.92272949219 62.3807881860049
1665.826171875 34.7243717996885
1684.8486328125 34.682401949575
1826.5419921875 76.3880043767565
1829.61401367188 70.1743730475272
1832.70971679688 41.8683692598107
1835.61267089844 55.214100358701
1838.51892089844 52.5517388857041
1841.791015625 58.0265407386994
1842.57141113281 61.3047152815583
