1940.2277 80 1
99.9532775878906 7.44949531524915
100.053260803223 7.19596571374923
154.571899414063 7.60845097309935
154.742919921875 7.30309366789558
197.134613037109 8.65599991986655
239.158950805664 8.18943399936623
240.150802612305 8.61174600493585
257.192260742188 8.33385552181009
266.162017822266 9.41956574249201
326.224456787109 8.05009496110854
377.236663818359 8.33727952372209
394.231842041016 12.1228151856961
396.262359619141 8.39908531147931
470.520050048828 7.53646562699458
470.704162597656 7.82752528702672
493.294189453125 8.56650938885597
504.861053466797 8.1875201925257
506.856567382813 8.38468500593658
519.256591796875 8.79538153432466
522.326477050781 15.3138173155991
524.298767089844 12.1835407847425
554.333374023438 8.80056124080025
562.30224609375 8.81891834762281
571.330627441406 8.7868162904172
590.347473144531 9.52764880947075
592.362854003906 9.93942910774545
606.384399414063 8.96209441672738
619.388366699219 10.5222885374618
620.364501953125 9.0952056577441
621.360107421875 9.18723020217822
676.35693359375 8.88387663111679
681.39599609375 9.44778912110329
690.460388183594 9.42740002864092
699.4091796875 42.7995326157145
702.647888183594 8.71667962680902
703.397644042969 9.32019342126451
712.403930664063 9.05162712602997
718.441955566406 32.5674110970736
720.436340332031 15.6979708326129
732.467651367188 9.19379622157204
758.418823242188 8.78443732863941
809.448852539063 9.31356851142526
810.441711425781 9.85233199585174
815.507934570313 9.40527618812482
827.49853515625 10.1983202598667
848.46728515625 11.6903327736725
858.556518554688 10.2087717222979
886.530334472656 19.3930863168825
941.536071777344 13.6613376225102
943.5166015625 11.4974538318007
971.625305175781 11.9248268345021
975.469421386719 12.234153674055
977.504272460938 11.3523870345437
999.623046875 28.2231658629129
1009.44885253906 10.5170711623229
1017.60607910156 9.83413246076156
1054.57666015625 14.9543760333416
1113.67102050781 37.3893782773329
1125.60729980469 10.6375026537839
1130.66833496094 13.5793716722654
1205.65979003906 12.7657258923314
1222.69323730469 100
1225.2294921875 14.1659910712323
1241.73779296875 74.176418712213
1255.73400878906 11.4642945319362
1321.76171875 11.5163478497114
1338.77075195313 12.1081679116637
1395.79809570313 13.4268486018538
1413.75708007813 10.1877831144901
1418.82275390625 63.6434434158105
1444.68334960938 12.6435897612201
1452.83923339844 10.7742908338284
1453.85522460938 10.9741161955389
1537.93054199219 10.8443792178823
1546.93713378906 27.5645791563561
1565.91052246094 17.2196012613888
1657.94812011719 14.333476559141
1659.50402832031 13.2190666634749
1664.99658203125 13.9745000339124
1674.99243164063 19.6278119604097
1793.86547851563 13.7859216861911
1811.89855957031 26.0355073096731
1923.28393554688 17.8412923080632
1940.49475097656 20.5816435277087
1942.39404296875 26.1245385217365
1952.76647949219 16.3042983701077
1954.69262695313 23.6429052314155
1956.76684570313 28.526029343443
1957.69799804688 30.3636160312398
1958.75268554688 33.6539997668999
1963.03234863281 66.4200165037555
1965.7294921875 56.5271294169638
1966.48864746094 52.5028046707275
1967.86877441406 50.1327433083689
1970.994140625 40.0699997300589
1971.81567382813 38.5784124477127
1972.63696289063 34.7648905605428
1973.22546386719 34.2437048129898
