1244.7567 80 1
70.083137512207 10.1176741609417
99.9504928588867 8.55304033640908
100.099540710449 8.69235566711974
112.095367431641 15.3595900330363
154.322738647461 8.9465841922565
154.456451416016 8.42437752109796
157.124603271484 10.1677629407075
175.1298828125 46.2691196501604
204.146591186523 9.97298722575175
213.169631958008 10.5265485696086
235.102127075195 9.48642344151902
244.118423461914 10.0607014218217
255.103439331055 9.74471742477338
272.145385742188 16.9004525984099
289.155548095703 12.8249020379091
290.140655517578 12.0953248622282
299.172485351563 9.52837684992744
305.194244384766 13.7061777155628
315.167419433594 10.1484988332099
316.170471191406 12.7519853711098
360.141540527344 10.348345272785
374.212432861328 10.1397004442024
387.16845703125 41.5683992938148
389.220916748047 11.6676830921888
418.257110595703 17.7970497595271
446.244720458984 10.3400655872907
459.198303222656 10.8969011277404
471.166717529297 10.9011522689867
499.1796875 18.7059557868327
504.230407714844 11.7611273709635
515.284545898438 11.8044512067825
516.213989257813 23.9635931487196
517.340881347656 19.6321553256206
532.297119140625 11.6478702091032
545.297668457031 12.3918791167
556.271911621094 11.0333790229451
570.260009765625 13.3720266848582
572.246643066406 10.6341534542911
573.298278808594 13.5111229190236
578.335571289063 10.9455984773767
582.298522949219 11.9062087435795
587.28955078125 12.2419346599813
588.4375 11.0160660998589
598.247314453125 22.7297807874943
615.274597167969 17.4695174492944
617.284484863281 10.8326571518579
630.405334472656 11.6267316089405
634.272888183594 14.0553434627453
651.353210449219 12.4212666938361
674.379821777344 15.2857934796028
679.356628417969 11.1122397774262
683.356201171875 13.2172958357833
684.411010742188 11.9788970853661
699.453002929688 11.1069886203577
700.402954101563 13.9538551426182
703.310913085938 11.1236754396636
711.335510253906 23.861329000884
728.383850097656 18.9698396755541
736.384521484375 11.4750063762345
750.397766113281 13.6154373777395
782.429748535156 11.93643292902
783.406616210938 12.7683242135497
785.4423828125 12.2123103249226
787.448669433594 13.4652593453284
799.444641113281 14.6859462801111
802.436218261719 11.3347358991468
810.417114257813 17.7683530445548
815.432495117188 30.5736776844087
827.464172363281 15.7696038392054
858.515075683594 13.3672450658472
874.462097167969 13.1040437654912
878.452270507813 14.6173934055052
912.548706054688 12.9147994029678
916.477966308594 16.8617057642038
923.504455566406 12.4430522413866
940.547119140625 14.5897277330988
972.545715332031 17.9803245765276
977.600402832031 13.2645245862092
991.558349609375 13.8137520508359
1002.5166015625 12.0019330902508
1015.5380859375 16.3628224533118
1041.57727050781 13.1036421680473
1098.59118652344 15.3711313453144
1099.57580566406 17.6638823383389
1103.57849121094 14.5101204274265
1112.58215332031 23.8983510663532
1114.60192871094 16.0825348046557
1116.57397460938 100
1123.60144042969 13.6810304600905
1168.64770507813 30.7807447632871
1171.69860839844 14.2191503504075
1200.66870117188 14.3899896484599
1207.70520019531 13.5811399377176
1232.98706054688 16.68463947821
1238.46301269531 15.2817052685397
1242.89343261719 13.7983955628409
1244.9853515625 30.8558797627182
1247.01049804688 26.6041109805562
1247.99462890625 29.8520618120965
1248.9873046875 29.41382162457
1251.044921875 25.2996206514364
1252.08996582031 36.0031331983397
1254.16271972656 40.4120825103397
1255.15026855469 62.7404243290048
1257.48266601563 35.5281061121514
1257.93615722656 30.6932238876982
1258.78466796875 28.0610899593931
1259.63415527344 21.2400232470822
1260.13415527344 21.1140619860499
1261.80810546875 19.1169280807205
