1199.7478 80 1
70.0777130126953 10.4013553905479
84.0900421142578 12.1334829997105
99.9525451660156 8.76454818454202
100.060432434082 8.3775913070473
112.101081848145 11.1950834678634
129.109527587891 21.471591677659
143.12434387207 9.98894367437634
154.298751831055 8.93087171748621
154.422256469727 8.50242201080318
171.138168334961 10.6685448963469
175.124389648438 29.3505931513159
232.161743164063 10.6369529474864
244.129318237305 12.0027580991142
257.202911376953 15.4291547263638
268.170837402344 10.4805745054247
283.158569335938 9.76792075490041
300.159332275391 11.6401708624724
301.149383544922 10.2914952615845
347.150726318359 10.9107350463802
368.230499267578 12.6114434704368
371.130828857422 9.92362184558426
385.255828857422 38.3429168873741
388.192443847656 10.4724621133328
389.139465332031 11.3361184003422
467.180541992188 9.04691088324799
467.351654052734 10.0460087334346
496.316558837891 16.1733146148563
500.273193359375 11.6092078128318
513.351989746094 23.7657449038983
516.266540527344 11.3619768438622
528.285034179688 12.2023816418357
624.423522949219 14.3708715050145
628.332214355469 10.3693706039904
641.44873046875 100
645.398803710938 10.4546499907804
651.466796875 10.5886500614781
653.366516113281 17.0872208468081
670.402099609375 15.2522563876242
704.397521972656 10.6145496159199
739.454650878906 13.9967435190541
741.434997558594 10.7079208393409
756.486511230469 11.6254260714725
771.412536621094 10.5436195722155
783.49658203125 11.2661270560184
797.423156738281 12.2373053698845
799.234619140625 10.4609786256552
813.497680664063 12.3925046463009
815.457092285156 19.2445999939613
840.514831542969 46.7068569213131
873.450012207031 10.7916487782496
900.539489746094 26.7659756014249
956.505798339844 11.5487046082322
1182.75341796875 14.3846766178024
1184.32702636719 13.4008805137226
1192.71984863281 13.3255626948115
1193.376953125 13.7870732501157
1197.92578125 19.5874552932592
1199.98889160156 50.3223288770769
1201.59338378906 22.0411016033005
1204.06469726563 14.5377821737027
1206.09130859375 16.6911213570984
1208.13671875 17.8664923989919
1210.166015625 31.2066834038583
1211.52844238281 21.2786555115465
1213.32861328125 18.5963584115155
1215.61755371094 18.517291668071
1216.74816894531 16.4645287234147
