1722.9690 80 1
99.9553451538086 7.39145713806631
154.506134033203 6.83662340885732
154.628982543945 6.39481755741705
175.12565612793 7.23540567905643
197.138320922852 7.43602531794706
248.137649536133 7.28907834558155
249.117080688477 7.68028816189042
266.128479003906 13.7731669690521
283.995971679688 7.30766982442342
284.178009033203 9.4972273625071
341.195617675781 12.6241092295122
344.209075927734 9.64546309208442
348.177551269531 11.8203258324045
362.190490722656 9.56766266890561
365.201995849609 22.3079193829085
440.280822753906 9.97219596789889
443.274658203125 9.49679258287051
445.242706298828 7.93984481935685
469.7490234375 6.86103867297012
469.912658691406 6.58666771616942
516.284790039063 8.98503332673876
517.159912109375 8.43520747985839
543.311767578125 9.88150646469569
544.317749023438 11.7721145510139
561.326354980469 9.05871967902104
571.312133789063 14.332254376145
641.470642089844 10.2738621640988
659.339050292969 10.4146669316561
691.341735839844 9.82610523496798
693.378295898438 8.16444996907787
693.668212890625 8.5308151449681
700.359802246094 25.3552918663135
708.386901855469 11.6148102732246
717.365966796875 8.23069354740777
788.40966796875 11.175019612834
789.377197265625 11.5129773428038
790.420532226563 9.89569435464025
807.452331542969 13.7584668936166
815.382019042969 18.0903654038857
898.393310546875 9.20290140263429
903.465209960938 18.7703446711799
916.436401367188 37.4932214587525
919.417663574219 10.4663438842539
920.463623046875 9.61254323669866
926.456726074219 8.89557502899201
972.439208984375 8.89243908661896
1005.51971435547 12.5895766683877
1015.49969482422 26.9158461646103
1018.49365234375 11.1173165642095
1023.54455566406 13.9235127621143
1136.60217285156 9.95762155131787
1152.60998535156 12.6962801360091
1162.57934570313 26.3228519774884
1262.59631347656 9.18197618754654
1283.64074707031 13.29443136252
1340.71618652344 11.1125965663165
1358.70886230469 100
1366.63549804688 11.7343696469328
1382.71423339844 18.396740791317
1439.7294921875 16.1975489888584
1457.78100585938 28.8958286085604
1576.70129394531 15.5032888440672
1594.7060546875 15.306135630337
1662.70251464844 14.7168529031418
1688.79479980469 23.0317510772482
1705.42980957031 20.7875482731055
1706.04345703125 38.1624885600179
1707.90100097656 41.9071189058471
1711.34008789063 22.8405005625496
1714.7421875 17.0915861042619
1720.23791503906 15.7384081214625
1723.33972167969 27.5135761826408
1725.22802734375 23.0223397316812
1737.50170898438 16.6103805472855
1739.53369140625 39.6943534339248
