2495.3933 80 1
84.3149108886719 69.6598763213425
99.9506225585938 5.80750899914209
110.082176208496 8.37782475906966
154.682235717773 5.8320498323284
154.856323242188 5.77151734442111
175.138778686523 10.1396054137399
209.124282836914 7.54856018386005
322.201873779297 7.2292774218684
391.200439453125 7.56101036175713
471.965179443359 5.95702285595458
504.288482666016 7.40283598125811
558.255737304688 7.17385333192295
587.351928710938 7.15973410076447
605.33349609375 7.89802335973947
657.33935546875 7.28419701528842
704.386901855469 13.1772387196398
773.418701171875 7.8831987441654
777.373474121094 9.12833302131642
794.388732910156 10.2403187625079
817.465148925781 17.208061754509
900.500671386719 8.8367704584185
907.446105957031 8.54297408995647
918.521240234375 21.9585819111826
988.548950195313 8.66806571897905
998.551513671875 7.73623522106868
1015.53106689453 16.520577011187
1027.50439453125 8.07381328904676
1032.56323242188 32.2131841521435
1044.51782226563 10.1240791201689
1112.55041503906 7.94928355308965
1115.59375 8.31054733052547
1129.57763671875 17.0510951369975
1146.60522460938 11.8710976388936
1147.60571289063 11.9568874636587
1293.64135742188 11.474827266913
1380.70544433594 12.6175733176625
1414.72058105469 8.79417650722933
1451.75219726563 15.0410797415087
1588.81140136719 16.2234899783608
1701.9169921875 11.1754447960756
1838.95812988281 10.9769675605938
1909.99291992188 10.4557159049684
2023.22351074219 11.0815652360941
2048.109375 11.5859143519595
2066.11474609375 100
2072.048828125 10.9443167657352
2164.146484375 10.8147420645238
2321.03247070313 17.0483345963961
2477.51635742188 21.0016036805084
2478.62890625 48.4788188637545
2479.51342773438 66.2401125246672
2495.78344726563 49.8398818676697
