932.5267 80 1
99.9493713378906 2.08704792827327
110.082710266113 5.64248921376163
154.131301879883 2.12618103867545
154.262817382813 1.99262008914699
156.092071533203 2.45739102399881
223.163864135742 8.11241896346453
227.186752319336 2.39070147987755
251.158279418945 15.7482259179921
253.123458862305 2.79186891611794
266.177062988281 3.99702891240306
284.181488037109 16.9164355016601
346.237976074219 3.43840434822355
346.879608154297 2.60949260480587
364.241546630859 7.27706086755279
381.215270996094 3.99903780120617
399.208709716797 13.283286181081
421.269622802734 8.64115224785574
423.204956054688 2.78560108320367
441.211547851563 2.94679250738652
506.361663818359 9.08016804939435
508.32275390625 4.31664676061962
512.295837402344 11.8715404604474
534.352478027344 21.6504246434052
536.311279296875 7.37444108394241
551.320129394531 5.04704806625755
554.31201171875 4.65869075862772
569.317749023438 54.0643194402337
649.380004882813 97.9138876689291
650.941528320313 3.98880678530682
664.393676757813 6.96391755489431
664.966247558594 3.83706860497949
667.390625 3.52640483829321
668.388854980469 3.37904960755872
673.397155761719 2.95150817818084
682.402893066406 100
758.450805664063 13.6494167139664
759.42138671875 8.61861449313069
786.445373535156 34.552601395691
795.484558105469 22.3653146347926
804.444458007813 40.6002698243328
914.588623046875 3.47741687537326
932.852355957031 4.85482700806924
933.7861328125 5.23844827257562
938.878234863281 4.11256135718762
939.979309082031 5.22013362920891
940.966552734375 7.17598689827008
942.043579101563 14.1738471691897
943.689270019531 7.98420373725724
943.913024902344 7.26836953270219
944.338989257813 6.04025193456121
945.856811523438 4.7506277785562
946.154479980469 4.74897592891266
946.726013183594 4.7137904202873
