1901.0048 80 1
99.9521255493164 11.894483874742
100.082244873047 11.7369575732257
112.088912963867 12.9888015417753
129.115585327148 13.0624717002546
154.55403137207 11.8078221399992
154.684432983398 11.686393840329
175.1025390625 13.4185536772552
430.224426269531 27.2909421236898
470.389038085938 12.0842997584909
470.553924560547 11.5753839450683
527.259094238281 25.3752424101027
544.258728027344 28.1551144769105
558.306640625 14.5858845084415
624.231567382813 13.5192111583433
641.277770996094 22.7792383815754
658.323120117188 17.817721471915
672.358581542969 13.8602484797728
743.402038574219 13.9934917162254
757.376342773438 20.2058508850065
856.413024902344 20.3539705578495
943.487854003906 20.1757119134148
1030.49267578125 19.2660635627269
1141.6015625 16.3169612106971
1144.58422851563 16.8813562467423
1158.5966796875 100
1168.56945800781 14.1854356173477
1244.65075683594 14.4920844196147
1256.62805175781 15.8881723089826
1257.59020996094 17.2547554041217
1273.67041015625 14.8983422411355
1286.67846679688 18.5006372106769
1330.646484375 33.3892328056465
1358.7294921875 15.1721630255744
1459.74829101563 16.2633914547305
1471.7646484375 18.3379191552219
1772.86865234375 16.2162359498061
1773.75769042969 18.5624049673478
1884.02966308594 20.6104260673301
1886.6796875 21.1805978216189
1888.26501464844 19.1303692922829
1901.42810058594 51.3721334333152
1903.32141113281 46.3802364080781
1913.43908691406 18.1937750026942
1916.61730957031 19.2076333461812
1923.74914550781 33.5751964254212
1926.2392578125 28.485666061519
