889.4990 80 1
99.9525680541992 50.9360437260195
100.068855285645 49.6712122567156
154.1044921875 52.2939836234331
154.232391357422 48.9859098968118
240.173721313477 54.4504458791588
251.156768798828 53.8461476376722
285.238555908203 54.6405403952452
448.203826904297 55.5036336384104
464.722686767578 51.4660185183765
464.949493408203 50.2054036028561
512.866882324219 56.1050428092579
525.348022460938 56.5306721646913
534.365234375 57.0062678608242
549.24755859375 75.1499917720124
572.340576171875 59.2553016653497
593.256958007813 59.4491008270403
638.417785644531 66.1358077773728
639.413757324219 63.6121575303067
648.325073242188 74.7946329620138
692.243408203125 58.8757146157919
696.953308105469 59.2031913747146
698.952514648438 59.9643141138507
705.1201171875 61.0029561894711
736.398071289063 65.9352057662194
761.419372558594 66.1541883132183
786.437805175781 63.4440554457559
849.330017089844 60.2527467262759
855.439575195313 69.9837680515858
863.138916015625 65.3140274862943
873.444152832031 60.6980158760028
875.983276367188 59.5666149681024
877.981384277344 61.5537069625684
879.406005859375 61.3887128919634
880.223571777344 59.1792993535937
882.671691894531 61.640806266441
883.834716796875 60.8794070612151
894.911987304688 64.1383376026238
896.521789550781 92.7953079673496
896.923889160156 100
898.562622070313 95.8264072632315
899.102478027344 78.812384439404
899.428344726563 78.8507169086768
901.107604980469 69.6586778192968
903.24609375 68.334340145541
938.420837402344 52.1046730224853
