1549.8562 80 1
70.0876312255859 6.90138018529135
99.9502792358398 5.66562235657767
112.098342895508 15.7472629699355
129.125213623047 9.78838400428918
154.452285766602 5.69433231686247
154.610992431641 5.50940565399
158.105407714844 8.45750097673761
159.105819702148 7.36209728971408
175.131912231445 38.5180184941095
243.126815795898 6.77065639913045
244.136566162109 7.95507013490054
273.117645263672 6.85886439120019
283.109680175781 7.89578726186274
287.134338378906 6.52834123312203
300.149169921875 9.84262752097136
305.171722412109 8.29392175059659
315.162414550781 8.56255114555503
322.188262939453 9.38833386287587
326.177642822266 7.33483790274434
354.148956298828 13.4518509465493
356.192932128906 7.60213844160643
362.195281982422 7.7764152025548
371.182220458984 15.7019184920047
379.214080810547 14.6943034249851
413.189178466797 7.11619850933966
416.196868896484 8.21387600778614
428.245666503906 7.55045412826051
449.215454101563 8.88558114436385
456.291900634766 7.82227188600046
457.290161132813 7.56493878132659
466.243072509766 12.5012437249858
467.237670898438 14.6745826005437
469.230712890625 8.91764922291836
484.257232666016 11.2944640195551
496.273468017578 7.36634411596952
506.240753173828 10.0785963653848
514.311645507813 7.33882447103339
523.26611328125 13.7435640475072
524.253540039063 19.3742816353125
538.265686035156 7.29817659539187
541.275085449219 9.90049154216742
544.25 7.30919053415994
557.340576171875 7.70513877489878
563.270080566406 14.2111041063972
580.288696289063 20.3106241258454
634.302001953125 11.6232156397622
651.321655273438 20.4502395524588
652.847473144531 7.58231870292229
682.3291015625 8.3424957380123
699.377868652344 8.42440564944967
710.345031738281 12.5400918884127
727.345275878906 9.29137601419124
734.392211914063 7.51576056571942
735.341613769531 11.6674639532987
752.380065917969 16.4980111264578
780.406188964844 7.57129017024957
781.384521484375 11.3043351745112
798.380554199219 10.3496015264057
806.380432128906 10.9634138593642
823.403869628906 12.9978414642084
877.431640625 7.27233991143316
992.456909179688 7.8540038993616
996.482849121094 7.6413504391841
1009.49505615234 12.2364790797512
1037.54772949219 9.33094860282984
1049.48559570313 10.2503548670072
1066.50939941406 13.0943400102825
1179.62536621094 10.3060512879753
1250.65246582031 17.9580854788346
1347.67272949219 10.5768553774209
1364.67907714844 10.062920484851
1437.69006347656 8.93949264971506
1449.94348144531 10.1181393608278
1506.751953125 12.6724906291727
1531.92004394531 14.6850411601622
1533.64086914063 22.3771437270322
1535.19506835938 18.2437915664809
1535.81433105469 16.8442389474928
1536.98510742188 13.8923805256212
1546.05749511719 13.6411407815282
1548.17138671875 13.6719813505465
1550.14562988281 100
1554.2802734375 25.5624466531977
1555.17016601563 21.5503917312104
1555.40832519531 18.6745784980349
1562.42504882813 20.5689419136974
1564.57958984375 26.3886838084941
1567.29431152344 19.9666676839159
1567.80639648438 18.3500578940198
1571.29260253906 12.4049304404236
