1481.8708 80 1
99.9533996582031 27.4098481041813
100.066436767578 27.0366641160694
110.10179901123 28.6195096303418
154.428527832031 28.4382660550947
154.568939208984 28.3136033115989
175.133499145508 29.978729962798
433.228607177734 30.2994847487181
468.744537353516 28.1512006924641
468.910217285156 27.3012319109381
487.362670898438 29.4218493049348
529.176147460938 28.8959252506291
546.097351074219 28.809019978809
546.279174804688 31.4500342015197
563.250427246094 31.01913935384
599.923522949219 28.0038465660393
624.406982421875 42.4291624454293
672.361633300781 36.4497932393254
681.414428710938 58.9663574753232
700.328735351563 31.7114849102705
727.455200195313 34.3048477722372
771.654479980469 29.4008675839667
773.396545410156 30.8208485831454
780.646606445313 29.244841199186
782.474182128906 68.3995305543064
787.656433105469 30.1737419190979
788.567626953125 30.4390249410983
801.37646484375 33.9872450057428
841.189147949219 29.4612711546538
858.403747558594 36.9731459434108
901.545593261719 31.5533239709998
919.545837402344 69.1176620672076
922.722229003906 30.4322318359375
968.490295410156 37.4053159862083
995.469116210938 48.7458010940305
999.446716308594 31.5238785564617
1013.64221191406 29.6715013536631
1056.47778320313 35.6194166094123
1056.60693359375 36.2964541315939
1057.63000488281 37.6826481529865
1108.55847167969 44.6754662582233
1113.23449707031 30.7121035248111
1165.59375 32.5862811818069
1166.61218261719 32.196084414025
1219.68298339844 39.6695367044317
1221.63549804688 34.3120015961468
1222.61010742188 34.689145210008
1224.56640625 31.6160709197281
1315.83776855469 39.7379180075623
1335.62915039063 37.354593858325
1354.58923339844 31.9309607914142
1456.80078125 36.8569417181801
1481.71264648438 36.1423765078587
1481.94519042969 38.6083321621618
1483.07421875 43.7812367169332
1484.19165039063 42.3675566514229
1485.94604492188 34.7707090496809
1490.1162109375 34.0397624468825
1493.41186523438 36.3996983583912
1496.29357910156 37.3866983445007
1497.02307128906 38.4419838906008
1498.57922363281 98.4395068861882
1499.9248046875 93.9088100518828
1502.60827636719 100
1503.3271484375 92.522663643295
1504.17370605469 99.316451944303
1505.63977050781 75.1792378858482
1563.125 28.6673364339206
