1025.51 80 1
102.045 2.876
112.079 9.409
120.074 6.797
129.102 3.843
157.1 3.408
158.085 5.088
175.11 56.504
200.131 12.255
228.125 24.696
246.146 58.294
249.117 1.745
267.144 2.198
277.108 9.549
295.133 3.857
340.143 5.579
348.142 2.497
357.169 48.327
375.191 6.75
406.162 1.894
424.172 7.67
487.217 4.592
504.234 19.266
505.231 17.237
522.257 7.783
553.224 2.788
624.267 2.588
651.311 3.567
652.297 7.852
669.322 34.358
780.341 3.669
798.356 2.561
911.397 2.748
1008.783 6.14
1026.286 100
1028.439 5.012
