1407.74 80 1
84.077 9.436
112.081 12.196
129.098 17.13
175.111 30.992
186.118 11.602
244.086 4.919
276.157 7.619
285.153 6.341
316.158 4.591
333.183 13.487
360.214 15.369
446.268 15.892
459.277 21.558
533.293 11.392
558.247 9.874
570.314 9.519
587.336 75.213
590.317 16.799
671.327 24.345
702.354 23.647
737.383 12.162
759.378 69.776
872.462 29.172
955.45 17.313
959.484 26.439
1016.5 40.12
1035.576 43.538
1054.518 18.712
1129.586 15.953
1164.612 100
1243.569 19.492
1267.544 13.353
1408.649 75.674
1415.094 29.652
