1698.0653 80 1
70.0774459838867 9.23848070797064
84.0930252075195 10.2514865496167
86.1209411621094 9.29729630050497
99.9477005004883 7.75453825700008
100.085098266602 7.6017758187486
112.105430603027 17.2766337924559
129.129638671875 14.4262662751266
154.500854492188 8.12439666375825
154.632843017578 7.50007974338578
158.124404907227 8.85069056110769
175.132232666016 28.4187196712092
215.151626586914 8.66765747823504
228.150756835938 8.87690702984463
232.153198242188 53.4542730382518
243.14241027832 8.45546628172762
273.119262695313 8.82466514423253
288.142028808594 8.50308637360529
298.226623535156 11.9340944174978
301.148468017578 9.18137544492933
341.239135742188 9.44794484681628
344.154479980469 9.34481588249015
361.190795898438 15.769327083224
412.277893066406 11.8600726196433
427.260437011719 9.20849968689646
459.194030761719 9.97224570221915
469.663665771484 8.48750872470169
470.227508544922 9.34402689367837
474.270324707031 21.041196651398
486.324615478516 9.67856631803302
487.230682373047 9.51671701021668
515.248962402344 10.1509320783496
525.367492675781 10.1215937114366
527.289916992188 10.1644837468582
556.194030761719 9.74338813808276
573.2724609375 10.510072752549
587.346130371094 23.7082850719717
598.329162597656 10.5244448365161
642.305725097656 9.7292255189467
658.391296386719 30.23343547132
669.301940917969 13.0620806688521
669.465148925781 9.68037286567382
686.316223144531 12.7233246745307
699.365539550781 9.56252820091612
700.358642578125 10.9433407184569
766.379577636719 12.8257018913138
767.513366699219 10.7936482621147
771.478515625 27.9027954708415
814.420532226563 19.8828198634572
870.416625976563 10.7956158194043
882.492309570313 10.6898013304298
884.572387695313 24.0301066722841
899.493103027344 17.4193921737626
901.486022949219 10.2618731256151
903.437683105469 34.0273023632174
910.481384277344 10.530117692377
923.426086425781 9.95928767891592
927.523376464844 19.0219634327844
981.59326171875 19.0551737840961
995.590270996094 10.5046903508953
998.604797363281 45.2106820252428
1012.57189941406 12.5547352508516
1040.57958984375 14.9917825548496
1094.56591796875 10.3899379574308
1111.62902832031 16.5079069997193
1127.66296386719 11.0121451391644
1184.65844726563 19.9159704072295
1224.740234375 13.8243953180886
1267.80383300781 9.62004048748904
1285.7421875 18.4471875061607
1382.74353027344 15.289986268632
1399.76330566406 11.8968077393614
1456.79479980469 16.0116893835637
1466.82946777344 13.0277860290031
1634.85620117188 14.6611930585155
1635.75463867188 17.8596354708326
1654.89318847656 15.7238462184247
1698.35205078125 90.4610275245372
1702.22741699219 25.9235712809512
1710.6162109375 43.5699319589561
1712.59790039063 100
1714.41857910156 62.6652022679905
