1564.9633 80 1
70.0823669433594 1.25744312524399
84.0963668823242 1.4111333803705
112.100189208984 1.51843158722556
129.116226196289 1.28104879378442
175.131301879883 2.28289134135613
185.113861083984 1.49649903276121
217.143646240234 1.13250578396363
243.187301635742 1.17575353730406
245.147491455078 1.77304662835118
262.16259765625 8.37911595977175
268.191131591797 2.73247197185275
285.216033935547 2.33414048929708
292.134948730469 1.30646342417675
303.228454589844 1.09671101123267
327.209411621094 1.19080201065319
360.143951416016 1.14382468105083
377.184600830078 1.3173803260936
391.212799072266 1.32439099711301
408.206176757813 1.74285388566214
448.223785400391 1.62576308302326
524.298461914063 1.1801381572274
529.314147949219 1.37010449592134
536.262145996094 2.84367988951443
547.305236816406 2.12525119232063
607.339233398438 1.54597743219271
635.33740234375 2.62459084737869
646.357543945313 1.96733081210717
647.36962890625 1.7139453607823
664.408935546875 1.38815800217515
692.394775390625 1.71935701352796
734.402770996094 1.67467320671783
745.430297851563 2.43003949851887
793.457092285156 1.32349088248822
803.429809570313 1.41672510200218
820.44873046875 2.11782322766216
873.496215820313 3.06138169539716
891.532653808594 2.29176064500676
902.510192871094 1.50756954312249
919.511840820313 1.88754312585803
990.600524902344 1.84695917734547
1001.59326171875 1.65498388050909
1018.59680175781 2.59042450800295
1036.57202148438 3.03710230330541
1089.66125488281 2.24453092349998
1117.66516113281 2.40685739401992
1160.71887207031 2.03655598907841
1188.71765136719 2.58015437675585
1205.73791503906 7.20653081412841
1206.72729492188 7.70770917441316
1231.78796386719 2.63346369659718
1280.69799804688 9.99344970783497
1303.74584960938 62.680521996464
1321.75561523438 3.72031891558193
1363.75329589844 2.68530318158616
1372.73901367188 2.57997315884321
1390.74072265625 8.23669870632629
1408.73181152344 100
1423.82946777344 3.99240461100102
1504.77355957031 4.10929633657064
1510.76586914063 7.30359086550573
1522.80871582031 8.53875219785155
1548.00830078125 12.3512634940964
1565.23278808594 16.8477636798238
1577.39392089844 6.46184705564306
1579.69763183594 10.0678715710859
