1232.5308 80 1
110.079055786133 4.72045018890144
112.09455871582 1.41584014145159
129.115203857422 .729476283396555
136.083984375 .862721501187857
158.099426269531 .603209808634592
175.121704101563 6.00400687756422
223.157852172852 1.06613119437364
247.130096435547 2.9550402586731
251.153137207031 1.72013350502137
258.09912109375 4.01196212277404
275.125274658203 18.4125365665411
279.145568847656 1.55685111832247
321.153045654297 2.38737970672202
336.136138916016 .643709942313535
338.178466796875 3.35359950778976
352.199615478516 1.01618047583426
370.195281982422 4.14462930719416
370.823669433594 2.12402317755271
380.188720703125 1.86990553671631
388.206481933594 11.402044093409
423.232269287109 .744254790353514
471.238983154297 1.49155569575783
471.853546142578 .670907314046395
480.197296142578 .882725081924513
484.213104248047 .844045352009483
489.251708984375 3.05763484701943
501.235504150391 3.77241943391243
508.200164794922 .799869882803168
516.251342773438 .694220073300092
523.227722167969 .72599631226055
532.291809082031 .911348074214362
538.254089355469 1.48715667820969
540.251770019531 .723384380264633
541.237121582031 1.2333145747333
541.810791015625 .826626826360007
542.26806640625 1.70555801354659
542.848999023438 .920983936451144
556.244018554688 1.22304435859578
558.261901855469 100
568.244323730469 .77825331152714
577.300109863281 .807363864674207
593.290832519531 .931402531435196
595.281311035156 .69605139785174
638.248413085938 1.01304915248154
655.271118164063 1.9058820773942
656.264404296875 5.51161275434954
673.288269042969 8.03837270929725
675.316650390625 8.78908122744459
683.285217285156 .835245518579877
732.336608886719 2.14505426054856
744.328918457031 6.45793118540656
758.356750488281 .724285770313372
803.347900390625 .74436860850353
827.353881835938 .724317453676592
828.366638183594 .891911393530849
845.376281738281 5.74859103626006
867.414123535156 2.48983255370658
868.390197753906 1.92640576882098
895.408447265625 3.82144216341857
913.417846679688 .854702961838874
941.442077636719 .939214916392954
958.464660644531 5.27421428368698
968.440979003906 .871112393622846
1030.48059082031 1.83554183944143
1031.44812011719 1.96387731302464
1058.47058105469 7.61276865250633
1076.47143554688 7.23869129182494
1078.47509765625 4.23298717736427
1095.48999023438 5.26839242482423
1188.48657226563 2.02089000472862
1215.67175292969 2.38319406959531
1232.8720703125 15.0120164173994
1240.97814941406 1.96625153805399
1243.1044921875 3.64699837198782
1245.26708984375 22.2074875146721
1246.05200195313 19.9861265713099
1250.04528808594 7.32645090554838
1251.57800292969 5.09776191743419
1252.57934570313 3.36070148569627
