1543.7157 80 1
99.9196319580078 5.10064886681573
154.44792175293 4.93309193305717
225.105178833008 7.84398620292438
262.154724121094 6.48632963738601
340.141967773438 9.83470663380618
361.229431152344 6.79327704105287
411.174682617188 20.9235490198897
448.245788574219 13.2788139399516
472.239959716797 7.23415403367947
496.256439208984 9.72580149537307
524.255554199219 36.0938804014725
561.332336425781 9.74140870544342
571.325744628906 6.67028720410889
607.28857421875 13.0594307009759
607.889953613281 8.38522811180987
625.306518554688 26.5962530556412
648.367492675781 27.2425637101669
651.320373535156 6.98685482370067
668.342346191406 8.68297532971233
669.349182128906 7.25108723281799
678.332763671875 27.1097125505998
678.951171875 14.0679098193212
696.345581054688 54.4300581029207
731.423400878906 7.23262663350081
749.414245605469 100
767.416870117188 12.0324303644355
777.417358398438 8.54157475736688
795.413146972656 89.5672337741293
848.482482910156 61.4737972905661
878.449584960938 15.0272227256935
879.049133300781 11.5523085147028
896.461547851563 40.4057082270893
919.519470214844 56.7222960503665
948.058227539063 9.63283325548827
965.48876953125 16.2136593151168
967.0712890625 9.78556975354836
983.497009277344 23.3167948347898
1020.57153320313 52.4576297117665
1068.61865234375 9.28892671750215
1078.58044433594 29.2578492569166
1079.15014648438 19.2983256158592
1096.58605957031 31.671864663748
1133.67224121094 20.0328386931972
1165.61328125 12.0668900455371
1166.23388671875 10.5677241847625
1183.62365722656 29.0407468521086
1204.70642089844 37.7684213691259
1264.69506835938 22.0324826139974
1282.67456054688 16.4007796229087
1319.74230957031 26.665320640778
1397.64868164063 27.1908331241135
1415.6279296875 8.82733117012847
1507.99108886719 7.83894818753544
1525.90124511719 8.6571178584763
1544.15295410156 25.3367026687527
1546.42663574219 15.3799135257236
1554.10388183594 8.59460806266118
1558.33044433594 13.4963997314247
1559.43811035156 11.7072038269957
