1699.8129 80 1
175.123458862305 4.86267259508936
303.213165283203 36.2492555674733
353.196716308594 3.76938120555241
381.199432373047 8.10564482172758
398.228881835938 8.00153850647376
401.207122802734 3.74568615970403
411.137817382813 3.84639595671979
418.231262207031 3.9013112251862
424.2353515625 3.77272357108275
448.230285644531 3.76820947903581
479.191528320313 7.04810996888308
496.214508056641 100
499.20556640625 4.14131527071709
508.211517333984 3.78309273587337
524.251831054688 4.92518229538191
550.213745117188 4.68022608181587
567.265075683594 5.95650572745142
604.319519042969 4.05309932321586
625.2763671875 4.19424199134635
648.382080078125 3.60868994930189
663.317321777344 4.27922582046325
678.283081054688 3.78237796328093
680.332580566406 7.14839042769813
696.325439453125 4.15309855472205
746.355163574219 3.77621059553951
749.39111328125 5.84303854493513
781.399963378906 4.68382195105768
795.400512695313 5.33821168540266
804.470947265625 3.64190195597466
835.403747558594 4.21069211686865
848.416931152344 3.84044293445696
852.414489746094 5.25616256627326
906.449462890625 4.00347559413622
919.484191894531 4.00308012834632
934.466613769531 3.83235767629583
951.486572265625 5.26697757397431
1020.52856445313 5.15470736047185
1075.58947753906 4.21594794998798
1096.53686523438 4.34416322332036
1204.65393066406 8.1680746953195
1360.78393554688 13.7998182203633
1397.70715332031 6.97464912400271
1455.79614257813 5.73981442259723
1456.76196289063 7.42582445803895
1543.67492675781 6.84367184682839
1553.69653320313 50.3190731476265
1571.68151855469 37.3701708788908
1683.01452636719 10.7180290471759
1700.25244140625 42.3805968716624
1716.45727539063 11.4051967035404
