1041.5452 80 1
99.9517364501953 16.3863394766292
101.076721191406 27.913497009437
112.099182128906 26.0018241922911
129.109664916992 30.2599956986916
154.212188720703 16.6441761541427
171.117797851563 21.8058567668658
175.117034912109 37.5401383797955
226.116775512695 26.0707211776965
240.114318847656 20.9601750622721
243.13916015625 45.3934070041235
257.130462646484 33.8246070756958
299.176361083984 50.1877305613403
316.207702636719 24.2109284034592
337.152069091797 26.3350041717902
345.214965820313 19.6615080760548
353.197021484375 24.3049583027768
353.817047119141 21.1708365930546
354.174530029297 30.6764699928232
354.677917480469 20.3350908482698
356.192657470703 40.4700782071903
371.195281982422 37.1996240273351
373.218414306641 80.6048132642251
427.233062744141 28.00301146007
448.188934326172 22.0204902326995
465.226928710938 22.5252980767535
466.074737548828 17.3965775864827
466.247955322266 22.7410444190632
481.258758544922 24.0846366504562
482.260803222656 20.301151176841
484.285949707031 49.107282598356
499.274017333984 19.7929489234866
501.314697265625 83.605204430783
541.26025390625 22.0708519746945
551.277954101563 33.6878457127645
553.277893066406 21.9349844502042
581.3056640625 22.801359467047
598.33251953125 51.7979458204931
615.352111816406 34.9321967082365
652.348754882813 22.2429757359188
726.371948242188 24.1463910912415
743.430114746094 28.9659856515666
766.417602539063 23.3131921737955
867.486145019531 24.2420379266126
871.500732421875 26.3087713060065
879.531372070313 27.0176212425862
881.5341796875 21.8557409787349
885.479919433594 28.9451566309697
997.500061035156 26.7435420784854
1024.658203125 25.7930061182629
1025.55126953125 26.3996544042372
1041.83740234375 100
1044.98767089844 35.324593824575
1046.86596679688 29.4899729285315
1049.93566894531 40.2120173898241
1051.04113769531 38.4990732922489
1055.71923828125 26.3520632893124
