1569.7776 80 1
110.094100952148 4.07658714735279
195.10466003418 2.71457722593877
213.165512084961 2.74827307789055
248.185775756836 3.08652667327737
257.161041259766 2.80475130923706
285.146850585938 3.60190628233811
296.150970458984 3.53585502941437
325.199981689453 3.32619956849839
342.165222167969 4.60874072572607
353.169586181641 3.99180858510478
443.22314453125 3.57879158551326
448.205627441406 4.49367949929925
450.270874023438 6.57737774040013
500.234741210938 5.10375154724361
505.221435546875 3.92968082743178
511.235961914063 3.65480421375589
570.274475097656 4.34676676532247
571.277282714844 4.9113090717548
588.294738769531 3.76339955190644
598.28955078125 5.92613612204552
606.281799316406 4.90530048831975
613.33056640625 19.8383908960515
616.346008300781 3.97308560960198
663.313659667969 5.14879486063415
673.356872558594 5.89735261338865
707.330322265625 3.97942807064287
742.379821777344 4.59010962723838
745.337219238281 5.45582600265699
760.401550292969 74.6094568117148
764.361694335938 5.23968913838387
770.380493164063 5.00678003832679
782.434143066406 32.4490940316109
810.427001953125 81.5346622091961
897.463806152344 64.3902676543175
908.400512695313 5.43265132574303
929.505737304688 31.3687444546154
936.454040527344 5.84160649450259
954.487548828125 62.2788756006295
957.500244140625 100
1055.54174804688 26.7001983794642
1092.58227539063 14.5997042572494
1093.55407714844 15.1082969285396
1112.56652832031 60.5046520834476
1120.57434082031 76.2545442371671
1177.6171875 6.66129335211757
1183.60693359375 28.7444661260332
1193.63806152344 6.96759675883963
1203.61840820313 13.456738587578
1204.19104003906 12.3254860238626
1221.6298828125 42.1477801362088
1270.6396484375 28.0687235080428
1278.65576171875 6.17265706191978
1295.63317871094 6.18455981590315
1304.67407226563 11.3366057360492
1305.24133300781 10.8281711625661
1322.68103027344 25.3427137477498
1357.66247558594 52.7402652592744
1379.66625976563 6.25146743194881
1395.71240234375 5.67583036920747
1405.66284179688 9.79463517835416
1406.22143554688 8.71792947844837
1423.64367675781 14.1377355307153
1441.626953125 14.8523587679699
1456.61145019531 6.04676856264491
1552.90905761719 8.45521079416384
1570.18029785156 14.9641869635821
1582.35986328125 8.78736145882228
1584.41613769531 13.9348787088879
1585.568359375 12.3630885124996
