1810.9705 80 1
99.9532089233398 31.9880572979374
100.062622070313 30.6994837237379
154.529998779297 32.7515517074199
154.661392211914 31.2082707180809
201.981887817383 33.6611516884678
310.181640625 33.3185346166927
470.075378417969 32.6497114387989
470.224029541016 31.1598062601602
511.238067626953 35.0545009799291
541.3125 34.4569859614507
599.925598144531 32.6728759449447
633.357177734375 34.7063240593893
654.390258789063 34.1650979185322
690.365295410156 36.2933900055314
712.355529785156 34.4005197517415
760.369812011719 41.6064533362031
774.11865234375 35.2209090669518
787.805053710938 34.5219153307114
810.398681640625 35.9621084140208
810.600646972656 35.2544753339215
897.447814941406 58.2364591283626
905.421142578125 35.9922152705493
954.473449707031 54.032201119793
968.963562011719 34.9548627282063
1023.58276367188 39.9833057621152
1051.60119628906 51.2423048203843
1055.50219726563 41.0298439918374
1065.5302734375 37.2062898555302
1068.50708007813 36.2960517085218
1112.49487304688 64.6698492018426
1170.6494140625 38.5641176359321
1181.57312011719 36.1328126434726
1183.56872558594 47.7372081240088
1198.6826171875 53.5809695788582
1199.64868164063 53.9882916288052
1270.62585449219 45.4300384625838
1357.60986328125 50.6227329039471
1361.74389648438 49.285606492728
1444.7587890625 39.528680234228
1456.74182128906 41.8278705255843
1463.81860351563 42.1055278119153
1564.76782226563 38.0900349329292
1569.81030273438 42.2998269652022
1570.67749023438 38.9975918646787
1783.81042480469 42.7177527853419
1825.60559082031 77.748459127628
1828.32067871094 87.3659484192951
1828.61511230469 100
1829.44860839844 84.2332766544016
1830.15710449219 72.0271509314836
1831.66625976563 52.2626851324043
