1213.7495 80 1
99.9482421875 55.6211377751597
100.066864013672 54.326914555295
154.302398681641 57.0032021761645
154.433380126953 54.2035322916121
310.230407714844 58.1923810388366
355.185180664063 61.3192953787813
467.268249511719 57.7022261506167
467.458404541016 56.0555448892735
470.311920166016 74.6747278634798
487.463562011719 58.5376439989491
599.924011230469 57.249881805815
668.312194824219 59.8851550298542
679.316162109375 63.0458250119768
680.961730957031 60.3433883771466
697.405944824219 63.1535115517215
725.836730957031 60.4624273979587
758.551208496094 66.9782902875689
826.488159179688 75.7106166539334
856.58837890625 61.2936169259374
880.274047851563 61.5967742429774
939.558166503906 75.361250131695
962.391723632813 73.2679706513982
984.654663085938 88.1100563455783
1067.6552734375 69.6436261031733
1085.61499023438 66.0787182383153
1215.92785644531 64.8294214398785
1220.88037109375 64.5607657260386
1222.08569335938 63.7585899922408
1222.71008300781 65.7815431041851
1224.19116210938 79.7035011486454
1225.25939941406 89.2895527273619
1226.51611328125 86.2653842942705
1226.82043457031 82.7263484904606
1227.34460449219 100
1227.57556152344 92.0862863933728
1229.30383300781 72.4017934290328
1230.56896972656 64.4565144377469
1230.85620117188 70.492403435268
1231.36181640625 68.3534231007263
1232.17150878906 72.4298842193949
1233.73937988281 63.8625824460349
1280.46704101563 57.0329256945379
