1189.6007 80 1
99.9518356323242 22.584442241682
100.073486328125 22.7095885614854
154.292144775391 23.4392061773963
154.429748535156 21.9035256832473
175.125473022461 58.7950010092748
209.943283081055 24.3565827173752
213.050201416016 25.3998856990017
246.159561157227 25.7375832902158
359.253540039063 33.4701380711314
360.150512695313 40.1366569779624
373.161560058594 26.9777745832713
431.216888427734 24.3670168992173
458.311859130859 100
467.126190185547 22.9553411340509
467.283782958984 21.7189761528982
469.274078369141 24.8222812315457
490.264587402344 25.1583129767029
530.293640136719 26.1163355761106
556.29736328125 26.7865032326012
573.352233886719 28.4612207233086
706.293640136719 26.9898654283558
732.288391113281 25.9507264357706
800.228515625 26.3023689658264
800.458312988281 26.7059945747931
802.429992675781 25.342843724022
803.31884765625 26.2960261453099
815.349487304688 25.352877201225
817.467834472656 70.9703380060503
831.400573730469 29.4133199898689
840.48876953125 25.9726846325931
842.362060546875 25.9907710208401
1060.5068359375 37.0368409514798
1172.64575195313 28.9012541053442
1182.87414550781 26.6866918810061
1189.88330078125 37.2722290481144
1191.32092285156 31.4454401398192
1195.95288085938 48.5186216628608
1196.9970703125 56.7114337228683
1198.00695800781 80.1740627560231
1200.02758789063 73.3069168800001
1200.44921875 58.3028296926812
1201.18579101563 57.3977046970431
1201.3828125 52.8284630188854
1203.51831054688 36.7147528929623
1204.26086425781 32.8963323671343
1206.39038085938 31.1109957693938
1255.05859375 22.8247698577949
