1345.7028 80 1
70.087272644043 5.09508014868557
99.9485168457031 4.52134018148244
100.059234619141 4.41319713055492
154.365432739258 4.91828874081433
154.492050170898 4.48783238724879
175.129684448242 14.1654548431952
253.174926757813 5.21370773647969
313.210510253906 5.44184996304405
331.227508544922 7.05231369533561
341.247161865234 5.51470730535205
360.178283691406 6.47559651491846
440.284759521484 5.38077617249062
444.286956787109 5.68576175964942
458.314666748047 6.82676777647711
468.054595947266 4.72704957471822
498.323944091797 5.398904158552
515.348876953125 11.2209386563988
554.385314941406 5.16564713774431
572.419372558594 5.74378002380039
597.386840820313 9.25534224526375
614.415771484375 47.7500225705989
624.412841796875 5.3322140413359
711.432861328125 6.3000614801991
712.410461425781 9.08271767304072
729.437561035156 7.40775782285938
799.499816894531 5.73638053453817
817.480773925781 6.13789512177096
831.381042480469 5.79543376282659
956.547668457031 7.52393884104406
973.573669433594 22.3698796934923
1128.54565429688 6.05573417267665
1153.5517578125 7.0973500929439
1171.58581542969 77.2226765498752
1189.58166503906 100
1216.59997558594 10.5368720533658
1285.54833984375 8.57888095987309
1303.6455078125 8.47039054280293
1327.80786132813 8.84998104542029
1328.80603027344 13.2574974766917
1329.97277832031 12.5456110770057
1337.20495605469 7.57832378326825
1345.97827148438 18.1198834754862
1358.23693847656 21.8641546074416
1360.67700195313 12.9698150040105
1364.96545410156 7.6609196780709
