1299.6398 80 1
70.0859985351563 11.9688031875525
84.0946960449219 12.1380980275496
99.9263534545898 11.0830014149556
112.099021911621 14.4574752935703
129.113647460938 36.7987529632593
136.086181640625 18.2722165999808
154.345626831055 10.7826764818683
175.126708984375 51.9214090926575
240.140350341797 21.5371023464442
249.138412475586 13.7447441493749
258.151031494141 18.4322168139057
277.121429443359 29.376720028927
293.113159179688 17.4338314327311
304.173309326172 16.3393664567736
388.193634033203 14.0792634410891
403.213317871094 13.0133459484525
405.207672119141 19.9896062142384
411.168487548828 12.2565262332729
421.206451416016 13.0319833563459
422.186828613281 13.6430958615607
429.217895507813 12.8390036305884
440.185424804688 24.1661395846843
442.209594726563 11.8886249987423
467.812438964844 10.4688907894694
489.222320556641 12.6247877861128
543.257629394531 12.9472887248288
561.294311523438 13.8113641342992
570.266418457031 14.1711340345737
586.279479980469 36.2448976434639
603.31396484375 54.4663592172007
714.36962890625 22.6891434688401
731.406372070313 100
794.373718261719 14.3129899177045
814.437744140625 12.5406982174169
843.41162109375 15.2056857050804
860.434143066406 16.5542914182573
1023.53869628906 14.5760706280691
1071.62731933594 14.9881977246798
1125.53515625 17.5946248001669
1143.49816894531 13.7740817646696
1170.55004882813 34.2977397663028
1188.52587890625 18.1135420854958
1255.52709960938 16.8104441215496
1257.58483886719 15.3946741690629
1282.73815917969 18.6942482954829
1299.92846679688 64.9420452549523
1301.46142578125 28.6122613012063
1303.896484375 18.6515456658361
1310.11169433594 31.2330074414116
1312.20263671875 67.535552992822
1313.88684082031 36.8960339967652
1314.33728027344 33.9313851811186
1315.66479492188 23.5603244006925
1317.22448730469 20.0990799056688
1318.09020996094 19.1176287296458
1320.39697265625 14.7694017963703
