1576.8685 80 1
99.9548492431641 8.03463866276974
100.066612243652 7.6830356001051
112.093940734863 8.88595035725662
129.136825561523 8.89365541069979
154.462142944336 8.26923422339409
154.622955322266 7.86672819548785
175.14892578125 13.4133899735632
229.121353149414 8.91560044805305
261.175628662109 8.9068442893581
274.218414306641 8.67479998046889
312.184844970703 10.3247082539882
376.187896728516 10.0331488340623
462.224975585938 9.19394294240879
469.184326171875 8.63876522089922
485.299743652344 9.43463674453536
490.229827880859 12.2926702520211
500.25634765625 9.52864795864984
503.3017578125 19.9411032289116
574.333435058594 44.7025702015657
576.325988769531 13.8215856009189
619.282897949219 16.2438325858032
628.337341308594 10.7296905481035
687.4150390625 37.002346058784
690.316955566406 20.3254848482735
758.467407226563 42.7456467705071
773.403137207031 10.2715211366178
775.395141601563 11.3378769330571
800.558959960938 10.4643339192667
803.414733886719 18.7915065231595
819.403747558594 13.1586312990748
872.474731445313 12.105135520353
874.435302734375 14.9559183924963
887.51611328125 25.2084713880809
890.424743652344 17.9280987623319
902.556884765625 11.0565510029459
903.523193359375 11.8598404261503
947.489074707031 13.3207314053334
947.967102050781 11.214830916358
984.483947753906 11.5438453159041
985.518432617188 12.8224241018594
986.048889160156 11.9679800178105
1001.55554199219 21.4143206078827
1003.51953125 24.032234475671
1057.16845703125 11.5952778300933
1074.5791015625 12.8821256594657
1116.6142578125 11.5348072348826
1148.64599609375 16.1774988781235
1185.64526367188 11.3747140086913
1203.61779785156 14.1060423220634
1205.60864257813 11.9174112903788
1359.75048828125 12.9748394495946
1376.72387695313 82.6336451336137
1405.03979492188 14.5724360181639
1576.25769042969 20.407551565628
1577.23266601563 27.7731275125964
1578.21362304688 33.2459374120809
1580.212890625 22.5726191223555
1583.27233886719 23.3017836092103
1584.32080078125 20.8185699039488
1589.36889648438 48.446650995273
1590.44116210938 78.55150284945
1591.48083496094 100
1594.64855957031 70.0128236875208
1595.78295898438 52.3903281459625
1596.15454101563 43.6744762057556
1597.3515625 34.2513590399993
