1109.6097 80 1
70.1006774902344 1.96515220514443
72.0905075073242 2.10183642218544
110.091865539551 9.73414583352676
112.106414794922 3.85793695102682
129.126617431641 2.8110340889243
154.255859375 1.69036986909363
155.110488891602 2.04943874863564
158.109298706055 2.6476977262711
167.103164672852 1.98458546631494
175.137756347656 10.9489087965762
195.110244750977 4.1124068917985
230.144485473633 1.98148945677368
257.157592773438 2.13299230258871
258.173736572266 2.4254345581319
259.162231445313 2.13947366412053
266.14697265625 5.02703594086104
276.186431884766 8.32349825896766
285.154632568359 2.97473572800292
298.244445800781 2.02597481001183
300.173614501953 2.11130136564015
313.172302246094 2.17629540915239
314.181457519531 2.1773393313226
323.167358398438 6.20165068405315
337.225463867188 5.47476623759452
342.182250976563 6.13763856885299
359.2158203125 2.83035089910905
365.218994140625 18.1156690970133
367.205627441406 3.22233568395305
369.232421875 2.96481693737303
370.187194824219 3.43478772904045
385.224426269531 2.58355550330291
387.22265625 4.41575394631821
404.251098632813 16.8477181237238
409.240173339844 4.94399431790817
413.265594482422 4.38566312493073
414.246734619141 4.42928300084255
424.218688964844 3.25486353263679
441.250701904297 2.44936775739469
442.243927001953 2.57575062390075
451.251129150391 2.76365502785739
470.243041992188 6.47526358020456
479.242736816406 3.36771309458253
484.297576904297 12.7556131437823
498.356475830078 3.11173229435465
499.312591552734 2.45799312040896
508.313629150391 7.69118402638553
512.291809082031 13.6967734107667
524.289855957031 12.919660565788
526.327087402344 3.8227327130206
541.311645507813 20.3532255447445
546.308959960938 2.88632625294415
551.290832519531 2.96646844468648
556.314331054688 2.96848874178843
563.3017578125 3.17190951709219
569.315673828125 15.038998239456
571.318237304688 4.2740287332715
579.35498046875 8.51977965383609
581.310791015625 14.0017741259514
583.38330078125 5.55421380345679
589.322326660156 3.42399320433074
597.410339355469 8.1174871150696
598.340881347656 23.3460967995991
607.303955078125 3.09442342783395
678.385192871094 12.4631445946832
690.404663085938 3.29486985795967
692.448181152344 5.89332972742903
696.484191894531 5.14006083095761
703.418518066406 3.39352101304828
706.377807617188 18.4300341714679
723.412902832031 5.79416992803472
726.359802246094 3.56028936475349
728.387512207031 13.9600097590799
730.406005859375 3.75073835025018
745.41455078125 20.5538884433693
755.429748535156 2.84867127419225
806.472778320313 3.6453110511344
807.477661132813 5.40861210426204
834.442932128906 17.750004841641
852.451843261719 4.14756046937588
865.449401855469 12.1523996442065
882.48828125 10.946676224344
891.487121582031 4.89692193943735
907.512390136719 3.89731585770522
917.492736816406 7.18138416422904
918.058776855469 5.33446178324129
935.50390625 14.6510137018077
953.512145996094 23.6765700770775
981.546752929688 5.02219645322779
1065.53820800781 7.12282274850275
1066.52978515625 9.05605100674218
1067.58862304688 7.13098372425262
1092.73071289063 11.0558219082695
1093.60437011719 13.1101755118431
1109.91479492188 100
1117.02001953125 9.51642079713648
1119.25622558594 16.7885809697905
1119.49340820313 13.6064786197486
