2377.2629 80 1
80.2984771728516 72.2705782953363
99.9524230957031 6.14078261260844
100.063278198242 5.90698821950531
110.102882385254 7.20783687295711
154.666046142578 6.19098601683327
154.803009033203 6.23713389642286
175.139358520508 6.85366549179175
267.147033691406 7.53557138413604
284.134887695313 9.24750987095889
361.141204833984 7.24807528315388
380.212707519531 7.3757941108885
397.23291015625 7.6752216433279
404.177886962891 7.58476967180099
408.199157714844 7.44237874163732
444.328338623047 7.04191116530176
453.191986083984 7.08754201546676
471.6962890625 6.32982294308788
471.869140625 6.17263059853091
489.284942626953 7.42784447003501
517.242065429688 8.60102235087404
518.273803710938 7.10025652697771
519.17822265625 8.02786432553763
544.280456542969 8.34041593018552
545.286743164063 7.40672773890167
568.213989257813 7.67806454064983
581.378173828125 15.9909062234878
588.309326171875 9.03372355548488
590.263488769531 8.66713440318597
643.3427734375 8.61099553611604
664.357360839844 7.67338353491729
675.317749023438 7.66300133505866
681.323791503906 8.01456616272862
686.248474121094 7.80054350342808
701.395629882813 10.7083228849849
703.315368652344 10.7918553558307
710.424865722656 17.6905761284872
757.322326660156 9.95009300850401
774.35302734375 11.0304136497516
780.404968261719 8.2910198520077
790.316772460938 8.71324700594748
818.366821289063 9.45932002876317
847.475463867188 100
870.434387207031 9.77235961133017
887.436584472656 8.28020919705134
889.405944824219 8.00730601676337
931.449584960938 7.88937623578115
945.437805175781 8.22079515499524
947.481628417969 8.8027977255074
962.5078125 21.6545046434354
1002.49182128906 8.69682416805662
1015.55419921875 8.19993661092564
1017.48352050781 9.16408574256959
1033.54833984375 75.8343714695868
1116.52014160156 8.8173359288924
1131.56579589844 9.05365791218844
1148.56896972656 36.120569426982
1261.66271972656 21.9414015844211
1271.69384765625 8.35267369960656
1360.73645019531 15.5809379311309
1507.80102539063 17.0082130571882
1588.7998046875 8.31313307162223
1620.88684082031 11.5574424714662
1667.80151367188 11.7674354903676
1691.93286132813 43.1510101623477
1796.8408203125 20.7402271172431
1807.01733398438 8.92453074173518
1904.03051757813 25.9973945386665
1907.93835449219 12.6695633711629
1933.93969726563 20.1896779345734
1937.86059570313 12.853413748483
2017.12463378906 9.58211571848086
2019.04699707031 11.3292732580237
2020.00988769531 12.8945469668918
2046.98266601563 21.3227714000379
2074.12622070313 9.83779190210036
2117.99438476563 15.5309977379144
2131.0830078125 12.4981503146737
2230.9345703125 13.3982786655355
2263.01049804688 11.9152539188952
2330.15771484375 15.2222715393978
2331.34741210938 15.4475085166782
2360.4833984375 20.0263149847228
2362.36865234375 21.645680849335
2377.74780273438 36.3691454663487
2381.57446289063 25.5047469723089
2393.8330078125 15.4444675011948
2395.0576171875 18.3631425079007
2402.00903320313 21.0054507614116
