1404.8816 80 1
70.081672668457 2.28903958194289
72.0956878662109 2.23477731300415
86.1120529174805 2.98090729341708
112.105773925781 5.63841351161979
129.128143310547 3.6291828554486
136.096115112305 2.33914156805254
157.117568969727 1.94998599181538
158.108505249023 2.66072276917978
171.129592895508 4.3912783863567
175.130874633789 49.2379542940972
201.127883911133 2.81298567291853
215.152633666992 3.46592491851867
228.144409179688 3.48786473943154
242.16828918457 3.06037964854476
244.143630981445 2.36136047206489
249.1748046875 2.14201408514638
254.160186767578 4.49991487282212
257.173431396484 3.94896531081377
272.176025390625 15.1192501796685
274.199310302734 9.22782161191604
277.170654296875 3.41448154655875
284.182403564453 2.21072875911249
298.205444335938 1.92809788799665
299.189880371094 4.01044327066169
313.223693847656 3.31493738775393
315.205871582031 2.06194703599411
325.197479248047 2.72960836183506
334.204284667969 2.88616430996774
341.23583984375 3.38488507292791
343.206085205078 3.23758774603903
348.208404541016 2.35425389161042
357.258422851563 4.30590113740102
358.226470947266 6.35504046656589
367.244567871094 9.8501157462204
370.228454589844 3.67115327454897
375.242797851563 6.27334280476551
377.2333984375 2.37064663371248
378.213958740234 4.89935542336648
385.258880615234 19.6603729598006
404.259552001953 2.17778602130505
405.228942871094 4.04709113882336
412.255340576172 3.44244409638607
414.257080078125 2.82566182701744
424.271606445313 2.69389339857278
429.264251708984 3.08553171067685
442.281921386719 2.23704093447525
446.286560058594 7.47525742793282
449.255554199219 4.37065976901346
453.267822265625 2.6557774797266
456.282653808594 2.48726752472418
471.272491455078 2.75911443566719
476.288421630859 3.32652548567103
482.284454345703 2.44695615216208
483.299713134766 2.59307512818649
485.297760009766 2.33802087333875
491.302459716797 3.18373774222878
498.335815429688 2.55552998946468
500.300201416016 3.97798028248365
504.286315917969 3.85514251322238
506.299011230469 2.30593656571282
513.318664550781 2.58887195801103
517.323669433594 9.56167143223571
520.327392578125 6.07196127551812
521.328430175781 3.67416569016664
527.317199707031 2.46055007444991
530.315551757813 4.25827358299072
531.319641113281 3.06040214337839
548.320434570313 17.0487486338488
552.324645996094 2.50349292208259
555.365234375 2.41624124381243
562.351318359375 3.05673622130893
566.347229003906 2.69562140123657
574.369995117188 3.23746486538242
589.366882324219 2.43172347073267
590.369567871094 2.60525587036531
599.355651855469 3.06112040131389
601.361755371094 2.86686899851504
605.346008300781 3.31296740795455
616.387451171875 6.86046206204682
619.352478027344 4.40844562347833
626.394104003906 2.97895287079235
633.406066894531 2.3518608197299
643.39501953125 2.68929362555953
646.383422851563 2.32677550628638
661.404418945313 5.83645403249283
673.375366210938 2.34155140594224
676.377075195313 3.43504413705
683.415161132813 2.40560928144068
687.436706542969 5.72349843285432
690.406677246094 3.8044891934567
692.398193359375 2.67071047531171
694.441223144531 5.86453914762862
700.413146972656 2.77315573184254
702.427368164063 2.79250412689797
718.432250976563 8.92928342459396
727.429809570313 3.94821415155618
729.402648925781 2.49239981562141
744.456848144531 7.14376588608276
771.452941894531 3.28371161542557
773.073974609375 2.51518135326464
773.46923828125 2.32138904479233
789.470886230469 10.6982805050084
840.501281738281 2.91626891456011
857.538146972656 5.93202806339396
860.51806640625 2.38358988768174
861.517639160156 2.33753192605542
888.539245605469 3.73527416711638
959.585754394531 2.73458655261032
1020.61895751953 4.28884143399342
1133.71569824219 4.53652069456579
1234.73986816406 2.85505269366425
1267.71166992188 3.8126992821516
1360.78576660156 9.09688465138735
1405.22192382813 100
1412.20068359375 5.02364032521929
1414.25512695313 6.13851507894711
1415.30529785156 6.53697931166549
1417.38232421875 8.7821781447193
1419.99377441406 6.98064890976918
