1687.9419 80 1
70.075813293457 9.15412212566674
99.9491958618164 7.48310575407074
100.058319091797 7.31115648549329
112.104972839355 13.5282109304954
129.120040893555 11.5973372233274
154.495819091797 7.59036705976115
154.651092529297 7.54542651620048
169.118286132813 8.97558003432795
175.132110595703 100
214.137481689453 9.54854155086111
216.110397338867 9.00250921868956
255.145751953125 8.41523780210368
256.137451171875 8.88728202065171
273.129180908203 12.4225535970212
290.161041259766 13.2877886899622
300.169494628906 10.2750431267199
316.145721435547 9.5704358644771
333.195343017578 8.8043769286554
361.202850341797 9.67423196536255
362.206237792969 8.52503806573981
384.191436767578 14.4314657543376
386.211883544922 11.1995210421665
403.226104736328 13.9450731068031
413.248504638672 9.46579579647018
429.239410400391 9.00570076927236
463.190612792969 9.5018053896271
469.620056152344 8.01673628576855
469.810546875 7.90879373772106
490.248260498047 12.6664871924009
496.260833740234 8.63035584781318
497.286010742188 14.3960874429423
524.298889160156 8.87440107830885
531.297973632813 15.885695057619
547.284729003906 9.37316631207063
576.272766113281 9.09009875160496
605.302368164063 9.78121933456755
612.311096191406 17.4100842791777
618.324523925781 16.4528483020979
629.331359863281 9.44996223938676
631.324035644531 9.42818929896884
639.332580566406 8.61937185565089
642.327697753906 10.0798823630641
647.339599609375 9.63269071813766
648.338745117188 9.59672671049583
658.275268554688 9.23851474499756
658.939819335938 8.7485770121579
663.905090332031 8.71001208978667
676.307434082031 26.9139839209981
689.377502441406 10.2834596523481
718.328186035156 11.0382174732446
744.385498046875 14.0197723826883
751.373779296875 9.07016179250533
753.366149902344 9.32021993591247
760.417236328125 8.88152850766821
761.407287597656 10.2334795806982
761.968933105469 8.94937302049487
769.397644042969 45.3552509393128
786.421691894531 39.2679362574158
789.389343261719 27.3238166132946
882.472229003906 10.0022462791804
884.480224609375 9.11030992945327
899.536804199219 14.1715690430421
902.51123046875 12.3800707195899
903.451416015625 11.8038551311637
981.455444335938 8.75300501691316
1012.59753417969 25.549517718799
1015.63946533203 9.20067340447112
1141.65393066406 9.42531952849256
1187.60461425781 12.8727403373075
1198.66967773438 40.4988349245585
1328.67297363281 9.50544856141203
1474.79174804688 10.0558177273087
1545.71118164063 9.73651617440125
1685.74340820313 11.7712350962604
1688.34020996094 48.2556577043681
1690.74792480469 25.6471381820086
1693.54650878906 13.0975613234132
1700.56262207031 17.9838221607837
1701.45141601563 16.953406895427
1704.58569335938 21.7807370934479
1706.39758300781 20.5519542716371
1707.91833496094 15.5889361770159
1710.46765136719 12.6179223886932
