1447.8739 80 1
70.0791854858398 5.89524903774508
74.0756378173828 1.3154133248738
86.1113357543945 6.51156238801316
112.102073669434 16.0698710476815
129.127670288086 6.38688802456115
136.094604492188 1.67977538132008
157.132858276367 2.89077035725548
158.106658935547 3.90448654509006
171.130722045898 2.7149250361643
175.133026123047 95.2474704062263
181.113952636719 3.26251887226815
185.143127441406 9.30587611099845
187.157745361328 1.78670618987382
197.142822265625 1.21812959437461
199.124008178711 9.41619299307406
201.102981567383 1.52335515355498
211.155609130859 1.97449882138997
215.155349731445 2.19492358991712
216.154830932617 1.81604026018084
229.146118164063 5.05357416418556
242.16471862793 2.0445874637322
246.168060302734 19.5567791972868
256.154052734375 1.61486885958885
268.177764892578 14.3602504807954
282.192840576172 1.97825429318027
286.189178466797 37.6641050496556
293.12548828125 2.28520914205651
312.200897216797 3.69432092525527
314.183319091797 1.90978841847434
330.143585205078 4.0440643268576
334.185607910156 4.70996042146176
342.224639892578 3.40795890802071
344.174224853516 4.61275439336703
353.261840820313 2.25131314877832
355.245483398438 1.56203411673853
359.249938964844 12.8242618148384
362.182464599609 7.94122465785809
369.230834960938 1.81560027714592
371.275787353516 5.91193274520365
381.260009765625 10.3334628569163
383.242553710938 3.6828829966462
389.265747070313 2.23218146785604
395.245544433594 1.57996053280393
399.271057128906 7.58736918849334
404.211059570313 1.87725161013777
413.256103515625 3.23256216128772
422.17431640625 3.8270692959894
430.286987304688 64.2199987888007
440.262512207031 1.75436729416457
443.237670898438 1.79947367793396
447.252288818359 1.79721270244317
463.236114501953 4.08046227905326
475.232757568359 2.39991873787829
478.297454833984 2.22082302994372
484.276947021484 2.02624583268725
491.221496582031 25.1721960346758
493.211334228516 8.16947263947041
496.310424804688 2.6977939686201
517.311706542969 1.88685184762864
541.300109863281 2.30503084439499
542.29736328125 2.74216556295209
559.324340820313 53.0476401528745
569.309509277344 1.94698350748351
576.273803710938 2.08740233857554
579.337585449219 2.59187685962971
592.270935058594 3.98329680766174
594.253662109375 1.89533508683827
597.35302734375 2.73193882705772
602.250183105469 2.33418009724523
604.296630859375 4.32266430550618
620.258361816406 26.5063085441862
629.332397460938 3.26758120765165
637.288879394531 2.18458092411062
647.3369140625 3.85692631519335
663.294372558594 4.87346177896019
671.3505859375 1.95758026534082
673.289916992188 3.37944719241535
673.927490234375 2.47826307303314
688.361267089844 12.5341698062191
691.2958984375 36.4043033268164
698.357421875 2.61254218886215
705.359741210938 1.94083178196106
720.351501464844 2.3085924161768
732.408264160156 1.94563738701066
733.353576660156 3.4636582302083
742.411804199219 2.44637680569658
758.369812011719 2.50984714104818
760.413391113281 2.1550309613184
776.376098632813 5.00219829253392
804.377807617188 9.10288452378601
834.396850585938 2.86694893496269
851.419738769531 14.679347056171
861.398803710938 2.0445382967327
875.414123535156 3.03721312824219
887.397705078125 2.15089466329916
889.450561523438 2.66797761650778
905.415405273438 2.14966802724537
917.455627441406 2.60500910688518
934.471130371094 1.7428930808839
952.473327636719 3.1877302914257
976.473693847656 1.77632284317713
1007.48809814453 1.96656486664811
1018.50646972656 2.26428299259945
1032.48498535156 9.07540028145831
1049.51257324219 21.0308923865779
1089.51916503906 3.3628263180419
1162.59594726563 8.94090736534952
1263.62548828125 3.96770139749683
1403.68530273438 9.67452765698518
1448.12084960938 100
1457.21960449219 13.2516271146216
1460.33996582031 22.3844290179963
1461.38952636719 60.3661947878131
1462.95068359375 40.1357736513164
1463.72375488281 29.9963325613139
1465.0625 20.6892179916625
