1687.9695 80 1
70.0781402587891 3.17754381638012
86.1093673706055 1.81423927219626
112.09992980957 11.6156504906305
120.09162902832 1.62826086466587
129.124603271484 5.32392262792266
141.114608764648 .547786972736495
143.097106933594 .772325581140332
157.115737915039 .736223161486089
158.104644775391 2.15161623263295
169.109939575195 1.91468503060324
175.128677368164 100
187.088302612305 .561610949163077
211.154296875 .830663985470708
214.130630493164 6.24138504989669
216.106582641602 3.31030289673733
219.124252319336 .922139034197014
238.128173828125 .572893499838706
242.158462524414 .603294063938659
243.147201538086 .729520831994971
246.185974121094 .842436624774444
255.124877929688 1.30700358577924
256.138366699219 3.79574019353988
273.133972167969 6.23816930378907
277.125915527344 2.09303343742893
282.180816650391 .843460204613843
287.144683837891 .955708928821682
290.153228759766 7.76131861883983
298.136138916016 .81867612982231
300.159881591797 4.00843486745627
311.181915283203 .671941255489428
316.125274658203 3.20183612137704
329.17578125 1.78103665579072
333.195068359375 2.926433308775
334.158386230469 2.08922905639304
343.168762207031 1.17512073314842
348.158721923828 1.67894822407926
356.199951171875 2.00902020101852
361.191528320313 4.94855638639169
366.178558349609 2.73696758592467
384.190673828125 12.7842191533529
386.210754394531 3.56477848211844
400.188171386719 1.36439114541411
401.208160400391 1.20128257847591
403.23095703125 6.8729245118858
405.192016601563 1.04606130037672
413.221343994141 2.86846241243357
419.199279785156 2.13456935812324
429.205718994141 3.45468709065831
445.193176269531 1.1956440562172
463.182281494141 3.95532755566929
469.272735595703 2.1142041915474
476.211059570313 1.44162766513411
490.228149414063 6.73293258535764
497.271240234375 8.16275973834145
500.231903076172 1.3096117830556
513.270080566406 1.58830664613896
514.272521972656 3.46991037048388
529.226440429688 3.037209909186
531.282287597656 9.4983671755657
534.218444824219 3.3679787727893
541.261108398438 1.54337381675105
542.27294921875 1.83091930515347
547.24560546875 4.78201000549393
558.281799316406 1.29726185279869
571.273681640625 .961002035303639
576.267456054688 3.2699669941514
600.306274414063 1.82617123347695
601.293395996094 2.7364481439422
605.251586914063 4.86963830092646
610.3388671875 1.17135534436279
612.293273925781 11.7751108950577
615.297424316406 1.24738264686419
618.311889648438 10.9047199292528
629.311645507813 2.56406839597882
630.307067871094 3.64021288283481
642.311706542969 2.47455915697871
647.290161132813 3.29592551918071
648.290100097656 4.16402712088534
649.29541015625 2.6544066195352
658.2763671875 2.31685240571851
660.327880859375 1.45616904635771
661.336975097656 .982166276851293
672.318481445313 .950027762947969
676.286254882813 28.9239760231516
689.342346191406 3.96351245152769
699.328918457031 1.60923909672448
718.328186035156 4.88277639364827
725.374633789063 1.73305318186683
726.372924804688 2.3714418555236
744.372009277344 7.61187572939878
751.372924804688 2.07076552722408
752.351013183594 2.96191327886925
755.388000488281 1.14893985747353
761.371520996094 4.62763759067929
769.372253417969 39.1205084226395
771.98046875 1.4952370853179
772.354125976563 2.68345531366817
786.397705078125 38.6642824595735
789.3681640625 21.1539302267271
831.411376953125 1.66444738215341
857.431335449219 1.0634515112983
882.450927734375 4.16653167429852
899.476379394531 10.8827014846116
902.448181152344 5.20315262484071
903.43017578125 3.7712067321214
1012.55639648438 20.7604811877371
1022.53863525391 .928278288312981
1123.57946777344 1.23948270716923
1141.58435058594 3.19240392265285
1180.59509277344 .843747780777036
1198.609375 32.7781266741341
1309.64123535156 .580072444713178
1327.64978027344 2.95961762676958
1474.67687988281 2.4444643260561
1545.63952636719 2.24106274967076
1670.01135253906 1.90965071355705
1686.20666503906 3.41876770917718
1688.21508789063 50.3812536471311
1700.40014648438 7.0356376085758
1704.47314453125 9.58837532905816
1706.36767578125 8.07319317541027
