2030.1498 80 1
110.089294433594 12.3626238395019
112.104583740234 5.85551868895866
129.132965087891 4.11444946529577
155.121612548828 4.79848899896845
175.137908935547 10.8502683133961
200.166809082031 3.53549979398755
209.165069580078 3.46316723669521
228.14501953125 3.84031161827335
237.159896850586 5.55344734401394
244.107543945313 4.52345761646084
246.170791625977 3.98026583478299
263.136077880859 3.6707717022429
266.141510009766 13.011505455435
286.160522460938 3.80562170346936
294.129333496094 3.3853623183842
303.191986083984 6.3503191949902
315.145751953125 6.23135487906423
327.221282958984 4.8076611521184
337.223693847656 3.74337493055574
347.185302734375 3.65956345664026
350.236145019531 5.41734902420041
357.20458984375 4.00700353237594
365.211608886719 22.4434741952421
367.256561279297 3.70154149684037
369.264587402344 3.92041905301895
374.223693847656 11.2212856684946
377.167785644531 6.89401823881401
391.165618896484 3.50718416617829
393.201538085938 4.79837318947709
421.284912109375 3.77727738225303
426.289764404297 4.32139843669203
428.239868164063 5.81923157688524
436.2861328125 5.21721924298795
445.264312744141 18.0938955180442
464.272735595703 20.4076278636227
466.294097900391 4.02328792137252
478.293579101563 5.56905697180596
480.303955078125 4.45711493737752
489.181365966797 4.0154946055566
497.319946289063 4.93152282147223
498.309204101563 3.78569490915564
506.2001953125 13.2486812220068
535.346435546875 4.90745557887675
542.217468261719 3.98152275103354
546.309204101563 4.31883654014442
549.316101074219 5.51907015627113
551.254455566406 3.83926508581255
559.265930175781 4.37961663453558
560.219604492188 8.60766744187897
563.344360351563 16.7931286976168
577.238830566406 33.803022101506
591.292053222656 4.00357845113113
608.334228515625 22.2453343069894
615.272338867188 6.35725802735872
634.394592285156 8.96970572870398
637.372192382813 4.47184283852337
645.320190429688 4.60062061042665
646.328674316406 4.3560008210665
648.41259765625 4.58872703781613
660.433654785156 4.2328644630351
662.39697265625 7.24882475119398
673.298950195313 5.43771595673308
673.923156738281 4.94881303351092
674.880920410156 4.45483987131432
679.366149902344 27.7828171365231
690.319519042969 20.2470649441396
733.457641601563 5.23754163340856
747.439270019531 4.37906089399789
761.410400390625 3.99867912956343
772.380249023438 4.35738608075158
778.43603515625 22.9537689339196
783.459045410156 4.26446543416087
789.420288085938 7.51145705991233
797.443481445313 4.99702769450359
868.496398925781 5.21578954477713
877.508239746094 20.8446609794193
887.483825683594 5.53544425100968
898.471252441406 4.97450368071153
926.460327148438 17.0869496003723
939.545288085938 4.50881610629513
943.465759277344 8.25580381648418
976.581420898438 19.8984508211991
986.575744628906 4.75677168550335
1054.52612304688 22.4076159304802
1087.59729003906 5.19734372389625
1104.6416015625 19.6641168413767
1114.61364746094 5.61346089973243
1125.62097167969 5.28245831355525
1137.57336425781 4.94242486595103
1153.59582519531 19.9988191160989
1158.85559082031 5.50147146420985
1187.58483886719 13.5730174078032
1215.60754394531 5.0866035392375
1224.69348144531 10.1970157696479
1241.70349121094 24.8302962104317
1252.67333984375 15.2976084324889
1340.78979492188 13.4136697628752
1351.73132324219 12.680013527543
1422.76147460938 8.06707515857821
1453.86535644531 10.6238218093429
1524.90600585938 47.4722222958836
1585.90051269531 6.32824764618763
1653.96362304688 11.5062074716057
1656.947265625 7.03508559377992
1750.97119140625 12.3107685341593
1767.99523925781 9.24339629005227
1855.87023925781 6.52253557402394
1873.87915039063 6.80197538258981
1914.91552734375 31.5201564037221
2013.25280761719 14.618530993686
2015.51525878906 20.4320021360325
2030.5595703125 100
2034.46398925781 38.1989838266141
2041.70751953125 17.3428384404974
2045.73522949219 30.5268349858526
2046.72204589844 36.778395409983
2054.9140625 16.6309469313261
