1582.8477 80 1
70.0897827148438 9.18692529378733
99.9544677734375 7.86361173610595
100.078399658203 8.40160609923458
101.092803955078 12.1565855025752
112.106956481934 30.9960242745126
120.091506958008 9.32247941925578
129.130477905273 22.0152745376553
154.464736938477 8.74027951946441
157.138381958008 10.4155193988785
158.121139526367 14.4972144309316
175.141311645508 71.292957863666
185.156173706055 9.53797998398419
201.130828857422 11.5554456602077
215.143280029297 12.7414440944539
217.128372192383 9.38918668227946
232.157623291016 22.3872311124664
287.166320800781 10.3095766878574
288.164306640625 9.92224966507882
300.148223876953 9.8146671702431
315.156311035156 19.7242561250961
355.216217041016 13.8916137227103
362.208892822266 17.915595396759
373.216125488281 12.6358560813331
379.239654541016 32.2302520617756
384.176483154297 14.6225541821708
385.200805664063 11.5101556732689
387.221557617188 11.4058010835422
389.215911865234 11.0453752748199
398.233734130859 10.4777281672277
401.202667236328 15.5959846322416
402.195037841797 25.5123571073292
417.213806152344 11.294330945503
419.205780029297 11.3453112120611
427.246704101563 10.5372122388369
428.243499755859 10.2463618112032
445.234466552734 14.6749483054027
455.212646484375 37.1660522353173
462.273742675781 12.301896904631
463.270324707031 15.6272406112144
471.291168212891 10.9575607108329
473.227447509766 45.3133488846053
480.286865234375 37.5992734651969
483.287353515625 11.3366269737303
484.277435302734 12.00447808875
485.250823974609 11.2396211076316
497.266021728516 10.7899940203486
500.278594970703 11.7123646281584
502.272094726563 10.7048005196281
537.303039550781 10.9088070217896
538.280578613281 11.9121644132226
539.294311523438 12.2325747469998
541.297302246094 12.1605701479437
548.283325195313 11.2192207350051
558.333740234375 11.3715826060196
564.310485839844 16.1932915782554
566.288269042969 11.5685047115972
572.311645507813 11.1446607689021
581.336364746094 85.7615602029301
586.312133789063 39.4173956829157
591.301574707031 10.6207898592968
601.326232910156 10.5915198801326
642.350524902344 11.2999805119721
651.35107421875 10.9283869627511
669.354431152344 39.6994014870811
670.923828125 11.0600190547413
687.364318847656 34.5458643014415
699.349792480469 12.6905665360704
710.389404296875 23.652837635019
732.458801269531 11.0758487593815
750.450866699219 11.5690447777045
755.415832519531 12.517086260506
768.424072265625 24.4972289889671
780.388916015625 16.7094936108236
786.432800292969 12.9080790089758
793.521240234375 10.7289906079944
797.413208007813 35.1223440036167
854.458190917969 10.8681194714318
855.449340820313 12.0258790178883
873.459716796875 13.4427641949113
879.469299316406 11.2491316378535
896.486022949219 23.0765960430865
979.511840820313 11.2250720166279
980.533081054688 12.6777520720156
984.502319335938 11.783403215194
989.651306152344 12.1887347033909
997.540954589844 21.6900566593809
1007.48767089844 10.658343422381
1011.57830810547 20.7906754104367
1019.31878662109 10.2853791971002
1110.64379882813 17.4286247892354
1164.67785644531 10.5551599525911
1181.689453125 21.7148682401551
1187.61804199219 11.7159085228317
1268.70422363281 16.7744545264461
1396.76452636719 14.7030132370049
1423.76977539063 13.4263919567002
1437.67114257813 12.9166445006182
1467.69812011719 83.3085571195382
1526.86364746094 15.9264440201833
1538.80517578125 22.3285326195981
1566.05578613281 22.8385851158743
1583.21447753906 100
1584.78540039063 54.3025669567236
1586.56884765625 31.2647156448003
1593.28784179688 18.1711172966587
1595.35888671875 34.5907807760696
1597.55847167969 44.9124242864946
1599.54760742188 45.7492078331312
1601.31201171875 31.9282104527386
1601.65417480469 30.6434644314867
1605.42712402344 18.2351973277566
