1447.8646 80 1
70.0785827636719 6.71010170336552
86.1131362915039 6.67471743400013
112.102928161621 14.9299222214646
129.128189086914 6.82970329168982
136.087677001953 1.62698535585284
157.132888793945 3.8508067187911
158.107559204102 4.02183893502461
171.126510620117 2.36533778497063
175.133331298828 100
181.110046386719 2.74293178956996
185.141937255859 9.97035954973858
187.15641784668 2.90889198218221
199.122528076172 8.95659769513396
201.108367919922 1.40486243586702
211.156021118164 1.98994783702289
215.154403686523 2.33397392710837
216.153259277344 1.71100470009467
229.141616821289 5.29413812641268
242.162704467773 2.40324031095777
246.168548583984 21.2763231762199
256.163024902344 2.27639047691436
268.1806640625 13.8154759049496
282.187835693359 2.07856651114353
286.188385009766 39.4842050801289
293.120910644531 2.28788479076318
294.177093505859 1.89422816010666
296.171508789063 1.35014290151333
312.193725585938 3.43719617305311
314.190002441406 1.993199878675
316.176513671875 1.33882198666099
327.246887207031 2.06295176566158
330.145690917969 4.02202414335385
334.186431884766 4.85911092684344
342.219757080078 2.9246029983189
344.169067382813 5.47005192442181
353.275726318359 2.9856869925443
359.248748779297 14.485934389004
362.188018798828 8.17528347794979
365.219055175781 1.96473236749406
369.229400634766 1.88016604083528
371.273223876953 6.93526104897495
379.212738037109 1.68386535602804
381.262512207031 8.77754239169967
383.249145507813 4.3785019318824
389.25537109375 4.29222146385426
399.271759033203 7.07209218728519
404.212768554688 2.20986116397523
413.266052246094 3.17425339787485
422.167999267578 4.48084375150958
430.286010742188 66.317919195326
443.243408203125 2.31808148240426
463.230743408203 4.162014929946
475.268646240234 2.50741653622211
478.260406494141 2.51276077053637
491.218811035156 25.7582475131757
493.200866699219 8.77512435207051
496.332489013672 2.65766586776484
541.313537597656 2.31056547448105
542.295654296875 2.41981382997529
559.323974609375 58.6557820360238
569.336730957031 2.18687222614328
578.29931640625 1.93761677293088
592.249694824219 4.10469007361075
594.248168945313 2.57272372617235
597.367858886719 3.98349431743397
604.287170410156 3.41432305100005
620.257507324219 27.1907378563998
629.324829101563 3.34413198234199
637.294006347656 2.59476012525853
647.3359375 4.64909122337537
663.300048828125 6.49477939142172
671.346557617188 3.15196489836688
673.293029785156 3.92323429190223
688.362854003906 13.5405553262354
691.297485351563 38.4525387457608
705.33935546875 2.13717630538444
733.336059570313 3.02806178602276
742.411315917969 2.755647799973
760.419616699219 3.21368647056966
776.381774902344 7.33935356325334
804.375671386719 10.8929889432903
834.40673828125 2.892320692255
851.425964355469 14.7364071484319
861.421203613281 2.39855924070091
876.410583496094 2.50986419367724
887.425048828125 3.47827855935619
889.458801269531 2.97498633176099
905.428039550781 2.54717590897077
917.466186523438 3.52874431098938
952.466674804688 3.36941339417705
962.453125 2.49685398212073
976.473266601563 2.31024632689957
979.705505371094 2.4227922822905
1018.49603271484 2.74685774094849
1032.49523925781 9.30866661440697
1049.51123046875 21.6849957538892
1089.53857421875 3.74098526417947
1162.60217285156 10.3562305882288
1263.6181640625 5.21834735030803
1403.6689453125 8.66385359140113
1448.10729980469 87.0701411401366
1457.22509765625 13.6388438649691
1460.28283691406 27.0498134492544
1461.33801269531 95.7236374863451
1463.18115234375 52.5956702919051
1464.00463867188 35.9152391412118
