1687.9650 80 1
70.0768356323242 2.64600771740617
86.1082153320313 1.45421695443827
112.09886932373 10.5006108876352
120.095527648926 1.25359538269665
129.122253417969 4.35104044019086
143.090698242188 .593051533863694
157.118316650391 .770985104178651
158.100570678711 1.92074294871146
169.108016967773 1.66882674330323
175.127166748047 100
214.130065917969 5.2362785593561
216.109039306641 2.76236401238683
219.123641967773 .953705134577931
227.187423706055 .605176669756814
243.148544311523 .649147102106181
246.156753540039 1.51135946816777
255.129486083984 1.03088437431949
256.139862060547 3.585720402252
273.132904052734 5.9442939318482
277.125701904297 1.59017740281548
282.191741943359 .814882992467275
287.136291503906 .805374717471241
290.155426025391 6.97297942945496
298.145294189453 .699110099987259
300.155731201172 3.3365747325494
316.125 2.59164078997837
329.174560546875 1.55274067265023
333.19384765625 2.30113387722011
334.157318115234 1.84870678199677
343.171478271484 .976012276317045
348.162139892578 1.32261863582207
356.20263671875 1.44302598759841
357.192932128906 1.09761546213276
361.189849853516 4.29543145609961
366.17822265625 2.13230573484152
384.189544677734 10.8819050580243
386.208129882813 2.84097192086611
400.187652587891 1.37007013682427
403.230804443359 7.13149989178827
405.178100585938 .875063045008713
413.220123291016 2.0174175780716
419.197357177734 1.85558017084964
429.207580566406 3.3290024908472
463.186950683594 3.59880043786615
469.271667480469 1.74377512873507
474.253814697266 1.16573989304567
476.216339111328 1.22813268052674
490.229553222656 5.45079939685669
497.265441894531 7.4202065983628
500.225341796875 1.17279365761219
513.277160644531 1.49327735771169
514.27001953125 2.90273711550875
529.228698730469 2.49512795089924
531.278869628906 8.17759583715366
534.216552734375 2.76911849505318
541.264709472656 1.27557085911544
542.277587890625 1.69303145708008
547.241455078125 4.01654777525886
558.271362304688 1.29765158323496
571.274597167969 1.04522601268924
576.271850585938 2.73970455907402
600.300170898438 1.46672113966718
601.284362792969 2.43577086017342
605.246887207031 4.38148364516525
610.341186523438 1.22480134159781
612.29052734375 11.0714099158827
615.284912109375 1.32905056516628
618.312133789063 9.94344482906042
629.307495117188 2.09059898409111
630.307983398438 3.33765193940566
642.299865722656 2.43015140148198
647.297790527344 3.16236562867903
648.291687011719 4.79129130602828
658.270263671875 1.5684538664886
660.332702636719 1.12805417768841
661.331604003906 1.42623785697709
672.317565917969 1.02801936424989
676.283325195313 25.6680652272994
689.351928710938 3.5509417630715
691.34033203125 1.10142207071256
699.340393066406 1.30196034725014
718.330444335938 4.73269495618401
725.370361328125 1.57179812834885
726.366333007813 1.99274360589946
727.377014160156 1.55151379313894
744.372619628906 6.99250540799439
751.368347167969 2.16771928435934
752.346984863281 2.99970967613885
755.369445800781 1.24883302252386
760.392517089844 1.32666508589076
761.372985839844 3.63737174813723
769.367797851563 37.6260512359494
771.965454101563 1.53159497777847
786.394592285156 34.8501556716345
789.360900878906 18.7174120069312
831.400817871094 1.318134949342
857.428344726563 1.17335647092834
882.450378417969 3.97862147017626
899.477111816406 10.0051860040446
902.446838378906 4.43032606066911
1012.55029296875 17.9519141677194
1022.54034423828 .892911803976017
1123.59448242188 .981562402657608
1141.59411621094 2.68480426904377
1187.54553222656 .815549518965327
1198.60754394531 30.8050793143528
1310.66247558594 .568520553126094
1327.63232421875 2.99898117283474
1474.68115234375 1.85374252747919
1545.62170410156 2.417253910199
1670.87280273438 2.67216696113567
1688.19226074219 42.3952094539882
1699.42700195313 3.1305652242304
1700.35278320313 6.31722718126515
1704.49670410156 14.140799733345
1706.32055664063 12.0976231641491
1707.7041015625 7.60001167390909
1710.48681640625 4.34776270796527
