1561.8989 80 1
70.0816116333008 5.47046513485634
112.105751037598 7.52204740338505
154.450347900391 4.68218583615154
175.133560180664 13.680219432157
262.156494140625 5.60713662926439
266.159820556641 5.33926843781261
272.177642822266 6.61862227120778
284.173614501953 7.00927220447183
288.152252197266 5.56079291905839
312.163421630859 5.74243127718419
314.204467773438 5.47448892744793
345.147979736328 8.0154824296289
379.233367919922 7.70033726264012
387.189605712891 7.33006315199758
397.261657714844 7.82041723082845
398.238311767578 7.08142316874644
399.200775146484 7.01760872470113
409.220825195313 6.85182039548457
458.235778808594 10.3604806324495
469.265319824219 5.74374833515934
471.277404785156 6.18950480207652
480.256134033203 18.8754070477242
482.299377441406 7.090920219084
484.280731201172 6.06256497873767
494.277557373047 8.59542963809963
499.267059326172 7.12668931716708
508.305816650391 10.7430597151862
510.337707519531 9.75770635785472
512.259887695313 6.70880148223781
555.257507324219 7.24414817062683
573.264526367188 17.5506198462473
581.379699707031 11.4100453132265
583.352233886719 6.48188294805741
593.344909667969 30.6951294111503
625.377868652344 8.39360688323545
627.369567871094 16.0422399977359
654.360412597656 6.67262849093752
670.34228515625 9.33608734335717
696.38037109375 8.4127730790298
699.334899902344 9.19400041242612
706.432373046875 21.1697593334265
710.354125976563 7.56009855801944
769.390625 18.2869772263484
793.465393066406 70.1214708252037
796.495361328125 7.83584591751237
838.429870605469 9.03836176066431
843.484008789063 9.99579431005226
846.379699707031 8.61570435911531
847.448913574219 7.15950080837491
856.433898925781 17.5686775168203
892.531921386719 7.02149797175467
951.514526367188 19.668914035046
969.523498535156 19.8106410374176
987.560302734375 7.29028505876607
989.595520019531 100
1082.61218261719 19.3530165078839
1092.64404296875 7.69669281490629
1104.62426757813 20.9371681609222
1153.6484375 10.2525745977258
1187.64575195313 12.3216211850173
1274.75927734375 9.35358356643384
1375.76037597656 8.57960441415291
1377.77990722656 7.43177034105462
1385.69421386719 7.92368046084432
1411.62756347656 17.4175047847233
1446.73815917969 9.73629676703683
1562.19201660156 12.0302391721172
1565.16076660156 11.8701434962634
1568.25952148438 12.6852133519646
1570.29504394531 13.443867485198
1571.28088378906 16.3850148137289
1572.34692382813 16.4161948226781
1573.3369140625 16.2307299997142
1575.35717773438 15.3913417009014
1577.51684570313 27.040021701913
1582.02722167969 12.2900258212475
