2030.1659 80 1
70.0366973876953 3.09414775574545
70.0899963378906 3.45970308285688
70.6245346069336 2.70891089424096
72.1073684692383 2.72347233168827
110.091369628906 7.93342712549601
112.112815856934 3.82531587858387
155.114776611328 3.3826949794555
175.135864257813 6.71638135768715
200.134979248047 2.64851106220594
209.167114257813 2.68937758924253
228.153961181641 2.92887126730799
229.15641784668 2.8096740660413
235.128845214844 2.74872875776069
237.152038574219 3.96330222572762
238.14826965332 3.05491476419814
244.106750488281 3.25045977429004
246.182708740234 2.99454552924673
266.144683837891 10.0651945852763
286.186645507813 2.80656711451581
294.138610839844 2.84175574233382
303.208801269531 4.21862616900518
315.138336181641 3.95304062973098
327.215270996094 4.22811285026273
350.229187011719 2.9497477525697
365.214172363281 12.7964908131892
374.227325439453 7.91013909859077
377.172760009766 4.36689107529554
393.225463867188 2.93895926845208
428.234344482422 3.31174731808477
429.241516113281 3.04393001484995
436.292999267578 3.72431791776377
445.264770507813 13.1564678797714
464.278930664063 12.8827977349255
478.260803222656 3.79861936827226
492.268524169922 3.16204553787098
497.305480957031 3.52991229233426
506.205444335938 8.5269487190596
535.325805664063 3.91109171104523
549.317138671875 4.30198879521482
560.209350585938 4.91817458395322
563.346740722656 9.25621958491356
575.296081542969 3.29148110988692
577.242553710938 19.1486333902974
591.300964355469 3.38774326044856
608.327697753906 14.1529399060342
615.269165039063 6.20055035687677
634.388732910156 6.27553778448756
648.386413574219 3.51496379385269
660.360168457031 3.94555813671637
662.378601074219 4.52205094718171
673.318054199219 3.98939963563027
676.443664550781 3.9026018130164
677.358520507813 3.32213859498497
679.367919921875 21.347543375694
690.320861816406 12.8027947636157
778.435302734375 15.7692915658432
788.424621582031 3.57640432306543
789.389465332031 5.16491897816166
797.44775390625 3.77362313631103
847.490417480469 3.44411545410308
868.4970703125 3.78944531628342
877.500671386719 14.2087805348114
887.483093261719 3.87239654647261
926.467651367188 10.8821872898155
943.493103027344 6.30697874516674
976.577026367188 13.0615912380809
986.555908203125 4.07366860135778
1054.51672363281 13.5001346398506
1058.06140136719 5.15873836727418
1104.62866210938 15.9302488716683
1153.5859375 13.189223880909
1187.576171875 7.39767377697654
1224.68383789063 7.41680250292134
1241.69641113281 16.3518976101985
1252.66613769531 10.3002586617205
1340.78039550781 10.247322853476
1351.73400878906 7.90282592000769
1422.78186035156 5.74373875232183
1453.89086914063 7.86501490017729
1470.76245117188 5.42622092573166
1524.90625 34.3714485188247
1586.86499023438 5.08051858765536
1653.96508789063 8.84813502499969
1656.88488769531 6.28595109762931
1750.97888183594 9.37404308810042
1767.97741699219 6.47863662794444
1855.87915039063 5.861211419519
1873.87121582031 6.14985939165718
1914.91674804688 24.6164549352709
2013.33825683594 13.7001362023628
2015.15173339844 17.8608103852881
2030.53857421875 100
2041.69421386719 14.9762321220448
2045.7333984375 44.3312069808175
2052.81274414063 15.4584332816926
