1162.6964 80 1
86.1160202026367 8.84014518459451
99.9505844116211 6.43156121011075
112.093971252441 9.28855258420748
120.082939147949 7.53493143364004
129.127899169922 8.12371951280981
154.282592773438 6.32011359699709
158.090087890625 8.42208689921282
175.128890991211 42.738519641346
201.123245239258 7.48402941815897
229.136962890625 8.27821878834819
246.15837097168 7.73597676287681
262.134765625 9.58837838871701
271.187408447266 8.12778730758552
272.178039550781 9.06598899424752
288.215270996094 11.5981408128959
299.199432373047 8.4331490933504
328.215911865234 10.1506635284661
345.238006591797 100
347.238098144531 9.34693644086903
363.187896728516 17.0764994120612
371.223419189453 8.0793696335977
414.263519287109 9.58627696744998
434.249298095703 9.46864866045518
442.254028320313 17.7657831707186
443.244659423828 12.9418606359492
444.2451171875 15.9247515648738
460.264923095703 26.6878557006545
462.253051757813 11.9321029298946
489.289428710938 9.66975162309334
492.225921630859 8.18676581396063
506.317230224609 9.79454698544489
555.333068847656 9.38360984406629
556.33544921875 10.4695005407381
572.367248535156 24.9259943168387
573.35009765625 22.6566005014379
591.288146972656 12.3371934557527
701.406677246094 9.6313162495949
704.384826660156 9.63047030848288
801.489440917969 8.73883714277743
875.460327148438 9.47988815056486
1012.56018066406 13.051622472072
1109.56359863281 11.0762776895281
1151.85656738281 11.7437374373838
1154.04724121094 12.0962643474934
1162.9716796875 59.9388155996074
1163.96789550781 81.498595815901
1164.9765625 61.5710560447513
1169.0302734375 25.9852605799491
1171.07116699219 40.816971243238
1174.2734375 56.765256772628
1175.87878417969 31.2548148311099
1177.61083984375 28.4260429438001
1177.93981933594 25.9108578124205
1178.59436035156 23.9108049069117
1179.40258789063 20.730680267941
1180.322265625 17.5408658912558
