2129.2070 80 1
71.8959655761719 72.0735011410085
86.1250839233398 7.07169453697013
112.106773376465 8.60070193439241
129.132629394531 7.74912464921313
175.136840820313 28.9733290265125
214.130661010742 7.05506762218977
304.180694580078 26.8433677157681
313.205444335938 10.8205364630972
412.246948242188 7.74196178857626
433.209167480469 55.565520943236
443.194152832031 7.06464889117835
459.236267089844 7.95391459757175
485.247589111328 9.14265191791636
500.287658691406 7.32018627000283
513.17822265625 7.53314035327543
531.206298828125 9.24086256403273
548.246704101563 13.1128238406462
558.25390625 7.33992278686497
567.250793457031 7.76047271757406
584.297607421875 15.7256562140054
599.302124023438 8.66545356999032
656.404968261719 7.22774675066375
661.319152832031 100
666.327209472656 7.73728682952009
671.308227539063 8.31327288126141
683.368041992188 11.7559562294698
687.352233886719 6.99892479020522
699.434936523438 7.67067998860663
728.399841308594 9.30170256651689
730.344482421875 8.32175523358785
758.33544921875 7.77311872592697
759.343444824219 8.29788694841509
760.335754394531 8.68904146317906
776.348266601563 12.4948130781683
812.411254882813 7.00447468220922
829.403564453125 7.22632796722453
830.356811523438 7.24902762259089
889.422485351563 10.6170101479467
911.477172851563 9.55875450188573
988.485961914063 9.19218783509591
1119.57312011719 8.38876825802642
1218.625 14.2350123777117
1348.63818359375 7.33907237447104
1447.70532226563 7.32575881328084
1545.81469726563 26.2132189492377
1643.85913085938 7.5646276033791
1717.8466796875 7.16960609830354
1816.96618652344 7.67224644515744
2080.99609375 14.8935530867573
2129.67895507813 38.4535363872705
2133.50805664063 20.8645744982369
2135.71337890625 15.7879692090457
2136.59350585938 14.1589170720585
2145.79028320313 18.5598539903276
2146.77734375 24.5006014243121
