1582.8762 80 1
70.0777969360352 3.55820461805371
86.110237121582 1.46560290913943
101.08088684082 3.94898557049871
112.09986114502 21.5056505565968
120.091094970703 1.15478171546569
129.124526977539 10.6573511159482
157.120895385742 3.34409087264958
158.100936889648 6.57094849946518
172.112869262695 1.17144948984259
175.128234863281 50.9856647352878
185.121063232422 1.16599158062259
187.089645385742 1.95822724003048
200.110794067383 1.73102139914263
201.129287719727 1.91407894511163
204.109283447266 1.81939689303196
215.130111694336 4.41933462412436
216.106521606445 2.47709476126473
217.089065551758 1.83576327926928
232.14892578125 14.7588824717492
249.134078979492 1.62500523401207
268.181823730469 1.08716519864201
269.142028808594 1.41898902502788
270.139862060547 1.19515126481668
272.164978027344 1.98462844150302
286.186889648438 2.76743652852838
287.145874023438 3.56203183812592
288.154327392578 2.75618280974047
296.205169677734 1.10666448827815
300.132659912109 1.32693739494619
315.137176513672 11.4139570645016
318.139251708984 2.62148537510642
332.165008544922 1.9833496533809
341.169952392578 1.83365486165901
355.199829101563 4.91677657685963
362.184234619141 10.388532775749
367.205444335938 1.66838429969844
368.166778564453 1.65656483658643
373.212951660156 5.39962644502587
375.187652587891 3.02906352292655
379.211395263672 22.1286600565277
383.183837890625 2.89158797701056
384.158630371094 8.99828620010041
386.193054199219 2.1056112052719
389.203063964844 2.32785835368142
399.194061279297 2.68469401729925
401.180877685547 6.26255799074227
402.167053222656 14.2795407154002
417.204742431641 2.35525816730024
419.18212890625 2.89922539544931
427.207214355469 1.83880071168921
428.205200195313 2.26008188479918
438.183746337891 2.20519172417664
445.214141845703 4.84965701912772
455.188537597656 24.1167004242173
458.218536376953 2.13296778245896
462.242645263672 2.86785816007576
463.23046875 5.58495429347188
473.198455810547 29.8801713501045
480.252593994141 25.4865844271403
482.253875732422 3.01842508682369
483.258758544922 3.34867177421786
484.237121582031 2.813108818335
490.236206054688 3.04424129710075
499.260040283203 3.45578686667561
500.240203857422 4.20068766391513
502.232635498047 2.58282268216344
518.255432128906 2.70852222878836
537.286987304688 2.93630932519202
538.245849609375 2.80081810735265
539.267333984375 2.95779526552302
548.228332519531 2.40812384941066
556.237243652344 2.77765653602313
558.280944824219 2.75890949857953
563.288696289063 4.98135999790022
564.278869628906 6.43845347539051
568.2666015625 3.76714683469039
569.250732421875 3.72996350338407
574.265808105469 2.67460245221708
581.299255371094 60.3280625816652
584.292846679688 3.46567982353559
586.278137207031 22.7593073647073
601.288696289063 3.32683260101018
628.314270019531 3.59303797945337
637.288635253906 2.59853053304186
642.30322265625 2.43444194013141
651.322814941406 2.14194747933227
652.287658691406 2.87907195581737
655.309020996094 2.57494497831097
669.313781738281 22.193872939594
670.932922363281 3.14382106886956
687.329345703125 20.0146936300879
692.318298339844 2.86931098214462
699.374084472656 3.8240678082384
710.338562011719 12.1320829136378
740.379943847656 2.32814957427545
751.370971679688 2.81859058717868
755.331787109375 2.85206766946602
762.326721191406 2.57699326772051
768.382385253906 13.0027113887945
775.4599609375 2.25112076887174
780.343383789063 7.49368494719893
786.394775390625 4.75013714817044
793.458251953125 2.99429499993243
797.362121582031 15.9719048951827
815.424377441406 2.20746607093296
846.453002929688 3.2082274349355
874.412719726563 2.30860404342172
879.40087890625 3.13990607656701
896.426879882813 13.1518907866575
974.495239257813 3.48192125940872
979.474487304688 2.61508180293906
989.578186035156 4.48519709316045
997.474426269531 9.73623346815564
1011.52325439453 10.25739125339
1110.55859375 7.09863123397231
1181.57678222656 9.53216732050806
1268.60778808594 6.03617222899625
1385.63623046875 3.36238048423764
1396.63696289063 4.15410906573445
1423.63793945313 3.29263755357289
1467.58386230469 50.2958564750568
1538.64514160156 12.0249468039214
1544.86389160156 5.45862322207635
1564.90515136719 7.29295135066585
1583.09985351563 100
1593.21105957031 9.24499925676217
1595.25476074219 17.0203309331429
