1713.0264 80 1
72.105598449707 18.678061011584
99.9538269042969 16.6660275685136
100.066009521484 16.5747365625834
154.507690429688 16.9813190998745
154.634048461914 16.1420333407889
175.140029907227 45.7676733154103
242.196044921875 18.7982745057475
246.175506591797 27.4260773789295
270.205047607422 18.7721589674798
276.193450927734 18.8463226575316
304.173217773438 21.0418097561437
341.243072509766 21.1341325823431
375.216674804688 100
430.213623046875 20.0220303919959
469.716796875 16.9644436279084
469.894287109375 16.8323352530723
473.229248046875 29.6006759066043
490.241394042969 23.5958743399872
499.336486816406 20.2802154317213
509.261352539063 19.9130093173242
515.304077148438 23.9292243342588
543.312194824219 20.4675837644753
557.27197265625 21.0343017198141
572.284423828125 21.432135013039
589.307006835938 22.0852113073349
614.341979980469 22.7780101088796
618.437377929688 20.1382426878584
636.372741699219 20.2697531344275
656.327941894531 20.8738195741323
657.380126953125 21.0563057373517
685.380004882813 27.3723333090817
686.380676269531 22.9300299131386
698.342651367188 19.5084209463889
717.374816894531 28.376109809864
725.359985351563 20.61485455805
728.418212890625 21.1082026302025
752.434509277344 21.7936542152849
756.411560058594 22.0121955494967
770.470947265625 20.8997440583974
784.428100585938 32.1572100403317
793.45458984375 24.3392011356713
830.453002929688 25.6061683553718
832.438537597656 20.6874499327548
840.484191894531 21.7304983235172
883.542419433594 25.0700489529244
885.515502929688 22.0971155155599
929.537902832031 22.6692630712619
988.505249023438 23.0180382639354
996.553894042969 21.1344722339031
1000.46075439453 23.2623776779966
1099.66943359375 21.3930371301553
1151.49658203125 22.2418887765937
1158.59973144531 22.3018662245021
1170.72399902344 20.7472874673785
1186.55114746094 21.7543495180518
1283.76806640625 24.4261802393167
1412.82946777344 56.2262897640792
1527.1435546875 25.9079809303661
1687.9404296875 29.1716702552012
1713.36975097656 85.6119495079652
1718.31286621094 36.1975133002855
1723.32641601563 44.2507444190842
1724.42956542969 48.9927214857852
1725.54309082031 62.733924880268
1726.50793457031 70.2325371656322
1727.63464355469 84.5821697211827
1728.51904296875 82.8438922190395
1731.33605957031 58.8875073390146
1731.77197265625 56.2448554528517
