1561.9121 80 1
70.0775833129883 .964196976733342
86.1128082275391 1.06014110834582
112.096786499023 2.30748560518749
129.125335693359 1.20684869094366
169.146682739258 .998946471057482
175.125823974609 9.21486380906482
215.119537353516 .972868422630374
230.120040893555 1.16934256369039
232.148544311523 1.2728068562346
262.135620117188 1.53087637221903
266.160095214844 .981753727997343
271.17529296875 .978881781253901
272.173217773438 1.92804212525647
283.138580322266 1.06333996184754
284.155517578125 2.52494515194543
286.162109375 1.52483693821317
288.162384033203 2.04485811409385
301.182006835938 1.25081702474253
312.158813476563 1.82842235677097
314.208709716797 1.47906123940648
345.140167236328 2.34404520639585
371.233215332031 1.44814857053081
379.217132568359 3.77974388068081
381.166839599609 1.81130501531178
385.237243652344 1.37191722817576
387.190704345703 4.08324441129644
397.24365234375 5.38725886379252
398.216430664063 4.9281128397644
399.202026367188 3.15640071254087
409.191802978516 2.41844137918744
412.192199707031 2.50773509648482
430.227813720703 2.02944930780997
440.223907470703 1.80113990124563
458.21826171875 8.41334769812758
480.238708496094 16.9379627796854
482.276672363281 2.8796903259652
494.262329101563 4.21095879563041
499.238983154297 8.14139759477113
508.295227050781 6.18050260963143
510.319274902344 7.51808526240697
512.274047851563 3.02806496941325
555.236755371094 3.64124046072818
563.315612792969 2.62489836153535
573.249145507813 11.8105960459892
581.3310546875 5.21379244139179
583.295532226563 2.85222229087599
584.427551269531 2.93567111994277
593.31298828125 31.0766465594408
625.342956542969 5.68461676457941
627.331604003906 5.02372545923073
628.283935546875 7.44971388765036
641.325439453125 2.27303592609163
670.302612304688 5.09905326375374
682.39013671875 2.2267692832932
687.362854003906 2.25612496938909
689.333068847656 2.31755074410216
696.369201660156 5.18665684848218
699.30224609375 11.0690003231744
706.405639648438 18.7375686906449
725.294372558594 3.18844153610544
751.354370117188 3.31242213236368
769.361328125 16.6643737782695
771.388000488281 3.64427085417068
779.354248046875 2.85162125503554
793.425720214844 68.2929016478453
838.372741699219 6.13122990582125
843.433715820313 5.21544495238533
846.367370605469 7.31354453476123
856.37890625 16.8412505437788
873.362548828125 2.56045247197171
892.499389648438 3.06424026702109
951.453857421875 13.9197863668354
969.470947265625 13.3724209794859
974.41552734375 5.17936681916122
989.536926269531 100
1054.48291015625 2.72564019126836
1082.54577636719 12.3525186846834
1092.58325195313 3.33079446785173
1104.55676269531 19.2803501566742
1153.57080078125 8.49715735261707
1187.54309082031 2.35555014731994
1274.654296875 6.04842711243571
1300.64916992188 3.2055042742673
1375.67895507813 5.26089142968382
1385.54345703125 10.017047008885
1424.52734375 3.42634651802839
1446.62121582031 4.02876018581454
1562.08410644531 11.7648258343798
1568.12707519531 9.0643618553233
1571.16650390625 23.6612811356902
1573.16918945313 23.4807791411209
1577.35168457031 31.0565447199677
1580.62390136719 16.4986565323711
1586.13977050781 12.1015606625984
