1713.0178 80 1
99.9529418945313 22.0304602938163
100.066345214844 21.1400822271449
112.111129760742 26.5975824949203
129.116317749023 24.0878786528824
154.504821777344 22.7536838011817
154.634399414063 21.2199062287609
175.134307861328 54.6649542980602
246.187042236328 30.9984507626211
304.186737060547 24.6042416585155
341.2333984375 25.456193556086
375.211364746094 100
469.717987060547 22.1975537392218
469.912078857422 21.625495062801
473.212860107422 31.6112969366818
490.234222412109 31.0505817239202
500.245819091797 25.750160665228
543.304321289063 25.644564288446
589.305541992188 29.3256193652582
614.338439941406 25.7432093611056
685.386535644531 33.2442804626258
716.430297851563 28.0307517106263
717.384399414063 30.1346379435623
756.4765625 26.1704280932238
784.448547363281 42.4422529928925
793.430358886719 29.3717828758207
830.446594238281 32.9843373114194
832.461364746094 26.5244375993302
840.49609375 25.4813077506257
883.519775390625 34.0774334027351
996.666625976563 27.5363080899687
1002.45007324219 26.8127400127825
1013.62469482422 26.4040978961057
1028.62255859375 27.6705455766563
1186.58471679688 27.6895905979802
1283.80700683594 32.3863570936673
1339.78674316406 29.3355342914921
1412.83813476563 64.6721576970224
1713.35498046875 78.0718725202633
1724.35388183594 44.5350526817905
1727.57006835938 74.5663486277839
1728.40319824219 68.3014082894251
1729.45178222656 64.1214281739585
1730.69458007813 57.3512061471578
1733.0166015625 48.1642871915879
1734.79711914063 42.3942866222637
