1525.9775 80 1
70.0790176391602 2.1758184341044
86.1044464111328 1.41700315604305
112.097953796387 1.86620706103784
129.115280151367 .943113579796382
175.129211425781 4.9747826607789
219.115203857422 1.75354190304993
239.154525756836 1.20820127522152
242.116470336914 1.8213598940627
268.169158935547 .968812233309511
318.128356933594 .955812515435229
332.213500976563 1.33045532179125
337.185852050781 1.28595568459688
347.208679199219 1.67869894043838
354.208862304688 3.39624090700184
355.206817626953 3.60748389677483
371.236328125 6.2082027264855
426.23974609375 1.51593804800765
454.255706787109 2.39250056433437
470.304351806641 9.88794666380947
476.252136230469 4.42176741728251
510.321411132813 1.91552366497397
527.326538085938 10.0876470151149
566.378723144531 3.29842046915799
569.290832519531 5.09904231918951
573.317321777344 1.99930994470767
584.36865234375 7.59055990925537
605.293334960938 8.4011008376364
609.379028320313 15.1199560490922
626.3984375 95.8389241274213
637.376586914063 2.2851041476793
647.265380859375 2.57837366630913
664.261962890625 4.56928788300722
682.351806640625 2.14950487226638
707.350646972656 2.34325708337072
724.39404296875 9.22447720080866
741.407836914063 6.85835248863577
752.358154296875 13.9104818494975
760.345764160156 2.13559814550024
777.362121582031 5.2150849520179
793.379638671875 3.68348753496924
865.430786132813 8.33254196599332
925.444702148438 2.10127191678137
953.568786621094 2.82606435285983
993.483520507813 5.44565086867686
1040.62109375 2.51024571640776
1064.51831054688 3.74081772837546
1155.61547851563 9.36378672589372
1194.64758300781 3.17213214065418
1298.61975097656 3.08833530815808
1323.72607421875 4.30374366398877
1351.68774414063 6.178425526191
1369.67956542969 100
1466.62561035156 5.87305636361013
1483.71740722656 11.2056469262146
1508.94262695313 14.2033053325078
1510.80041503906 15.3326656966142
1517.04577636719 6.89392686657842
1521.95959472656 6.42301741168478
1526.16516113281 25.1872367718117
1529.06457519531 13.9383453301725
1533.21325683594 6.79826518391164
1535.18139648438 8.75326638058245
1536.19653320313 9.41868103489884
1538.26159667969 16.8866954254666
1539.24963378906 26.8914180872606
1540.85766601563 18.0222599016425
1542.40380859375 18.5789405507539
