850.5024 80 1
70.0788879394531 3.29675949139673
84.0850143432617 3.57472492520556
86.1024322509766 1.95031457979574
110.087326049805 1.25238971325801
112.097412109375 6.70295177510846
129.11882019043 3.31506914597423
155.108352661133 1.11746046205734
157.116836547852 4.41810327292522
158.11572265625 1.97360263958934
175.134979248047 10.0131406953625
224.125091552734 1.17376411429887
227.113967895508 1.18530435283055
233.128540039063 1.65310879267705
238.117691040039 1.2776507746067
244.123718261719 1.21140023146053
255.161315917969 4.38492196417276
258.165466308594 1.4906801468861
259.148742675781 1.20988878890852
261.158905029297 4.17330100805013
268.186462402344 1.75108384093842
270.179138183594 1.25767416286125
272.024139404297 1.62848454994883
272.186157226563 4.05819845957798
275.155334472656 13.2078265615166
277.150848388672 1.67086491002787
284.13134765625 1.42775370357487
288.167419433594 2.36220783143927
292.190490722656 4.7797291180331
299.668731689453 1.09723430396712
303.145355224609 7.18797796008288
305.193084716797 4.66303336301443
314.176300048828 1.10199421936183
316.178802490234 2.38721817704251
320.179595947266 16.2739824254684
322.169097900391 1.57571674841785
334.160217285156 1.96811590561286
353.191467285156 1.62172742044804
356.200927734375 9.11540481641615
362.206726074219 1.62751743990388
365.248291015625 2.16546084321199
373.222869873047 2.69619074350882
385.194732666016 2.16251858091792
387.183319091797 3.30920603427269
400.232818603516 1.95841445090739
405.233673095703 2.691250379869
451.308532714844 1.97591129989861
471.246490478516 1.74468785873764
478.200012207031 4.24789794952977
490.207580566406 4.25048883983575
499.26220703125 7.37925233492536
511.249481201172 4.66386737613679
531.279296875 27.6749708299676
546.270263671875 17.4292099524836
565.232482910156 5.20343553002635
566.323974609375 4.80935755549501
567.336486816406 3.14138711595399
577.230834960938 5.60398525012853
583.364196777344 3.78730953019791
603.278442382813 2.56639652197356
621.390747070313 6.11592138277357
666.082763671875 4.84406070286565
676.382263183594 3.11524365557
693.273071289063 3.74882331830309
694.330383300781 12.7816994085851
704.330505371094 4.92965381058508
705.306823730469 8.16906777956446
711.325317382813 3.52438030060301
722.338745117188 100
806.342468261719 4.91164882721107
833.413513183594 8.30622743214681
833.519226074219 8.16620794591086
850.681274414063 33.0084195384838
856.921691894531 70.5922743587285
858.531188964844 33.4015219632205
859.405029296875 22.9525325139239
860.009399414063 16.9294836672368
860.596252441406 13.7852686206357
861.077514648438 11.1994886144701
861.796691894531 10.073277574088
862.797119140625 6.59859272708446
