1963.0222 80 1
70.0904388427734 4.51180609240856
72.1082458496094 2.71791592446804
84.1023941040039 7.36906538998551
86.1217956542969 3.38723509213183
101.119232177734 3.51970214450796
112.111587524414 5.07593716244154
129.138626098633 4.31265553390539
169.142623901367 3.1160048870724
175.141372680664 23.5909413309212
183.175979614258 3.23171362650323
186.141342163086 3.01935958526375
197.16828918457 2.75434812784039
199.169357299805 2.95773544141608
200.165573120117 3.61527868270518
228.166412353516 4.88983568290237
242.17724609375 3.35222396136895
257.210571289063 3.15970273787683
269.180908203125 3.38956569946254
274.208953857422 27.9714996933215
286.173004150391 3.78525250728505
288.213073730469 2.76219633286457
297.179962158203 19.5892325274852
299.194274902344 3.86071071646257
300.179565429688 3.37153257529364
313.218353271484 4.32038009528377
314.208709716797 3.49926339750374
327.252655029297 4.5721190104711
341.234222412109 3.64542993965623
356.228118896484 3.73984302130354
357.188354492188 3.63309196244046
371.2412109375 3.9118646560706
375.257659912109 3.28981860077878
382.271911621094 3.77859927286197
384.266937255859 3.10016779468072
385.240173339844 5.64200657279971
396.234405517578 3.34543125088202
398.291717529297 4.25345495630017
399.260345458984 4.30181726364211
402.305023193359 8.21241849275163
403.264312744141 6.15192337220637
410.261566162109 9.07597376096069
412.282897949219 3.58065122420659
414.232055664063 3.57604911723926
425.265319824219 3.17159574875269
426.260894775391 3.85759414266395
427.287994384766 3.82890323779765
428.242248535156 6.4571268553287
442.290283203125 3.09248665936329
453.274047851563 3.43568734268683
456.286895751953 4.25781641051302
457.268310546875 4.03046032384575
470.3076171875 3.91802241120091
474.28955078125 12.2554987616395
481.300903320313 3.23663449282082
484.27392578125 3.26192934401352
485.28564453125 3.46471751365439
495.297088623047 4.52642665195359
496.313659667969 4.75527173984306
497.313232421875 4.16899895776247
498.306976318359 3.87946233084147
499.315368652344 4.00144945334973
507.273223876953 5.56373728009963
509.318756103516 4.24603286949917
513.312805175781 9.371935032345
524.30517578125 17.0821805875399
527.3095703125 9.14629502901036
541.317321777344 3.53339386886022
566.359985351563 3.9663987415417
570.341613769531 3.5944365860028
573.39892578125 17.6472606979468
584.372863769531 3.94258120573882
587.3701171875 14.8276949197142
592.382751464844 3.47909101208524
595.364318847656 3.38556266103756
597.35986328125 3.46424751701545
598.408447265625 7.42606752325456
602.364318847656 3.85008113254781
609.389526367188 5.06535326636174
610.40673828125 4.33525427508762
612.372863769531 3.93648708185061
620.347290039063 4.18292635896641
623.3701171875 3.80337640398415
626.394226074219 9.25114378514744
637.388854980469 13.6859520034185
641.386169433594 3.50820011896569
655.435119628906 3.42283006215874
667.38623046875 3.77515459104719
670.441955566406 3.87246410048964
680.418823242188 3.91192466847429
684.386474609375 16.7702593340428
688.427185058594 4.59574700961208
697.450073242188 6.75402992941009
701.416442871094 11.0042326054711
708.427673339844 6.6151947015284
711.412414550781 3.97192681878808
726.487365722656 4.0919264450827
736.45458984375 3.57410625336605
740.466491699219 3.73149511500843
751.475219726563 3.53941350499108
754.476989746094 9.3908503991621
785.436462402344 3.74867042368841
812.463195800781 4.18890136275684
814.505676269531 9.78329141049764
824.479858398438 3.94229953948231
825.532897949219 7.39350823090925
837.488098144531 6.03767935762337
853.543701171875 22.4882547282024
899.541137695313 4.50799470163455
925.545654296875 3.86545848167605
936.539978027344 3.90742750782094
942.563232421875 8.00327737688353
950.580993652344 3.42204552814769
1013.59771728516 4.17158883978701
1021.62573242188 3.86462207764775
1023.57702636719 3.90745072870076
1068.64465332031 4.33231261181231
1093.63403320313 7.89099507429047
1110.66540527344 26.3121754286445
1149.69848632813 3.84051066200871
1209.72863769531 8.23915658193908
1221.69775390625 3.84936249155288
1238.75830078125 3.96254362313687
1266.75268554688 9.81139651589577
1337.7978515625 10.8874086606692
1450.89025878906 100
1547.91479492188 3.61927614208761
1548.90747070313 8.27955518299748
1565.93872070313 6.98849175608706
1578.99926757813 12.4344723357837
1636.96118164063 4.42336303864887
1689.99499511719 5.37744158956561
1835.12561035156 19.4161899279307
1838.03015136719 12.1305411759336
1960.56628417969 9.37316483426583
1963.64404296875 56.9333415633761
1975.88732910156 11.8471601931538
1977.85009765625 28.5526640326268
1980.83581542969 23.6011340908825
