1461.8121 80 1
70.0893325805664 3.08760574317791
86.1168670654297 3.31939545408823
110.088722229004 11.517398604836
112.102340698242 4.2230356771113
129.120361328125 2.63015243333295
155.097885131836 2.66110537904362
175.138122558594 5.06157817805969
201.138793945313 3.24646634193797
204.14567565918 3.10890695545238
228.162551879883 2.57520439683593
232.157623291016 3.65428160756627
239.124694824219 4.5360673989148
240.185699462891 3.30875437813552
251.170928955078 3.11325756280448
268.18115234375 5.23055663001876
270.203033447266 2.60628092248037
287.200988769531 2.64673175164017
296.213043212891 3.06604307575913
297.187957763672 2.72204098831751
310.167907714844 2.80215507843723
312.197418212891 2.97740236079106
317.244354248047 4.69265895447889
329.207885742188 3.06422702879318
339.249359130859 3.36033533013509
352.205688476563 3.37582851987148
367.246124267578 8.56883981620855
407.249359130859 2.96238802376894
416.288055419922 4.042605536701
423.293334960938 5.58385884958062
425.272552490234 3.13511285375795
449.244934082031 6.98228906758224
451.282165527344 9.74598008692628
466.2578125 3.64420242191923
480.343505859375 3.40774674828854
507.303314208984 3.46193928331313
508.311798095703 3.56631472351391
524.329406738281 4.23745203411259
534.31982421875 3.90009396949421
535.318481445313 3.22105629215654
552.326721191406 10.3986727408876
579.34326171875 4.96353726403388
605.361755371094 4.10901608075217
614.329162597656 4.18266300327623
622.383422851563 3.69157493817191
623.368347167969 5.41801754688826
626.325805664063 4.58186759095333
640.375854492188 3.46981035645215
663.394653320313 3.42750860141336
678.42333984375 3.4064393944507
683.462036132813 18.0823152721526
686.347900390625 3.38032926668798
694.451171875 3.22688478115647
719.490112304688 3.63327840884889
727.407348632813 3.64709678582934
737.47705078125 4.03146709447884
739.421752929688 5.00898124589671
745.022705078125 3.51363170722513
751.472778320313 5.56257372925707
752.466918945313 5.27474403361704
762.448791503906 16.4727986536105
779.479187011719 34.7541576101792
782.478454589844 3.94304932333565
797.477661132813 4.52413982616743
815.473510742188 3.62151409909872
822.542846679688 10.8596187071285
839.571899414063 8.65774034587933
852.521728515625 3.92047934665904
893.605834960938 4.80487640856752
910.605102539063 11.9452638944966
916.518798828125 4.25267189503214
933.541625976563 4.4413193979913
993.615600585938 3.42922161302366
994.651611328125 5.22719278734638
1011.66461181641 8.38508317270129
1018.64172363281 4.92204596526108
1020.62530517578 3.72852236994904
1029.6162109375 4.24640728291577
1046.65161132813 3.42405320647652
1117.73059082031 4.62794978271429
1128.69873046875 4.05809786715845
1131.71545410156 4.6707882746209
1145.74548339844 3.96593660828719
1148.73657226563 7.0797994159253
1230.82397460938 4.65002309616785
1261.81164550781 5.66953833311436
1289.81774902344 5.41138813180686
1315.78247070313 6.01401466441052
1331.87573242188 6.64641068128583
1333.77514648438 100
1369.78674316406 7.69074267496894
1417.86767578125 9.71676741540296
1423.77685546875 6.8734740456017
1446.09643554688 8.86332782994861
1462.29650878906 64.3530678270169
1467.2626953125 9.16757100306186
1474.48852539063 13.5143365971684
1476.52502441406 19.0354493367641
1480.3447265625 9.65302985376235
