1834.9331 80 1
70.0842056274414 3.51456370872724
72.0935745239258 2.68288655192202
86.1099090576172 2.38688628382916
101.087661743164 2.95685306029906
112.105476379395 7.44332361691387
129.128601074219 4.33044288426775
157.126373291016 2.13026367421969
158.105911254883 2.43739548101337
169.122634887695 3.31582526256733
171.145202636719 2.52394232762796
175.132476806641 54.6823630101157
186.135360717773 3.07575215146623
199.156784057617 5.23496246943364
200.15007019043 3.14366039720629
201.115432739258 2.03817087770985
228.146301269531 4.18491313632596
242.175399780273 2.34934448475029
254.153274536133 1.98898314650045
256.186737060547 2.33476557739022
257.171875 3.89775528520697
269.179229736328 3.54607542589992
270.193176269531 3.52268867156196
274.199310302734 64.6015248559609
284.180694580078 2.74048492997972
286.156372070313 2.88371420182636
297.168151855469 24.7964733559532
299.177886962891 3.80514662528227
300.168853759766 4.31061836018852
313.2392578125 2.63539487945895
314.192291259766 2.67418525352406
325.210357666016 2.57750270712468
327.209899902344 3.60403065552887
339.200714111328 2.23454944009826
341.218994140625 4.70461919379379
356.210510253906 3.29961507718651
357.199127197266 4.46098871859175
368.211212158203 2.74360646882361
371.211486816406 3.41638319675488
382.247619628906 3.94682501208997
383.246185302734 2.57995829199938
385.217346191406 17.6733161577428
393.222137451172 2.31133877862878
396.234344482422 4.28719176418366
399.233123779297 5.10503159580032
403.239105224609 7.0078302723741
410.247833251953 12.0258936933979
412.254699707031 2.95442423929221
413.229827880859 2.815271591134
414.223602294922 2.51254112268294
426.278228759766 2.71425694776222
427.256164550781 3.60233844915746
428.227142333984 7.32849729706021
439.254730224609 2.67885433192341
452.272155761719 2.866264159992
453.268859863281 3.77819865446844
456.250396728516 4.99668943120163
470.295013427734 9.15423073409461
474.271911621094 15.6855687618752
479.273162841797 2.63457442497992
480.277862548828 2.56872476674154
481.293487548828 2.96055843669945
482.278137207031 3.01223368694404
484.261016845703 2.99615711814587
496.296569824219 3.82324072337577
498.299865722656 9.21061561405348
507.266876220703 6.9305810312433
509.29150390625 3.51969111836342
513.279541015625 5.46433064166681
524.292175292969 23.1494624387931
527.292175292969 13.0319375505857
541.3232421875 4.02401575794901
552.32470703125 2.72881669462599
555.316833496094 4.07073725956355
566.332824707031 3.34957774402394
569.335083007813 6.13889183021093
581.350036621094 2.86242040222947
587.354553222656 14.3224598307596
592.3427734375 2.89029203061877
595.349731445313 2.53243336745808
597.348754882813 3.5072172297606
598.364074707031 5.1363463349608
599.37255859375 3.63468775373972
608.329406738281 3.10377219766813
609.375610351563 6.27775473922406
612.338806152344 6.80853211669008
620.340393066406 4.33313914119647
623.37060546875 3.92764768699679
626.358459472656 23.6503557274888
637.371948242188 20.6568629321112
652.349914550781 2.5642996045014
654.381286621094 3.37198721167245
667.341003417969 3.02977750369414
680.397521972656 3.36942639613554
684.376037597656 18.7155252996247
691.3837890625 2.94199485575751
697.428344726563 4.29866748216983
701.401550292969 11.6422068839847
707.424987792969 3.11811611015826
708.414367675781 7.76382093434706
711.387268066406 3.09122845942538
725.428527832031 12.0406795138423
736.446105957031 2.94332767610049
751.434265136719 2.60708560100341
793.484741210938 2.68978757469431
797.4619140625 2.86822735052534
814.484497070313 10.0704271717687
824.473876953125 3.10258941719034
837.454956054688 7.69822735766237
864.508178710938 2.69019369611318
925.560668945313 2.85961293331959
936.533081054688 5.00223117389796
942.552795410156 7.90932178947697
954.567138671875 2.73489067333058
1013.57098388672 3.47420308637031
1023.58898925781 2.92750435026396
1068.63110351563 3.75130319760743
1076.5986328125 3.38710839149122
1093.61901855469 13.2572962115567
1110.64453125 26.0303835674263
1134.66564941406 2.47869983384666
1209.71240234375 7.29904791838584
1249.71118164063 2.83067399432171
1266.73901367188 9.08993733394439
1337.78930664063 8.17483486936848
1450.87329101563 100
1460.83483886719 4.22739925585417
1462.81372070313 3.80553774271462
1547.884765625 2.77490752191531
1548.88745117188 6.07917454457062
1565.904296875 6.23259436185547
1636.91003417969 3.69187980762197
1835.53369140625 70.3392078563404
1839.39819335938 24.6384250115839
1847.64660644531 8.59969423984143
1850.701171875 8.34027571844683
1853.70812988281 9.14710860527775
