1050.6290 80 1
70.0795669555664 .626553737078348
72.0928115844727 1.70275208347049
86.1061782836914 3.3727391005247
101.086837768555 1.98625089288483
112.094879150391 3.79121223688304
115.098899841309 .625977368439368
129.11735534668 2.30024817083869
136.087753295898 1.49960571792305
157.103698730469 2.13154296818692
158.099838256836 6.2654737610615
175.1240234375 38.4455888198216
185.119659423828 .596816429076709
201.124725341797 1.203139481792
214.161437988281 1.54938310097107
221.103286743164 .768623541179546
225.133010864258 .784067313426625
228.135299682617 2.30592149116337
241.137847900391 1.10325932503648
242.154312133789 2.8820763679503
251.112899780273 .737488377705008
255.152297973633 .686743634970117
271.176940917969 5.74063952675117
279.104675292969 .84198443705122
285.160949707031 6.24799050439347
288.201873779297 7.15793785530079
298.154937744141 1.01291492881804
299.136810302734 .611389858142435
316.159240722656 6.98396154656293
320.164215087891 1.720519818223
329.1787109375 .727616765347379
336.1220703125 3.60858478610634
357.190765380859 1.18714857112587
366.143951416016 1.4070535014461
373.186645507813 2.03443817486929
381.223876953125 4.85432604560071
382.216094970703 4.99001193989657
382.80517578125 2.29198672995086
390.227508544922 1.07424734214178
399.235198974609 10.6525525419162
405.128051757813 1.27022710929332
416.259521484375 5.00187308279895
423.146789550781 5.56464392079351
427.213806152344 .848348448207562
433.180023193359 1.08927133739977
435.184692382813 1.89276321089577
442.267303466797 .876948616778894
448.222137451172 1.72657737094811
451.211700439453 2.69157745224837
470.202728271484 .988201324336237
472.230499267578 1.36073562757166
479.222930908203 1.33560635224389
481.272979736328 1.27803431410916
494.216857910156 2.03503124575499
498.300964355469 2.0945553988369
508.228790283203 2.14889406796281
515.316528320313 3.07339631074927
518.211853027344 1.30217432268639
522.213195800781 6.36998708086546
536.225646972656 11.1731543113727
538.292846679688 2.39848440926154
555.328247070313 3.02647259870082
563.242431640625 1.78174235271391
572.341979980469 6.90733775546753
589.27099609375 1.07156347722176
599.259033203125 2.30272598203085
607.296875 3.89791509052451
608.29052734375 2.58517033251595
616.272766113281 1.09000230873978
635.291625976563 5.4375839408328
650.280639648438 2.00888279501564
652.331481933594 1.41511375964145
676.329467773438 1.00879940545488
718.353332519531 2.39765649355406
735.394592285156 100
745.337646484375 2.37408711291626
763.349060058594 3.32563077005217
832.43994140625 1.306871906151
833.386474609375 3.3549750230564
850.4111328125 6.17581895413827
876.418884277344 1.23662324005054
917.465454101563 5.86368868656333
937.3955078125 1.3576778448461
945.562133789063 1.52566778622025
1000.51647949219 1.67424802338139
1005.47027587891 1.80462979755919
1006.49157714844 1.8472309431949
1012.45172119141 1.61519616149273
1032.59533691406 2.09697113925197
1034.10229492188 2.31195851546294
1050.79321289063 36.8799635387901
1054.81677246094 6.10448871207523
1056.83288574219 7.69680391427613
1057.92358398438 9.87176218490613
1059.00378417969 8.87340965032355
1059.82543945313 6.27422319404458
1060.22534179688 6.35940643171266
1061.34765625 5.12587058075597
