1005.6483 80 1
70.0808410644531 1.86807399814384
72.0889053344727 .794883475039111
86.1081695556641 2.18722612396083
112.102668762207 3.89790126864645
129.114166259766 1.00004379652602
130.120697021484 .564167274687892
157.119979858398 1.27267728398792
158.104629516602 1.86104894211684
175.12825012207 15.2961345994895
185.118011474609 .922203650474061
225.171722412109 1.1059360686581
227.179122924805 .642006500637274
228.160583496094 .907381145749637
240.113693237305 .701262087780298
242.16130065918 .644258828510713
243.144760131836 1.88868406997864
244.162475585938 1.09054614752409
251.124298095703 .675451958858067
256.175933837891 3.46790746798429
258.132263183594 .837484538090873
269.147735595703 .879414150711379
270.192626953125 1.07300538627705
283.168090820313 1.06348924839201
286.159210205078 3.9833350316891
303.184692382813 13.2986764366435
305.182586669922 .980782276975392
314.175628662109 2.63585240318774
320.162536621094 .745175447507167
334.169616699219 .69606564570009
342.186370849609 .65843429450769
355.249145507813 .728483573791501
356.220367431641 1.1408375721164
357.20947265625 1.42989284825578
380.180084228516 .88935193935282
381.200225830078 .790197401522152
385.216827392578 9.35337541919671
397.219848632813 .898115653320335
398.178833007813 1.10375684360347
399.226196289063 .800219783116386
415.208984375 1.50901767452757
417.254547119141 .874255963493815
427.267639160156 1.23363950472133
432.226287841797 1.4214157038783
433.249969482422 1.22080528964524
442.229248046875 1.15538113860239
443.234252929688 .819564792685862
451.251220703125 1.15842069970223
456.266143798828 1.9404032886459
470.213256835938 1.42731163796514
470.310668945313 1.89278662752053
473.257385253906 1.01070272857016
486.242553710938 3.40497801677956
498.311950683594 4.83372854653509
503.273193359375 2.18486942464523
508.309600830078 .831601999746272
514.218078613281 .929309128520353
516.324401855469 1.05063400919496
565.276672363281 2.79718142947652
569.338195800781 2.29570303707298
573.332824707031 2.6328231401019
585.294494628906 1.04963126683716
599.319946289063 1.78949251697119
616.346984863281 9.71165878529768
691.419738769531 2.50644754138012
702.431579589844 1.86912188647181
720.417175292969 1.53879448904249
736.395629882813 1.42200766131145
737.396362304688 1.63482007461192
745.387756347656 1.41692756538484
803.457885742188 3.34181059345446
804.444641113281 3.17559348876923
831.457397460938 29.2826066868828
833.007202148438 3.22848851231946
849.466125488281 100
945.486511230469 5.37269608597346
948.420593261719 2.32595986271177
963.45361328125 10.1250435185034
988.574096679688 7.64644235399696
990.1669921875 3.74801294944296
991.176818847656 2.74620359646871
1000.73626708984 4.28692842802069
1002.75573730469 2.86786057620346
1005.83142089844 9.45045501125601
1006.81573486328 12.0501667186156
1009.78796386719 4.57564345349647
1010.79266357422 6.6726161060315
1012.89691162109 14.2382912075463
1015.40771484375 7.88993991778081
1016.24261474609 5.97017587074841
1016.68939208984 5.14884622915685
1016.99548339844 4.82854973950657
1017.87322998047 4.00398143196821
