2015.1382 80 1
69.9970550537109 10.7129175334093
99.9482879638672 9.68276688970061
100.061943054199 9.21967903284187
154.584289550781 9.69916557671165
154.712478637695 9.16183663071419
313.226043701172 11.392235217861
412.248809814453 10.7099253004687
458.261871337891 10.8810361603755
470.732727050781 9.77006542743017
470.985931396484 9.74340005591693
476.252716064453 11.7934328306211
483.34521484375 12.5736531364817
505.261871337891 11.5827029929949
525.27587890625 11.7221839744231
526.325012207031 11.596575823691
542.305053710938 11.6950922641051
547.291076660156 12.3672643858706
548.261535644531 11.1478180330989
576.309692382813 11.5648949381254
596.30419921875 11.1803186884759
604.333435058594 15.4408174314566
627.372802734375 11.894300716021
648.393493652344 11.4463334438645
658.354125976563 12.4193470092486
675.372741699219 24.5446847821998
695.3994140625 12.5615529391695
698.3701171875 13.2252381398395
701.442260742188 11.9947568883041
746.423522949219 13.7580084417131
774.434204101563 27.0415639528976
817.46875 13.9601888334276
837.376342773438 11.6615431297206
845.48193359375 26.9770536996175
854.450988769531 14.0435523298048
872.46875 51.5778579779004
911.470581054688 12.7078456519555
916.489562988281 13.5133755280532
929.492492675781 100
944.55908203125 19.3975197933823
1000.53430175781 67.0829615239686
1015.62817382813 17.1788614288022
1044.48950195313 12.4876837081478
1071.56970214844 80.0253498274432
1086.59692382813 13.024363822062
1143.66552734375 13.1322063324198
1170.62512207031 46.420536911346
1216.61889648438 12.1504239358042
1241.67663574219 58.1427157667783
1278.65979003906 12.2839976018552
1340.76171875 24.639829270249
1352.57385253906 12.3375852085269
1411.80078125 25.1002905363667
1482.83996582031 19.4482563050025
1553.89660644531 17.7003315584963
1624.96520996094 13.7112124560783
1711.9931640625 15.7497858214251
1998.3125 13.642477938466
2015.44665527344 17.2282037467151
2017.18542480469 17.6949200539419
2025.87316894531 12.6581365949164
2030.72692871094 18.5541148700364
2032.74914550781 47.1066308598623
2037.87487792969 44.040508212236
2041.31567382813 25.7159241360884
2042.93151855469 22.8401855315323
2045.03771972656 20.0223215056175
2048.35009765625 15.6695321119558
