2960.6765 80 1
100.09317779541 100
100.240676879883 49.6555742249404
154.757827758789 10.3317324676605
154.924468994141 10.1409982238526
384.254455566406 11.561094359147
472.871826171875 10.1935139017616
473.046600341797 10.3599526619284
533.272277832031 12.2490342249597
542.314636230469 11.4278903421325
596.306762695313 12.1043194092794
604.323181152344 11.9050799779669
675.340087890625 14.9402481535094
774.42041015625 15.0056080277988
776.437133789063 12.13928226477
837.463439941406 11.7757048449075
845.452758789063 19.0022335295836
911.407470703125 12.3398024271542
964.563110351563 12.2528602569306
1092.63854980469 20.2429577264213
1221.69311523438 21.3115718972953
1350.73815917969 18.8738782661009
1403.61730957031 12.4951724462179
1421.73083496094 18.9954214700768
1475.69580078125 12.2013866940757
1492.81201171875 25.2881034586728
1621.81713867188 15.8934307325764
1817.990234375 22.2370879473084
1856.98815917969 13.3362515089944
1875.01672363281 33.3803677509756
1946.05981445313 23.2735568330231
2017.07446289063 28.4607511559225
2099.111328125 14.5287254556047
2116.18701171875 17.4793598665776
2187.21997070313 21.2323665900127
2228.19409179688 14.7686058529669
2287.22705078125 15.7548995892009
2357.314453125 14.0485669041401
2374.24169921875 12.5480046943813
2428.29174804688 13.7710083721253
2489.26904296875 19.3172697968226
2500.3828125 15.4563344818109
2512.2529296875 15.2933618331995
2658.33862304688 12.5924498271891
2701.18505859375 13.119516294949
2962.04272460938 19.0596511980642
2983.46264648438 25.7409582534832
2986.23754882813 37.1783506466905
3001.59228515625 19.993723200902
