1113.6428 80 1
154.257125854492 1.38210911431473
175.125534057617 1.97115046736946
201.138610839844 1.64051559449487
229.136413574219 3.01838607248602
240.145034790039 3.47570631487966
258.156799316406 1.73306005346749
260.212249755859 2.09483041536296
300.194915771484 1.68110780074832
311.1826171875 2.05502191742949
316.174224853516 1.6749397528144
325.244659423828 2.17573579117682
326.241363525391 1.78514574478634
328.205810546875 4.92821668688568
331.245056152344 4.11587218022762
353.237548828125 5.02155022330536
369.193450927734 2.32238381207931
370.223236083984 1.98734891323751
371.232696533203 1.95156626048792
373.275390625 1.99409453712206
387.203002929688 1.99496354613267
398.231597900391 2.58662792832349
424.264862060547 2.43602454518977
457.244567871094 5.08009981725218
468.267150878906 3.35129248090725
481.330200195313 2.9426804330636
488.278656005859 1.91877536957291
499.345916748047 100
500.846099853516 2.48094182018521
510.282257080078 2.29827716839683
511.307769775391 2.29075902187374
516.260986328125 2.48332592316592
526.283874511719 4.95995907150216
544.285461425781 7.38620601515814
567.365234375 1.95206153614246
570.384338378906 17.544159670108
587.321899414063 2.29007766911867
597.31640625 10.4793215987067
597.898498535156 3.92564821860849
615.328002929688 9.80301498088787
626.324096679688 2.09247747437475
640.349609375 2.19282588061085
657.422912597656 19.9504605171891
712.393432617188 2.9659511773525
755.399353027344 2.16706080832044
765.421081542969 2.48026225713917
783.424255371094 4.09936864160862
786.472473144531 10.2766187329669
836.459350585938 2.48702072481792
854.475402832031 7.09887696853307
885.564819335938 4.85847993762919
967.526733398438 2.98922171108741
998.593627929688 4.66598799356222
1025.57727050781 2.28554912625163
1113.91748046875 3.53055963329645
1115.95458984375 2.93350017323752
1118.95471191406 2.80554945311566
1121.00207519531 6.28858652145538
1122.0263671875 7.92656780900734
1123.09423828125 9.63126650140676
1125.009765625 4.51628883459618
