1188.69 80 1
79.552 21.216
84.032 22.071
129.003 22.419
129.09 38.015
176.653 22.229
242.189 30.526
270.154 20.899
272.188 23.401
357.195 23.401
390.222 43.572
442.303 24.208
445.179 41.229
503.316 56.729
557.311 30.193
574.278 24.303
601.268 24.541
632.348 74.81
666.313 28.388
686.386 64.835
703.066 25.712
747.362 51.868
771.469 37.381
799.441 100
801.395 31.697
927.544 43.841
947.5 67.495
998.776 30.114
1042.521 85.798
1060.541 33.407
1177.159 49.683
1177.871 45.076
1181.132 40.817
1181.545 37.603
1190.359 44.965
