1132.6615 80 1
72.0904006958008 6.66254449591176
84.0910797119141 56.3131213944907
86.0988006591797 4.36370518831537
101.110893249512 17.8909019031435
112.093971252441 22.8504958706805
115.120239257813 3.11153697711025
129.115356445313 17.149243093481
158.104354858398 8.42675056435165
175.129974365234 81.9924003221147
183.159957885742 11.6356804871629
195.136215209961 4.34358190985995
197.177871704102 9.01141330080421
212.149200439453 9.2015160568672
214.178268432617 16.5726334632152
221.107711791992 4.4326711619613
224.188018798828 3.06205109789292
228.167373657227 4.53331054077479
242.162719726563 44.855432817745
244.216445922852 9.91831425599658
259.220031738281 3.71873354313369
270.184448242188 6.40064986235856
271.208038330078 5.74699526161752
285.160186767578 2.98955302998559
296.231567382813 4.19184666266193
310.229400634766 3.16889540140363
313.259185791016 7.58696671998293
321.167877197266 9.49565387445866
323.223327636719 3.28419295998016
324.211456298828 4.97863375617161
325.220794677734 4.48894561969961
338.196014404297 23.2153548067322
341.233612060547 24.7403308632312
343.2451171875 3.52891976748183
349.207336425781 3.86269584497243
352.242523193359 5.50860844755801
353.2353515625 12.8685262222144
355.243041992188 26.0320335413437
361.174896240234 4.78831998163848
370.253692626953 50.8189919381823
378.190368652344 17.1138750058225
380.254638671875 3.41358764567219
381.235290527344 8.30166766980028
395.215606689453 35.3246012950696
398.253845214844 17.7936064495966
426.330688476563 3.83030407280045
427.288818359375 5.35764404785975
438.318450927734 7.17214572466759
448.278167724609 4.58262018127191
455.339874267578 45.5203476788559
466.318054199219 6.38213716302898
469.327972412109 16.0641794139896
474.270904541016 7.9002478331602
477.252502441406 6.45784923420143
483.341339111328 53.9510427741733
494.278625488281 24.6736797283545
497.327484130859 6.47753864674801
501.336730957031 4.23707981215298
509.312683105469 6.39196243344281
516.266723632813 5.07240716064505
526.351806640625 10.2426961261821
534.265991210938 17.8127979271239
537.3798828125 8.65966505719489
538.400329589844 10.1828121386354
551.294616699219 44.5410203506283
554.410827636719 32.7362860210229
557.365783691406 4.01644060648936
566.404174804688 4.42307067174627
569.350952148438 4.92550531542162
571.311096191406 4.99789880968484
582.403015136719 41.8977116196638
608.337890625 4.89646782954058
611.44091796875 9.28861079588736
621.360656738281 4.08497732067114
625.343383789063 4.31317815129221
633.326110839844 9.17907404631284
639.424255371094 26.0866252066357
650.364929199219 21.9170793617345
662.358703613281 4.08305379331976
710.487609863281 12.3575827620828
721.461059570313 4.21230274135161
738.491516113281 21.4446695364628
746.413269042969 7.77213008015644
763.45751953125 16.7715996465607
795.510192871094 7.26616846115371
857.429260253906 5.73824288163301
877.308471679688 11.5442517570772
891.498229980469 16.5555026218095
959.565307617188 5.84220215830689
1004.59423828125 9.59726456752398
1043.62866210938 9.09785833049751
1098.59399414063 7.91502627708334
1132.962890625 100
1137.91662597656 14.2400779779593
1140.00708007813 20.2665714859321
1140.91394042969 32.5391339068451
1142.00964355469 46.8081332541132
1143.04699707031 73.5897138089292
1144.10205078125 74.1076928177735
1145.1982421875 74.5124516375351
1147.44274902344 40.4685674743469
1148.6865234375 32.4093264169661
1150.06042480469 23.1515729128295
1150.3505859375 20.7127342303429
1151.8388671875 15.4404943106153
1152.5537109375 14.1288964316581
