1438.6191 80 1
70.0807189941406 1.59126452513918
101.086143493652 1.67955680053856
112.102180480957 4.67067603497219
129.127456665039 3.06104129994637
136.096237182617 1.83706321626664
154.405044555664 1.26512044200432
157.12565612793 1.62400030659182
158.110534667969 2.19697814277063
159.105163574219 2.51132671044178
175.131652832031 20.0160074529268
200.119613647461 2.45218901049246
229.141967773438 2.33140252513111
230.148559570313 1.94277934997871
244.127258300781 2.30512835322782
246.165786743164 4.90300342693881
257.132934570313 1.70518604177634
258.14501953125 1.56179062945714
271.158355712891 1.93165549853714
275.159729003906 1.50518584567005
292.135681152344 1.56945981895098
313.146850585938 1.71357263800804
314.120300292969 1.4987378803079
315.157806396484 1.9093691756665
316.162322998047 1.4979119213417
329.212249755859 2.32317577402133
330.194030761719 2.58852903673592
332.189819335938 1.61944675568239
336.129150390625 2.62402112900904
341.166412353516 1.97554214229687
347.213195800781 3.07391725003044
358.186737060547 2.19779919907974
359.159088134766 2.81292263447998
362.193603515625 1.63866433897141
369.194152832031 1.7309358143763
384.182159423828 1.76975745833824
386.196868896484 2.47843996415177
387.205505371094 3.53628656323035
394.187927246094 1.72411015941184
402.201721191406 1.93497936129367
404.234924316406 6.20916248519351
407.179412841797 2.51208588226793
412.198608398438 1.98170598480487
429.222198486328 2.40217793048743
430.193359375 3.37570336016277
433.228546142578 1.74002113174712
440.248077392578 1.72788326281339
443.221099853516 2.0842128669329
458.252502441406 3.79564674390862
475.271942138672 7.95139291148306
485.259613037109 1.76803602442833
500.236297607422 1.71220858929983
501.229766845703 1.97224149778431
504.193054199219 2.08800548845987
514.248474121094 2.15841532210217
522.183898925781 2.6070682957894
548.248107910156 2.07290437957503
551.224365234375 1.99066637692272
558.226257324219 2.30742316676053
561.210998535156 2.75108042537007
568.293029785156 2.06790140301466
569.291809082031 2.09626655816932
579.220336914063 4.61255318504171
586.310180664063 5.66324606739374
603.337768554688 5.35951498993882
629.294067382813 2.20554558229709
640.313110351563 2.46461067851997
657.3466796875 4.70756103687831
663.264038085938 2.10758725591844
674.380737304688 6.12866714588136
719.311157226563 2.0549152356489
720.299194335938 2.16287285493489
737.311828613281 4.92653377592178
739.303771972656 2.09509167802264
747.296691894531 2.3148863059019
765.298706054688 5.78567892050965
818.363525390625 2.34812826357395
836.348999023438 6.96451042380751
843.439147949219 2.19450507602615
860.472106933594 4.19028362925833
873.456237792969 2.64026168940531
875.455932617188 1.99899751762746
900.464904785156 2.8180434135651
915.467834472656 3.09561798288703
917.484802246094 100
921.464172363281 3.50978020888723
964.401672363281 2.89717784926982
1014.50665283203 2.81428067049552
1015.49664306641 3.72701944238399
1017.46856689453 2.03196756283662
1032.52075195313 3.9270914207904
1035.46447753906 3.11436833370452
1103.57067871094 2.5731591142375
1185.50720214844 2.09896755221728
1266.60083007813 2.72056730513816
1323.56201171875 36.1794222272264
1377.65551757813 2.78275205272403
1394.59436035156 3.06532187460883
1421.77270507813 3.21268039141778
1439.03430175781 26.013024935358
1451.15100097656 6.00004399440971
1451.41027832031 5.88743551109608
1453.31005859375 7.21971500132779
1453.55395507813 6.70157574359155
1456.87219238281 6.28508031532854
1459.17272949219 5.59159290141134
