1132.6729 80 1
70.078369140625 9.64010810082166
72.0966262817383 10.3041478996405
84.0974197387695 40.581913068636
86.1149139404297 9.37900558087628
100.079719543457 7.83976527376303
101.117889404297 17.7843842065603
112.109199523926 18.6538434204738
115.11848449707 8.93245366444454
129.128448486328 16.6135928633375
136.085250854492 8.88206524517548
154.256881713867 7.98540186710848
158.110748291016 10.955912475794
175.136215209961 48.9840874875259
183.173568725586 14.782090439815
185.166732788086 8.68437157485295
195.130828857422 8.80677720327581
197.184814453125 12.9933954052222
212.166961669922 11.9511824057511
214.19645690918 14.3095952374566
221.106674194336 8.83662892514258
224.192199707031 9.07146907100097
242.175659179688 31.2466509354914
244.225799560547 11.0009814217617
259.224548339844 9.8460957708081
270.200866699219 11.6293099969991
288.229553222656 8.80641484406719
299.210144042969 9.57253233522213
313.272369384766 9.60129038850868
321.182556152344 10.8037018353114
324.227142333984 10.1257832059732
325.248779296875 10.0320005162723
338.203704833984 16.084358713895
341.246948242188 18.5165561334963
343.259979248047 9.79448200715308
349.210052490234 9.88609827880952
352.268463134766 9.47314274929683
353.253631591797 11.6652616471334
355.261199951172 17.8386443816756
370.268585205078 33.4327879691126
377.211273193359 10.0246424321286
378.208099365234 14.32172316662
380.255004882813 9.59566071050717
381.247833251953 10.9780973416331
395.225219726563 25.143203671494
398.271636962891 13.8525194295604
427.288757324219 9.94771739775825
438.337890625 10.8865286394734
455.363037109375 28.928533765975
459.262268066406 9.28876266351585
466.328155517578 9.96548890323998
466.739990234375 8.32279454058068
466.912414550781 9.28893531786396
469.348175048828 15.4270863923959
477.279083251953 9.9321317966208
483.356811523438 37.2854552653014
494.310699462891 17.1514302141728
497.356872558594 11.2774470264938
509.324127197266 10.2125516874104
511.346130371094 10.2444470349761
526.360534667969 11.7916340271144
534.308837890625 15.0041030123756
537.398986816406 12.6622317567541
540.361572265625 10.0609488475458
551.320556640625 36.714561699242
554.432922363281 22.8370906358242
561.340087890625 9.88698504873524
582.4287109375 29.6920018367557
608.3759765625 10.3176774095784
610.445983886719 9.52860448404978
625.457702636719 9.94677517784687
633.365905761719 13.4832236713152
639.475463867188 16.5244527845808
650.400451660156 21.1983300699512
710.531433105469 13.6597844494284
716.473327636719 10.0823564106144
718.437561035156 9.59446774776658
722.498779296875 9.78130511327386
738.531677246094 20.3339991916624
746.474548339844 10.7144674772509
763.489074707031 18.3669827344506
795.59423828125 10.3245924669633
877.358032226563 16.72671484597
891.570068359375 15.3317129901865
919.060363769531 11.1476751468751
958.650390625 11.183197811849
976.624755859375 12.9987186038456
1004.638671875 13.9874758111975
1090.64672851563 13.5477230373227
1115.74365234375 15.0856829799092
1133.03784179688 100
1140.08642578125 17.6987992312769
1142.10339355469 28.7119807961369
1144.54760742188 26.6214349527824
1146.11645507813 31.2972786350603
1146.39086914063 28.429862445063
1148.10021972656 25.6427315299107
1148.99389648438 24.593624678734
1149.44604492188 23.0411574724573
1150.62902832031 19.7120205711136
1152.51611328125 13.4060685266684
