1228.5957 80 1
70.0854721069336 2.13195874285627
86.1114273071289 2.13655857838955
104.074645996094 3.11759658798014
110.0947265625 6.2105514545406
112.110466003418 6.69172901368735
114.125495910645 1.93580679588601
129.132110595703 3.99626905170056
136.095794677734 1.91308511156264
157.145355224609 2.13912214413443
158.115051269531 2.92088564966804
175.138534545898 21.3635973257901
181.133590698242 2.89152615071869
185.154708862305 4.55391443850159
201.133804321289 1.85387207588533
209.129287719727 9.52934517204912
212.163589477539 1.84432702767658
216.132720947266 1.98939397391745
226.147872924805 1.88498209778216
245.115859985352 1.94250785477091
250.189453125 1.81242808859155
255.167892456055 6.05685823556836
261.116821289063 4.69483671252439
265.15185546875 1.81273141684807
269.179809570313 2.13675798094492
272.191986083984 10.564292685624
279.134002685547 1.88336372847534
288.227111816406 5.49235873389209
306.142211914063 2.33053541122537
312.190246582031 9.07895472279917
314.165161132813 2.31842142517252
316.194915771484 4.27527625229044
324.160339355469 5.89396739669471
329.220306396484 18.2778217326191
331.165557861328 3.24729644907055
332.145172119141 2.60132779304639
341.195617675781 2.28214481127534
358.21923828125 3.24505843253803
375.262023925781 9.67463232552049
384.189361572266 2.17223556833993
402.193023681641 3.18303403083029
408.171875 3.31857365678981
410.195068359375 2.40530057645242
412.243255615234 2.24663797035825
417.244049072266 2.15561273057958
430.259552001953 2.34063945077596
438.203857421875 7.17451351422078
445.239013671875 5.74815280075506
459.265075683594 6.33235081350343
476.290161132813 17.5707454480367
486.276000976563 3.17568509678018
495.221527099609 3.84224432536955
504.307189941406 29.2289209942208
511.254913330078 3.55886257555252
521.240539550781 6.11940744253204
527.276000976563 2.60445357339264
535.329040527344 2.53675662561312
537.247863769531 2.44241953550634
539.249206542969 16.6249319022936
545.289306640625 2.56441277841353
559.323425292969 2.77749748443152
560.313049316406 4.27759885496694
577.341430664063 13.2242583090337
579.340270996094 2.53719977496101
580.307495117188 2.71875416557457
581.298706054688 2.77604066879924
602.316101074219 3.73653284075989
606.320739746094 3.31040376830529
608.307250976563 3.73464274090737
616.350830078125 2.53544895898993
619.330627441406 4.27938590818908
624.344970703125 8.37273211361911
634.334838867188 5.55395493045523
634.9541015625 3.76399257007814
652.347595214844 11.9617993658391
690.433471679688 12.7743287858963
709.371704101563 3.22355977985661
718.350646972656 2.75966084527242
723.356201171875 3.15420812784468
725.404418945313 3.15187419492256
735.381652832031 8.60362982155965
735.977172851563 4.44141623444319
753.397094726563 11.3074556071405
765.391784667969 3.46669923213675
773.457885742188 2.93925275920588
782.420166015625 10.0571378035184
791.480285644531 12.501819578841
854.469604492188 2.9060873721498
861.5048828125 4.51162136650842
872.486450195313 5.36441554924463
882.478637695313 4.06649000703983
888.508239746094 9.11920288080793
900.473205566406 6.64828416362272
905.539978027344 100
957.498596191406 7.87390906437074
1003.55029296875 7.52832446147753
1020.57830810547 12.3095777387022
1054.55786132813 3.81178413212854
1072.5634765625 7.55537561823192
1091.57897949219 5.25902531616796
1158.5546875 4.18575959564557
1169.68383789063 4.41351569996581
1184.57202148438 9.88008630646597
1211.75012207031 5.74467226651163
1226.93444824219 14.8995683512421
1228.98620605469 61.2841670686755
1234.09252929688 4.87008943541097
1241.3349609375 25.7042077789513
1243.21667480469 16.3181987116135
1245.24011230469 11.1239511445123
1245.65576171875 10.1766498203105
1247.79711914063 6.45398480948501
