1742.9630 80 1
70.0861358642578 1.22924675338211
72.0934371948242 .439256119412907
112.106956481934 1.68445504006625
115.102363586426 .667891411249832
129.126007080078 .581550197852742
157.143112182617 .40557288994155
169.155624389648 1.02602857333291
175.133117675781 3.80536586771295
197.148834228516 1.46693923744764
214.156295776367 .501962848351579
215.174209594727 .422171058984449
228.1533203125 .529004238885861
229.159942626953 .377771605230748
239.155288696289 .629301552116313
292.150787353516 .969261673129054
301.173950195313 .469146168641158
303.152709960938 .317891208167882
311.21923828125 .962854995351117
312.174957275391 .400823816536814
326.187805175781 3.55386044242406
354.229614257813 3.16107816979658
371.255920410156 4.38808885155543
377.194885253906 2.09155343780354
384.200866699219 .891446207225148
391.219085693359 .740950281018716
393.191833496094 .918369670848981
396.251892089844 .619073783314563
402.223724365234 .509554939492641
425.250030517578 1.78642756074665
448.217498779297 .521124563551732
451.290954589844 .568565022314943
466.215270996094 .685260006416229
468.309997558594 .659810995436602
470.320434570313 3.35561135804358
485.3212890625 .996272950317896
492.245513916016 .877759873608551
493.281860351563 1.71583948710917
510.325408935547 1.64943008739177
527.34716796875 6.96389328815371
537.295166015625 1.27717455201691
539.338562011719 1.2841511309617
547.273742675781 .875589330777707
564.318237304688 3.51933317719056
565.318298339844 1.66722069109578
566.348815917969 1.17320740715161
581.346008300781 1.3710831717593
582.321411132813 1.64407838330623
584.393432617188 1.76383993051476
594.264282226563 1.09831948863465
609.392272949219 5.00191009602924
626.411315917969 31.1965665768736
637.363342285156 .686568887983883
658.29833984375 .633199957148814
665.342468261719 .821177874229215
675.345581054688 .851227983139005
693.326232910156 2.67545035874992
738.408752441406 .937870740479795
755.456237792969 2.27235350537448
765.429016113281 .627283300192302
778.473693847656 .773748084450381
792.388854980469 1.7297438497185
795.472045898438 1.13484805800334
854.502380371094 .785694935093922
892.527770996094 1.17272623147136
909.567016601563 1.05446483017348
917.51220703125 1.23471429642647
934.554321289063 3.12180313176783
951.564331054688 6.85279249456896
1033.60974121094 1.09454307678595
1050.62817382813 2.79876843008897
1058.50366210938 .943202501886464
1161.66467285156 .726703245182098
1178.67700195313 1.78431620810563
1341.74523925781 2.39709915758425
1344.7255859375 1.65302694536609
1372.69213867188 6.42330488927815
1424.77868652344 1.43786705731318
1442.76220703125 1.4164737055183
1540.80725097656 4.49820646409511
1542.75744628906 5.39016250027475
1568.74133300781 4.22167938518304
1586.72863769531 100
1682.76452636719 5.5563488597959
1699.81567382813 4.20558802528869
1700.88244628906 10.4430485153038
1726.13684082031 11.5970715636938
1727.94140625 14.5222953544763
1743.337890625 24.1652425567456
1746.19409179688 12.8042489373696
1752.30725097656 4.10646551623512
1755.30541992188 4.205019863251
1759.48986816406 4.60045362516338
