1290.6699 80 1
70.0690994262695 16.3142895117217
86.1115036010742 16.0777938593415
99.9493865966797 14.4917119629395
100.051422119141 14.1825532479599
112.100807189941 19.1609396952341
129.112533569336 17.6244181906404
154.342895507813 14.6533361992949
154.475051879883 13.9994609421668
175.127532958984 85.3801717828774
183.163314819336 17.0579916838889
211.146759033203 17.9516861572291
214.132080078125 16.5426657111165
228.135787963867 18.3612014295189
257.165924072266 18.9728900315992
274.189880371094 21.8631031216117
292.140563964844 16.2297913325072
297.198486328125 16.6790413578147
313.207336425781 16.0721300759889
314.185089111328 15.7763070599665
325.188537597656 41.393712460952
361.176483154297 16.5504258962707
373.259613037109 28.9427004462607
396.266662597656 17.6565684902596
397.264678955078 17.7967792874167
424.264312744141 27.6189316999075
439.232391357422 17.5270975137826
453.268157958984 17.431312135035
462.211730957031 16.9441339222161
467.750701904297 14.8854068022754
467.903930664063 14.1943065537729
470.271118164063 43.8623770938022
487.316925048828 29.6756735623269
495.329437255859 17.2513348293515
506.210784912109 17.6663325018342
523.320007324219 18.3091431171044
538.311950683594 16.4384651225696
549.2451171875 18.9828042090538
559.25390625 19.4525645253637
566.229187011719 17.1344000127108
576.237548828125 17.9253705286575
576.838012695313 17.3725165416059
577.223083496094 18.9385773971308
594.2705078125 34.5555393512756
601.388916015625 17.2733470482684
662.480590820313 17.7435158803594
663.427368164063 17.4203247290329
667.283447265625 16.6159151741685
673.85986328125 16.6819741674212
674.326782226563 17.6775185143227
680.417114257813 41.3492450606836
684.367797851563 19.2237230270324
685.070434570313 16.8960794950396
691.302978515625 23.9000473081727
693.305603027344 17.9741429532675
697.444641113281 46.7691880885022
716.372741699219 16.722725365831
733.371948242188 17.5766966580761
754.480163574219 16.7780356576256
772.519653320313 16.4322631102564
777.471374511719 17.457163541128
794.464782714844 33.6013218386573
804.408569335938 22.9682825548756
811.497436523438 31.9114648237018
825.363952636719 16.5812938653912
912.536560058594 22.7499532063742
918.4580078125 19.8441750730495
1000.52978515625 17.770000781939
1017.52325439453 21.1336656315878
1056.63012695313 19.7304505230444
1247.62341308594 19.5625545737255
1255.57482910156 22.1496126236995
1256.88659667969 19.384865548468
1267.83471679688 19.1821970480337
1272.13757324219 20.6595128287303
1272.80541992188 20.5459481327266
1274.9580078125 19.5792805769057
1277.50793457031 19.7142649017407
1281.02453613281 19.3914811897375
1285.2685546875 19.5557319834207
1286.74682617188 19.818269036717
1288.93701171875 21.06055637718
1291.02502441406 100
1295.25793457031 24.1557214039922
1299.58020019531 19.1289131882759
1300.08923339844 18.6069594640824
1303.27746582031 60.4683788978595
1304.85900878906 37.7549461411502
1305.74426269531 28.4236569260573
1308.64733886719 19.2002349843055
1361.69152832031 14.7992309633907
