2259.1914 80 1
70.0801467895508 5.25906412133261
72.0947341918945 2.44956228759718
76.2850646972656 11.6878690271402
86.1097412109375 4.40379490079164
112.097640991211 4.9318706402114
115.099128723145 1.25979533873428
120.097396850586 1.40160992538791
129.124923706055 1.02711042694872
147.128158569336 1.09324084896103
157.128601074219 1.35106513063934
171.125793457031 1.89016330180898
181.106292724609 1.08729499013362
185.141189575195 1.98821915084096
186.140335083008 1.8437579064014
199.125259399414 4.4107919091874
201.118377685547 1.98764637054839
214.142715454102 4.4480027333653
217.098526000977 6.61288837643816
219.118377685547 1.62716095956632
229.132019042969 2.2897216914243
239.158920288086 3.41646234999835
243.148040771484 5.33791833860741
244.109436035156 3.21405370038785
246.193435668945 2.96094951520072
254.173797607422 1.06222990768852
270.186981201172 1.34214207277219
277.126129150391 4.6027754203467
280.178619384766 2.62119044993468
284.194549560547 1.55467553060752
298.177612304688 3.88169322711655
300.164001464844 4.28326074341679
312.176300048828 1.52592909691786
314.176605224609 8.45103355442697
319.158233642578 1.04848177405535
328.179718017578 1.55903392255388
330.168090820313 11.58185075187
336.183013916016 1.45250972771682
338.199554443359 1.43291831208843
343.177642822266 2.2237738317132
348.164978027344 7.94541358333443
353.199310302734 5.9809917503117
357.191833496094 6.22992653363255
370.21533203125 2.88925355628033
375.226409912109 4.61203658778441
376.196990966797 4.87798711303675
383.198150634766 1.97527918086403
399.211975097656 2.17757680152547
409.248016357422 2.01767006971647
413.243011474609 3.6068781615249
417.163665771484 2.40981010232938
419.221069335938 2.30156711537862
427.222717285156 16.4386157571016
429.215576171875 5.19072609259566
431.210968017578 2.20694953831993
437.252960205078 2.30691196521238
441.196228027344 2.22162052112593
443.21337890625 2.25851123538128
447.227905273438 8.39800918057532
456.239349365234 2.65713509970357
459.209686279297 21.073654774722
461.224670410156 2.77205707637295
474.287506103516 5.24552563505188
477.192596435547 5.66242008813536
482.242828369141 4.2728654612282
498.294342041016 2.16980926877887
499.277160644531 4.26238336745927
502.247528076172 4.46660538202282
512.232482910156 6.0189678707269
518.268615722656 4.8428079337756
526.287841796875 4.53718837515633
527.281860351563 8.40627263723366
530.242797851563 31.5634231155576
542.268615722656 2.30515043949454
561.253234863281 2.54748704479443
564.234130859375 3.73089503917393
566.288879394531 2.32325250872969
576.267883300781 3.42026632540091
590.278015136719 4.4762312850664
595.317443847656 2.85782477670598
614.25244140625 2.40401501233779
626.344970703125 2.61816357136853
628.360534667969 3.1063478834302
629.326904296875 3.07010550504381
631.318420410156 2.72216060815743
647.297302246094 3.83683947356446
649.311279296875 6.62727720293624
654.378601074219 5.06553493085681
659.282592773438 5.75455717428307
663.323425292969 2.76795330600327
665.349060058594 2.86618189128379
666.352783203125 3.68800020996901
672.381774902344 49.1757117213182
677.301879882813 18.4760062212519
683.370239257813 3.87251920735218
689.344421386719 3.53983621947507
700.371887207031 2.67394418177605
758.331420898438 2.4279257646597
760.376770019531 3.49884507088438
779.368896484375 3.13563776707315
786.457275390625 2.43470319228731
788.336853027344 4.2574319954079
793.422790527344 3.93193228614279
799.461364746094 2.35804303998952
806.346313476563 24.3803242510665
811.451721191406 37.7480708997999
821.4287109375 2.41846198292702
828.477416992188 23.9329886339497
838.4482421875 2.49910339346751
877.394592285156 2.89711788381452
896.4775390625 2.15633572313689
905.404602050781 11.7537817464597
910.505798339844 5.76333263752619
913.487426757813 3.22526665330819
927.539245605469 28.2176996311633
937.527648925781 3.0324503907992
958.421508789063 2.22810970542773
976.440673828125 8.55445893434531
1007.53271484375 4.93355762796781
1024.55261230469 29.0665398280517
1041.57727050781 61.0374180128232
1153.59057617188 6.6582181746227
1170.61279296875 9.70834481725813
1180.61254882813 2.47425476737034
1266.67541503906 4.86842499297819
1283.69128417969 9.65415158659643
1325.70104980469 2.90794874254728
1337.67797851563 5.70326425204859
1354.72436523438 12.1366883330845
1436.76940917969 3.91508108041274
1453.79187011719 43.4434369660553
1559.7685546875 3.68729446443436
1560.74914550781 7.12913726415452
1565.763671875 2.70511436889703
1582.82751464844 6.88645261586838
1587.74243164063 20.0306739096892
1605.75512695313 2.41291719509451
1702.818359375 2.09540913037587
1729.88488769531 5.59628026952258
1741.87438964844 2.03650646484021
1757.85498046875 3.19696577936996
1785.8134765625 2.56929534860495
1800.91674804688 33.3313690563937
1856.91650390625 3.255324920265
1929.94482421875 3.52254057430363
1985.93469238281 5.15407129073929
2013.87219238281 11.2631380800031
2042.93664550781 17.7053930422855
2085.865234375 5.06812787600019
2130.81103515625 38.6316688899991
2259.62939453125 100
