2259.1934 80 1
70.0802001953125 11.8055362169415
76.2926635742188 100
86.1174240112305 10.5683593767476
112.101081848145 10.8525939385973
154.635330200195 8.66646098395733
217.098922729492 13.7619061975455
243.139297485352 10.9248674498168
277.139739990234 10.5874497464112
298.186431884766 10.627299515921
314.193634033203 12.9203266407719
330.168029785156 14.7439022009669
348.172424316406 12.3086569046905
353.195587158203 10.5936258276468
357.203857421875 13.2684472589171
376.197814941406 11.7506103936158
427.231536865234 19.0369813932291
447.248687744141 13.9160133177409
459.222625732422 22.0347811646693
461.227752685547 11.2943744193356
477.203765869141 12.651932648387
482.273376464844 10.9005335132282
512.251037597656 11.4763194047286
516.284729003906 10.7059530197951
518.2880859375 13.532219766378
526.297302246094 11.9024230538282
527.312927246094 12.6894952622034
530.255798339844 28.9862163976275
578.333801269531 11.0151789043009
590.299194335938 10.7476255139154
595.37451171875 11.1536502794868
614.275573730469 10.6421655714097
632.318420410156 11.1057018788392
649.338317871094 11.0547708932555
666.355712890625 11.5378513493424
672.401611328125 38.1663760502861
677.326110839844 20.883405988798
689.395690917969 10.2985013308081
719.34716796875 10.7092591238932
758.37451171875 10.5627545518309
788.344665527344 12.2745492198736
794.434753417969 11.0401976180431
806.372497558594 24.4899951714385
811.483215332031 32.838933358723
828.491943359375 22.4102046087962
905.427185058594 16.9733795711911
911.516479492188 10.841179768654
927.565551757813 31.0549847872038
976.476867675781 14.1603144150953
1007.58770751953 12.4682181988288
1024.59069824219 28.2354595956127
1041.62268066406 48.9686601722645
1153.61047363281 11.3481163390489
1170.65161132813 13.4762110821133
1283.73193359375 15.0423396496752
1337.75915527344 12.1400346392545
1354.77758789063 14.7884839327815
1453.86767578125 34.0418609934882
1560.80480957031 12.5750215219372
1582.95520019531 12.2861356493142
1587.81652832031 23.4377258147772
1729.98449707031 12.2314408241484
1758.93444824219 10.980826525781
1801.05871582031 28.7343748386018
1931.0888671875 11.6425683847226
2014.00378417969 15.7630131261189
2043.10510253906 16.6296993524559
2130.93701171875 34.2492102982474
2136.0859375 16.1548103528542
2259.69262695313 73.3559972049649
2263.83374023438 33.6507698480847
2264.59252929688 23.8129782167883
2274.92724609375 19.772482577641
