1703.9069 80 1
72.1015777587891 3.59249557461899
99.9475631713867 2.72137344797903
112.107719421387 5.41525749554384
129.129623413086 3.93360333335603
154.501022338867 2.75024962838168
154.631622314453 2.79271258013914
158.120361328125 3.33122137465952
175.134674072266 15.9710884555101
219.165634155273 3.2349786338879
228.149505615234 3.4433119389454
229.146575927734 4.02771096586176
246.170364379883 100
285.164947509766 4.64561615812492
286.158477783203 3.99664034783923
298.148406982422 3.17042200952532
302.153991699219 3.18406092484557
316.1669921875 3.1705816349277
344.172882080078 7.1056922033273
361.186737060547 8.11566722316437
376.201843261719 4.63415386664879
384.238189697266 3.25001410930878
385.222869873047 3.70449642134518
398.251251220703 3.72271128149992
401.222229003906 3.71374411619469
413.202331542969 3.20197050578437
431.187225341797 4.4299580979277
445.219818115234 4.53169561509349
455.269378662109 3.77099589493164
457.260406494141 3.40187150789618
463.228363037109 5.41151829918468
469.326812744141 3.2422679111717
472.256958007813 3.73771966201817
474.281402587891 4.39999422933463
496.290924072266 3.17995836737977
497.297668457031 3.4620830679297
499.255401611328 3.39735549119807
513.271911621094 3.71281730086995
514.264221191406 3.90285076857351
531.290100097656 7.72358232623393
534.292602539063 4.09433209206811
544.304565429688 3.97893874397987
562.339599609375 3.58638370308531
583.284606933594 3.48414565374968
601.319580078125 4.55104905994081
612.357238769531 3.39754470642965
628.38671875 3.39701847651608
631.301940917969 3.35761455423442
644.396179199219 9.2305022106766
659.332092285156 3.75322782622828
677.330383300781 9.26818059183922
680.366577148438 3.37372863631297
724.374145507813 3.65224188074447
741.405517578125 8.33384056853924
748.397155761719 3.87051083170577
758.421142578125 8.09258775517021
776.38427734375 4.23200144199571
840.535827636719 3.62160318441091
847.439819335938 5.09935029157947
857.487365722656 5.57225384409704
911.5341796875 3.68658224974148
928.543518066406 8.00793090453735
1027.61584472656 46.1786698595553
1125.63537597656 4.57034222736203
1142.65954589844 4.90550926652855
1173.658203125 4.27612531627386
1241.78259277344 3.98042911331978
1328.75524902344 10.2914547678953
1457.79479980469 3.66525901046326
1704.32897949219 24.7483623042478
1707.76135253906 8.43127982619854
1708.31164550781 7.44453915939752
1716.43090820313 5.18564321526433
1719.62731933594 6.53336303240705
1722.810546875 6.65761706233421
1725.62902832031 5.07919966779234
