1222.7388 80 1
70.0799026489258 4.4698913507109
72.0968551635742 3.94529952606635
99.9520645141602 3.23523228672986
101.085144042969 4.9377518957346
112.100761413574 13.0334469194313
129.128982543945 8.97602606635071
154.315979003906 3.25100231042654
157.116027832031 4.44111611374408
158.099609375 4.72485995260663
171.159866333008 4.2052490521327
175.129409790039 10.0984009478673
185.126068115234 4.46687582938389
186.100143432617 8.49340639810427
199.155670166016 7.35237867298578
212.148681640625 3.91691001184834
213.156646728516 3.89824780805687
228.14665222168 5.16839454976303
250.162445068359 3.95698133886256
255.159210205078 14.5621822274882
257.168640136719 3.90299917061611
269.175872802734 4.4039404028436
270.193511962891 4.02979982227488
272.185241699219 13.5533156398104
285.165466308594 15.8626933649289
287.188934326172 4.03675936018957
299.185302734375 12.6633658767773
312.175842285156 22.3121234597156
329.207580566406 20.193205450237
339.179504394531 4.66435556872038
342.201263427734 4.28286718009479
353.244049072266 4.44232582938389
356.219665527344 8.29537582938389
370.240081787109 5.27006469194313
373.231384277344 5.61041563981043
381.270233154297 4.18365485781991
384.235870361328 21.1088232227488
398.253265380859 15.8914829383886
400.271057128906 5.24346872037915
409.241058349609 4.25674277251185
410.244262695313 4.75111836492891
412.283905029297 4.23634360189573
425.261169433594 16.1138106635071
427.254913330078 5.08994075829384
438.253234863281 4.86917701421801
442.287719726563 16.8816672985782
452.285736083984 5.64688222748815
455.285339355469 7.7329691943128
467.261199951172 4.61563139810427
469.316680908203 8.42751800947867
472.289459228516 4.66461267772512
480.289886474609 4.21765343601896
481.306762695313 4.36265971563981
483.315002441406 5.63774739336493
484.269561767578 8.21823767772512
497.324523925781 13.0883573459716
498.327667236328 7.91215663507109
509.290466308594 5.90634312796209
511.330017089844 5.20215011848341
524.330139160156 6.75106682464455
526.330200195313 5.91987227488152
537.306457519531 4.81961883886256
538.315612792969 5.44695639810427
541.355102539063 11.6429227488152
543.369750976563 4.38012239336493
551.349670410156 6.31244976303317
552.361511230469 4.8983231042654
554.347229003906 8.49509478672986
555.343933105469 6.90999407582938
566.321105957031 6.60935355450237
568.352844238281 4.60804964454976
571.362670898438 12.0511026066351
583.332580566406 14.0319028436019
634.410949707031 4.25369490521327
637.392517089844 4.34287097156398
651.397705078125 4.49074016587678
652.396667480469 5.65516587677725
654.415893554688 5.3073144549763
655.403747558594 4.70799834123223
665.398010253906 7.59621232227488
665.950256347656 6.28319218009479
669.424560546875 8.0021663507109
670.419738769531 5.68236161137441
679.408020019531 4.78218281990521
682.402404785156 23.5870260663507
692.400146484375 4.88189644549763
694.408569335938 4.42186552132701
696.437805175781 5.33949170616114
709.426513671875 6.6274327014218
726.445129394531 11.1148146919431
736.465270996094 5.04116990521327
753.474670410156 5.17688305687204
763.4619140625 5.41633886255924
764.461853027344 5.21893815165877
765.457946777344 5.33772417061611
778.113098144531 4.49857073459716
781.484619140625 18.1521308056872
784.466247558594 4.64086907582938
795.506469726563 5.2499904028436
822.498168945313 4.4727404028436
839.534729003906 8.40866777251185
894.571594238281 6.30615165876777
951.586486816406 5.08919016587678
967.602600097656 5.39303578199052
1015.75994873047 5.23810035545024
1016.37219238281 6.96632985781991
1024.63854980469 6.83156374407583
1032.36938476563 6.45079928909953
1059.82055664063 14.314254028436
1061.82580566406 9.32398151658768
1073.79943847656 5.24860639810427
1104.8115234375 6.65353127962085
1118.82421875 17.18676492891
1206.85876464844 6.57985426540284
1207.75244140625 5.60189514218009
1223.07531738281 100
1229.17944335938 7.66687085308057
1231.0849609375 7.38184075829384
1233.150390625 8.81131777251185
1235.28894042969 20.1326582938389
1238.77844238281 10.0351671800948
1239.04699707031 10.6980187203791
1240.65087890625 8.20554075829384
1241.86096191406 6.54622997630332
