1879.9775 80 1
70.0813980102539 8.8794470711251
86.1150054931641 9.32100539411463
99.9349975585938 7.65443105587764
100.069541931152 7.33588362193162
112.105918884277 9.54647213695795
129.12353515625 10.4841655933533
154.549514770508 7.51426907545468
154.747894287109 7.19897710182818
175.137939453125 33.2656384525264
227.145080566406 9.27219970853508
244.14924621582 8.05389539790212
245.127487182617 7.97085459555136
258.119598388672 14.1179252779579
290.170471191406 9.16091322369941
340.197875976563 8.15575041773003
353.213989257813 10.3328694170132
371.211395263672 18.8723071101605
374.2431640625 9.22470898549992
377.207397460938 28.8101280526506
379.205444335938 9.38831508247935
389.226928710938 11.9221324029866
455.222503662109 11.5871071594592
459.27197265625 8.34150761006318
466.298278808594 8.78068150259783
470.314758300781 7.81553721986785
470.470520019531 7.1922275863482
475.212707519531 8.56822031752119
484.275268554688 15.4894357656211
487.242156982422 8.65767627138456
499.341125488281 8.6328549561511
500.282440185547 8.99758436040156
500.868347167969 8.46799834069363
517.317626953125 100
531.307983398438 10.2373806981637
589.297546386719 11.0905265754192
590.288513183594 9.33606212233569
591.283386230469 9.06770999227356
599.864440917969 8.32709366655528
602.2998046875 10.0662418212062
609.265686035156 8.54119175851634
615.319702148438 12.8787191484865
631.35595703125 9.40947702351277
632.358520507813 14.6872520352402
676.317687988281 10.8690807559276
733.311157226563 9.39345736018469
747.373168945313 10.780640037602
778.378723144531 9.05835525296363
795.409973144531 77.899155010506
809.421569824219 8.94555398757914
822.330749511719 8.82446165496911
843.45654296875 8.71478599580042
860.439086914063 9.13189062452599
861.407165527344 10.3053105399206
880.419067382813 8.92713471425164
893.411315917969 13.7885716642526
910.435791015625 10.6759025602626
921.446899414063 10.6975883335783
959.539978027344 9.1473042100395
1014.55047607422 8.75193627510183
1020.49102783203 8.98226833796065
1023.53948974609 17.5080502368517
1058.58557128906 23.7544615165317
1075.55151367188 10.6361211139096
1093.52587890625 9.18005518134268
1205.66198730469 8.71094515704525
1221.76354980469 9.11409467849548
1223.62097167969 9.93391013983418
1232.5771484375 9.24767549838695
1249.62976074219 15.3990545495204
1320.67126464844 9.28039348867972
1396.67602539063 10.6937233455478
1503.8037109375 9.84733126164381
1509.8017578125 9.97868262043053
1565.74621582031 9.88954723094859
1623.88305664063 9.16832580928389
1705.78381347656 15.3421461610634
1781.01647949219 12.986504402377
1828.93408203125 11.7766952548457
1832.00720214844 19.4364529508968
1832.83386230469 20.8591455508346
1863.34594726563 18.1229139717915
1880.3876953125 37.8800267972503
1885.23132324219 15.2671401676272
1892.71569824219 16.5147979915045
1894.48669433594 24.0704444354263
1896.64587402344 36.198826001882
1897.62097167969 39.5553561447922
1901.86206054688 23.6770154803093
