1828.9132 80 1
70.0944366455078 25.2985689867213
99.9482192993164 23.4185981684751
100.061294555664 22.3233465027372
112.106857299805 31.0896593493142
129.118057250977 27.367826786223
154.531555175781 23.4793443522333
154.660720825195 22.3477231336242
175.129211425781 27.2389622062017
255.162628173828 33.6232537098647
272.190002441406 48.5895618254992
371.25048828125 29.1012901190323
378.195404052734 24.8465612342005
447.235656738281 24.5421883700845
470.152252197266 23.318327605596
470.374847412109 23.7016995150161
473.309112548828 29.395012742766
483.885040283203 25.1882944516488
499.306091308594 31.6541735316631
509.190368652344 25.9017840425724
517.339538574219 26.3517423252043
529.269958496094 25.0229809941993
571.262329101563 25.4901985280544
599.888122558594 25.1065279087221
630.37060546875 27.7578878956138
659.311950683594 25.8335606007107
729.388122558594 27.7794058164448
732.424743652344 25.628323547637
751.378356933594 31.5935453620959
795.386901855469 27.4120790818541
816.467224121094 39.0725637357901
838.363098144531 26.1883951225089
930.515197753906 26.5131256507207
936.462646484375 26.1302832921578
1002.41497802734 27.1536068214658
1093.56665039063 29.5716657212851
1208.60595703125 26.2381184349959
1354.71545410156 34.2247517240793
1780.80554199219 60.7270870736195
1782.98364257813 65.3446685286568
1784.60949707031 61.7096732281289
1789.10705566406 33.0623430670631
1829.30932617188 61.2258868044538
1832.50439453125 49.9201549701837
1838.94030761719 38.5098011779909
1842.54150390625 41.9075723922391
1845.4482421875 75.5292171320708
1847.61181640625 100
1849.75573730469 69.6766919534622
1850.88854980469 57.6743253755514
