1267.7286 80 1
70.0731430053711 2.0440770382288
86.1046905517578 2.94313701542963
112.095184326172 3.61365335448359
120.087379455566 1.75847247734025
129.118804931641 1.91702019971986
143.089782714844 .671493572352052
157.125091552734 1.66952035244162
158.107864379883 1.18270908654358
175.123184204102 18.0796799429693
185.133438110352 6.77986166592463
217.138626098633 1.76678888624328
219.115325927734 .608422115204161
227.173767089844 .458938973141798
235.118041992188 .400429219539588
245.12956237793 2.74049598044081
256.169342041016 2.98069281767315
262.160675048828 1.17685621149471
263.118408203125 1.95587383109391
287.174224853516 .79633815134801
290.155456542969 .795170348734381
298.213195800781 11.9723152096685
305.161773681641 2.5458122596337
322.184204101563 1.18838076667972
324.225280761719 .63207562858088
327.201690673828 4.02167364759513
332.180999755859 .937990520498713
334.139892578125 3.67816206380358
341.256744384766 .815340574631324
359.206848144531 .927610782258255
360.172943115234 1.00262819395947
361.183288574219 .754145480208734
369.248138427734 13.212479524307
377.216583251953 1.4064244669168
384.205291748047 .690449561844926
392.186614990234 .559829315208816
395.282104492188 .539532670238774
400.250030517578 .774396975509812
402.211975097656 31.3654731921409
405.174163818359 5.25612742873212
410.177459716797 1.32738230037592
412.284149169922 2.1490138946213
413.287841796875 1.09052943766439
417.234252929688 .559276083231498
419.234832763672 22.9573399661181
440.283172607422 8.83630460645948
447.216583251953 .939411308737627
471.293762207031 1.25312221485323
474.264068603516 2.09128614729606
476.223236083984 .697566820401024
481.202545166016 1.23608023106911
506.266357421875 .725244635645928
507.218627929688 1.06490414575356
516.308471679688 .950363822041231
518.2509765625 4.34674707573006
524.26025390625 1.62164570396569
542.32470703125 1.37843511052867
549.271667480469 11.095421381332
552.229919433594 1.62079553338157
559.349060058594 .752488527387792
560.293640136719 .969473243508774
566.297790527344 100
576.283813476563 1.06014047012538
587.345886230469 1.68145277157505
589.293579101563 1.1205868890713
594.323974609375 1.28707088932105
623.274963378906 1.49174750651057
631.335510253906 1.63005885493588
663.314453125 1.23245454621062
664.296020507813 3.8675113564897
665.307983398438 2.79430971707941
681.321594238281 5.14450689597782
684.354431152344 .744707058841652
691.324523925781 .655079652487251
702.366821289063 4.81287594930552
708.366027832031 .6289383438932
736.35595703125 1.59101716297091
778.3984375 .573787814676077
786.36083984375 .413056303621171
811.354370117188 1.91722559858427
828.379943847656 1.94666539072143
831.393005371094 .472073342617956
833.565368652344 .612918491308266
838.346801757813 .593234963252108
849.427734375 1.00719525889666
882.3876953125 .690878363609971
899.411071777344 2.15668734105698
953.427673339844 .485520624792848
970.447998046875 2.30264771338122
1083.52770996094 1.41452924333044
1222.65124511719 1.0904367702337
1260.93701171875 1.14641379753469
1267.9716796875 28.2869588699374
1270.9853515625 8.92538928977491
1273.97119140625 1.47706841579843
1276.97241210938 2.8122718608085
1277.13427734375 2.90664714988774
1278.10021972656 3.19040217133658
1280.16284179688 2.4805274479406
1282.1142578125 1.65300408946462
1282.72802734375 1.56087247136369
