1044.4810 80 1
99.9512786865234 9.59517515504174
112.098320007324 17.7288943917399
120.098007202148 15.0274366041869
129.120178222656 14.7432092523962
154.206268310547 10.0076867530049
154.341705322266 9.32582750967226
157.115051269531 11.5690626300917
158.101959228516 14.9140371331698
159.09130859375 12.3524446009017
175.1279296875 100
232.14778137207 11.8933665411634
249.140380859375 11.4961504606158
262.160278320313 16.9029158267949
267.151153564453 11.9425551116137
269.134155273438 14.1757301927707
277.138366699219 19.3623516902334
287.14794921875 23.3490412359781
290.148345947266 26.036987525796
295.182830810547 12.6263813734125
304.17529296875 19.5472318502538
316.149353027344 15.6769484088705
318.135192871094 37.1919265256415
320.159973144531 13.1889748723336
330.125061035156 12.6983105580071
406.203826904297 11.9650800423755
416.232391357422 12.0779666973112
424.207427978516 16.3022477438469
434.221099853516 32.1211409873262
447.184173583984 66.2999091347233
449.183197021484 14.3989687859373
451.236877441406 21.1103952426999
463.218780517578 16.4403822885532
466.093444824219 9.97527254689062
466.236267089844 9.97523968750981
499.292785644531 11.5995168090974
563.299926757813 12.1158156352708
566.263366699219 13.5662316755818
568.250793457031 11.8818363941777
581.288757324219 25.512705617925
594.2509765625 25.2750875499749
598.312438964844 64.372066740954
599.836242675781 11.4942477626397
607.317199707031 11.629057916798
629.396606445313 11.9843655275843
710.337646484375 18.3870712850568
713.318725585938 13.8172707031857
714.314758300781 12.5476880503212
727.360412597656 16.8022766321366
735.4501953125 14.721731102654
741.348571777344 13.9170600983253
978.418090820313 14.7026635730189
1015.75604248047 25.9664349395166
1028.70068359375 13.9086966867733
1031.85205078125 17.5555188602499
1044.76245117188 77.7688642629037
1048.10559082031 26.9371734092159
1048.814453125 22.4147843694721
1050.94128417969 57.6831580488116
1052.01647949219 70.5534923593131
1053.05383300781 57.4977192793174
1054.08642578125 87.5303627670048
1055.654296875 47.0742566634769
1057.7685546875 28.5833920327719
1058.44616699219 26.4380908011799
1059.67431640625 20.6197889566417
1060.91918945313 17.6098668778392
