1454.7147 80 1
70.0731964111328 2.70360653721375
86.1098556518555 5.67847013902226
112.092193603516 12.2065457552444
129.116455078125 6.75692187870412
158.10514831543 3.20813560627044
175.126205444336 100
232.141296386719 5.25965552469582
240.105270385742 3.35425886635349
242.150115966797 2.20359880752177
243.131774902344 2.6844900413899
246.164779663086 3.87174451598829
257.125305175781 13.0284606452715
259.098236083984 4.08151950866471
268.170135498047 2.55231804784586
273.125854492188 7.39961707025263
286.176086425781 4.06170119797113
290.158050537109 4.98492249633261
312.187744140625 3.68320065110868
325.168487548828 2.86992994586305
330.14794921875 2.85182434649878
353.185546875 6.26882085579279
359.201171875 2.5695665489179
370.224548339844 5.36035115369016
430.278076171875 7.73433130962939
436.192596435547 4.53196371282411
453.210021972656 71.7993955707622
482.232574462891 10.2646339301049
484.233581542969 3.3786521022946
491.233245849609 3.87074636089581
499.28857421875 4.88946171265226
551.217346191406 4.58780249427124
559.315002441406 7.25906072670087
568.231384277344 8.04068225796393
587.350708007813 3.52975459528597
611.284240722656 4.31881600282779
619.319946289063 4.03192145095065
620.261474609375 3.79816487139779
628.302490234375 4.73890844578525
655.260192871094 11.4089658791578
691.294982910156 7.55987912094217
699.380126953125 3.05482468744546
756.288879394531 4.35948517357234
783.357177734375 3.76404669418027
827.3388671875 26.2551984353457
851.452026367188 5.0347632447328
956.379577636719 15.9488330800365
984.398193359375 3.84980243900278
1049.49438476563 4.31373821263347
1198.51440429688 4.92024619762808
1436.71569824219 9.7373970501781
1438.69091796875 17.2305250718023
1448.02368164063 13.059316268663
1454.9833984375 38.4287202644711
1457.13623046875 28.4149204621272
1458.24694824219 19.8199578839362
1459.35180664063 12.7014285166742
1461.1015625 13.9583739515245
1465.1796875 17.5501818478468
1467.18518066406 38.5525229833469
1468.05908203125 40.3885800821891
1469.59399414063 29.6451801909811
1470.94165039063 23.4563971024251
1472.61901855469 20.8829103287153
