2851.4724 80 1
70.0846939086914 2.28366055352093
72.0949478149414 2.33477920568738
96.3917236328125 100
101.087074279785 2.22048025593768
112.105178833008 7.17052554323975
129.160125732422 3.2038176558975
175.131759643555 53.8008694837932
273.101470947266 2.12822851482317
286.140777587891 3.23644173334591
290.178344726563 3.34623689071279
317.130432128906 2.38136892443978
345.200958251953 1.73344833230329
373.126373291016 2.64132575486068
420.176239013672 2.83136549403985
437.20751953125 6.29393971348208
464.2734375 1.90078721269175
482.264251708984 3.95032528250377
483.245361328125 2.1055209568654
500.293579101563 3.70677348963691
545.261962890625 2.22310535003383
548.248779296875 4.1158149496019
555.240478515625 2.77043225565617
563.33447265625 2.75164992323068
565.276550292969 6.55867011517445
572.258911132813 3.0213040028418
573.238586425781 2.41965487405038
575.242492675781 2.58448969507007
581.296264648438 3.71160485829698
599.32958984375 2.03953401809183
601.27001953125 3.17327544871454
637.396545410156 2.18119876546324
645.299865722656 2.53803336003175
655.429626464844 2.46690479888113
679.52001953125 2.26721112024368
696.299499511719 9.10261374455453
701.315063476563 3.63697514454584
705.341674804688 2.27390892814777
711.286743164063 2.38974376937888
714.343505859375 2.68270056348103
729.649841308594 2.30549617707618
736.283142089844 3.10617799891148
753.32666015625 63.2255686021144
755.15771484375 4.30212756005055
755.458374023438 4.63682170397196
756.314270019531 4.57498933143488
757.309692382813 2.49667097701713
769.31982421875 3.1804199338259
816.337219238281 2.50142118281981
827.375244140625 2.62892633284363
870.411254882813 3.52984362397171
882.339477539063 6.58164990382941
981.399780273438 8.91482719909316
1032.46179199219 5.17491905620637
1080.48278808594 93.9874516865799
1097.47509765625 3.17438992394533
1177.45922851563 2.80415798797514
1180.47387695313 2.84850534127554
1195.48474121094 7.87449563100512
1273.57055664063 2.65164752898635
1308.59362792969 18.0740161340088
1437.62414550781 58.3126555619213
1440.17163085938 4.05710117091553
1443.46301269531 2.79472422825169
1535.59545898438 5.37486340228473
1553.67443847656 4.67987780697965
1681.69165039063 4.05306954488805
1793.72241210938 3.57592303342357
1850.85559082031 4.69990673746751
1952.80212402344 3.89285270523599
1992.9111328125 4.60402311505387
2000.06616210938 3.60632977651957
2006.90124511719 5.19595599980147
2008.8486328125 84.2609805630853
2014.85510253906 4.16723171969936
2024.85534667969 5.76667914175274
2025.75 4.99700223766971
2106.86303710938 3.4844417931274
2123.9033203125 7.09652463176394
2851.72583007813 26.9788380354899
2856.49780273438 20.6240104287569
