1244.6960 80 1
86.1143341064453 3.19961437508916
112.099998474121 3.30496419751108
129.12109375 2.77154276798669
175.131088256836 17.1555129629805
185.140625 2.69331414390839
235.141342163086 1.92524564205998
242.166732788086 2.30521142309735
246.187133789063 6.75281764358637
258.136444091797 2.95551744167501
300.198486328125 2.00891689498808
312.193878173828 2.11033863723042
314.197357177734 4.73827984874052
322.195892333984 2.0782434649381
328.209930419922 3.33213583755788
329.160186767578 7.408996424922
330.153106689453 6.71383797918296
346.211120605469 2.19633247016558
357.207458496094 5.84187458487309
358.207611083984 3.1067340763953
364.195648193359 3.27258718773512
375.231903076172 14.205257720565
400.2490234375 3.44160926163562
428.226959228516 6.09471784525326
429.237518310547 4.35114485191407
440.192504882813 5.66757826063901
443.220947265625 10.7227432269217
457.231292724609 3.04337175428771
458.217041015625 8.31612034516517
474.303283691406 60.6488682936097
476.290557861328 4.94224863371926
486.242095947266 10.3728560960383
513.288330078125 4.08171831922943
514.253356933594 15.1765803771848
525.285217285156 3.85988969091352
530.229370117188 4.35132733700831
540.26220703125 3.91553577851653
543.271789550781 3.5239874631188
547.289428710938 8.47308386576424
548.29443359375 4.02235817852207
557.285339355469 10.179277295385
571.275024414063 24.3848403704605
585.305419921875 3.73961067052533
587.260864257813 5.78847065189535
594.328735351563 13.3813864156117
603.342651367188 57.0176141869675
614.304931640625 6.35205122365327
628.30078125 5.32777684492527
634.327270507813 7.8307687855453
642.316284179688 39.2137513781942
651.313110351563 5.77005120215476
656.386596679688 4.7297750829012
658.279846191406 5.30996475719024
659.314819335938 8.84017887536251
674.370666503906 30.3746055178681
676.343688964844 8.12566309708618
681.368835449219 7.1419864615269
686.317565917969 8.15628818992948
713.422668457031 3.77697267454035
714.386169433594 3.81060982647598
731.395751953125 56.6412039972637
753.3505859375 6.88154399697189
757.335083007813 6.81027590349234
771.3564453125 53.0207117574496
782.246276855469 3.56764631249334
799.382019042969 4.49116752740905
802.427429199219 29.5748337901314
814.418518066406 3.56271038658977
870.418029785156 23.0136566372885
872.447937011719 9.22442913307298
873.466003417969 5.45074380963217
929.4677734375 4.75583125734306
931.465576171875 24.1773856690623
999.462646484375 22.3074624121452
1060.49877929688 13.5056855409095
1083.5546875 5.30786330453904
1151.66418457031 4.20902774522388
1240.87182617188 9.68463742879686
1241.94848632813 11.7415880677527
1242.73083496094 10.4580847357942
1243.18408203125 10.5052258453377
1244.94104003906 28.2134583154761
1250.10388183594 7.70306623077727
1252.01770019531 13.9379185127315
1253.05139160156 18.3162173115935
1255.11987304688 100
1257.31665039063 81.2498379850572
1258.85412597656 37.8015918831561
1259.47583007813 33.1343841577249
1259.90686035156 30.1906320204858
1260.7763671875 22.0498130560993
1261.1181640625 22.003644812332
1261.63525390625 20.6678779822197
1263.65307617188 12.6067940413271
1264.18969726563 11.3735739386527
1266.30615234375 5.23106959199554
