2960.7444 80 1
70.081657409668 2.61383835240237
84.1022186279297 4.28100764399392
98.1085586547852 3.11536414107984
100.094947814941 90.4920144448968
100.260208129883 25.0568877355344
120.128211975098 2.43684323016414
175.135848999023 2.65734584906921
301.163848876953 2.34103073133444
313.205383300781 4.25669463726601
326.169006347656 2.78694848050658
341.236419677734 3.15374697242864
345.219787597656 2.92749255309169
372.213897705078 4.70631645936163
375.185943603516 2.74127224127731
384.22509765625 3.73126767449632
397.216857910156 2.69819465084921
412.277160644531 5.57883859620491
454.228485107422 5.25468241082981
471.257354736328 5.62615705218106
472.368957519531 5.26126377258631
483.299865722656 8.34926014244722
488.276184082031 4.18447751974207
505.251159667969 4.94342880975218
519.277282714844 3.60823321666613
525.282409667969 6.59892575751542
528.275939941406 3.94521520398289
533.263488769531 8.41311187428647
542.300170898438 6.43792882574429
554.32275390625 5.16744298133347
570.31201171875 3.43702608801281
576.315551757813 7.39276357870863
587.299194335938 5.52841843008461
597.289916992188 4.91474984243132
604.302856445313 15.5160910154343
641.317565917969 5.80444752394992
654.332885742188 5.54259658168873
657.291381835938 4.48156482072814
667.334350585938 5.13266755436773
675.346069335938 32.4578793085209
703.373413085938 4.25249688498289
726.354675292969 5.85507065093568
734.383728027344 6.75230821127919
743.3818359375 5.55987614640661
746.438293457031 6.19582961728513
766.968017578125 4.27121862135317
774.406188964844 29.1519283355491
783.370727539063 5.0615768354886
845.444702148438 35.757526108496
849.394348144531 5.74066820811974
854.376770019531 8.52937853923591
863.488037109375 8.23931101686192
871.448791503906 4.70980897238986
874.441040039063 13.8497802307788
925.401000976563 5.64409964813542
944.489013671875 12.7440789011567
946.522705078125 8.4371686626
964.527770996094 12.8440883205845
989.482055664063 13.2661056530919
1015.55627441406 10.18248976861
1016.50848388672 7.27225384949009
1092.61596679688 43.7431151919971
1221.64099121094 49.6046767886386
1234.62573242188 7.05235880624769
1328.61254882813 19.2985011894047
1350.67504882813 33.6220807734462
1403.64855957031 10.0937727317357
1404.63305664063 17.3504468620236
1421.72229003906 40.832594242515
1437.78955078125 6.25120380476444
1474.69067382813 8.97552626418748
1492.74560546875 59.8802278417943
1502.72204589844 7.34885501675774
1567.71459960938 7.71982221139078
1621.76489257813 35.1850176160407
1817.89282226563 60.4643844403981
1825.75134277344 10.2606163651483
1856.95935058594 12.9711888125714
1874.9208984375 92.558802274616
1928.89147949219 11.9532480819678
1945.95727539063 58.3811615627657
1999.98022460938 11.0675291225228
2016.97961425781 79.862392711435
2098.04663085938 15.3952257853935
2116.03662109375 31.0935489846836
2187.07104492188 48.7188219080871
2227.04125976563 18.7672378616511
2286.14453125 18.4435716873104
2357.18237304688 20.998195100776
2374.1181640625 11.8769317074381
2393.11840820313 6.80574647348887
2428.21557617188 16.7420898906158
2489.1240234375 39.7183315465569
2499.23901367188 16.124408303582
2510.99194335938 10.3875930548687
2571.24975585938 10.9087190918493
2588.13989257813 9.06805812176611
2657.18408203125 11.6049533358129
2701.08520507813 10.3731312392422
2852.11938476563 12.0848249407436
2945.77758789063 26.8329507740327
2961.0537109375 52.4356273362628
2975.2724609375 26.5342898060406
2983.2919921875 52.0990125379141
2984.51831054688 87.2686140390915
2985.1875 100
2988.708984375 57.0087286063268
2991.50146484375 42.3697882928965
2995.34814453125 24.6992640965158
