2015.1519 80 1
175.129013061523 .574612227901969
242.184204101563 .497274093967976
285.198394775391 .470561161071603
297.204803466797 .482694586108425
301.168853759766 .523177366608741
313.198364257813 1.15860659968288
372.205078125 2.10223280734046
375.217559814453 .691539587746467
384.242279052734 1.87689827281265
405.208984375 .989110476067655
412.274963378906 1.39430739071762
434.227020263672 .755498890086749
446.257080078125 .865870194500241
454.255401611328 1.12719300472194
455.266876220703 1.5792342628976
457.254211425781 1.56339981998926
462.249450683594 1.34867253084129
471.273345947266 2.89549250373894
474.282989501953 .955710017972673
476.243316650391 3.36627351966099
483.299072265625 2.87964254159217
505.272918701172 1.433333267657
525.285217285156 3.51082998675934
528.296813964844 2.13643314103619
533.285034179688 4.44617591646608
542.297241210938 2.92167924015395
547.27587890625 5.91989167239254
554.336242675781 2.06347563572165
559.299682617188 1.28124063865732
570.326904296875 1.1102104463362
576.29833984375 2.20699742940074
586.31103515625 1.36557646992388
596.31982421875 2.54233447071329
604.320373535156 8.13366456215242
616.324584960938 1.5947899265397
624.349548339844 1.34752972814527
625.390075683594 1.67566263790294
627.361572265625 2.59205372234044
630.343627929688 2.368140424629
632.353942871094 1.46472224015666
633.351135253906 1.71640449700402
641.361083984375 2.12477440870158
647.345581054688 1.65523939409674
654.328735351563 2.09960518702442
658.336303710938 2.24652057836322
675.348693847656 18.4943569475288
676.33544921875 14.9341173296592
695.3740234375 1.97519345565209
698.378601074219 2.00395643495205
703.38037109375 2.84486628267194
712.394592285156 1.73367838317445
726.352294921875 1.94572255747787
746.403991699219 4.77952082500644
774.416870117188 18.3170330198983
796.364501953125 1.91439802864659
797.427124023438 1.92338587416247
817.411376953125 3.16974944664633
845.452758789063 23.6934136468492
854.419799804688 3.26079158582758
868.495666503906 1.97420185150929
872.4345703125 50.5477181273114
878.423767089844 2.44537924283307
911.449401855469 4.20123154838237
916.481506347656 3.84745355937794
926.498352050781 2.43803522857951
929.452880859375 100
933.454711914063 2.20449354388637
944.522216796875 11.7816854301384
1000.48803710938 68.1903431777304
1015.54943847656 7.60112762751874
1053.5087890625 2.50812824488416
1071.52612304688 91.1043924551913
1086.59045410156 4.30808694097963
1143.60681152344 3.57050686989425
1170.59008789063 36.2593068293477
1215.51806640625 2.23803906186838
1223.61096191406 2.19105252748087
1241.62231445313 55.3605550962025
1283.61059570313 1.9831478850659
1340.68591308594 20.0170591610508
1411.71923828125 17.0846869560698
1468.74011230469 1.77297760641396
1482.74865722656 12.4475031128609
1553.7802734375 9.10658073141455
1624.8232421875 4.74905696675915
1711.85388183594 6.40572006300005
1810.85363769531 1.75376949802108
2015.45568847656 16.4309718632968
2028.53356933594 5.21011625838945
2032.61071777344 31.7600660635268
2037.73889160156 21.2741773315563
2040.32080078125 18.6342704134979
2042.43408203125 14.7935756981698
2043.06726074219 13.0878986312753
2043.95422363281 12.1120382689559
