964.5745 80 1
86.1055755615234 .803800416223528
112.093925476074 .684587840706963
129.109909057617 1.60993332687515
147.114410400391 2.88941560565896
175.118209838867 1.71425570255956
213.172637939453 .825453462241484
215.112976074219 .885957689441536
227.17594909668 1.31591091226286
231.094665527344 4.80556788764868
237.136489868164 1.02514622609764
242.183547973633 1.09383339402541
260.194915771484 11.6687681598003
263.098480224609 .94935376675922
316.142517089844 .862844618237641
328.183471679688 2.79666574217528
344.181854248047 1.19170047874835
350.198822021484 1.19980206536745
355.268768310547 1.08980514605074
359.179382324219 1.63992447091176
362.167572021484 5.68348309552985
373.277557373047 55.3599882895874
378.166870117188 4.10978215076466
445.193817138672 3.19617334364827
472.3369140625 27.0295604900357
475.221740722656 3.81727573858251
476.268005371094 4.92221693698213
488.312408447266 1.88378097745487
491.221832275391 3.71826683387852
493.185729980469 47.2146107389852
519.200012207031 1.32094277357691
540.259765625 2.16844280040883
547.278686523438 2.76224685434013
558.270385742188 2.52490587414991
564.257934570313 20.0799002526723
570.309509277344 1.45312492754584
574.250305175781 7.51457648220543
574.805969238281 4.25829451369221
577.320373535156 2.7949427569985
587.363525390625 9.23790124283744
589.343078613281 3.0919350542977
589.695068359375 1.61415720054748
592.250122070313 100
601.396301269531 2.08234990734883
604.293579101563 3.49961894093887
606.268493652344 7.81091440858039
616.3525390625 2.70801463978275
654.346252441406 1.8113410013279
660.311706542969 2.91277342129538
669.352416992188 1.70007915561315
671.362609863281 1.66479357012421
677.328796386719 8.6481652318632
678.300476074219 5.14943963469274
687.305053710938 5.55366194012531
687.896850585938 5.03530431504204
703.321899414063 1.72899023338511
705.332641601563 44.3068868302098
708.361877441406 1.85946572498451
719.352233886719 4.0905364800531
734.425415039063 16.9017342386758
774.382141113281 1.82639148049148
800.400207519531 2.35472025704807
818.404479980469 7.1127908593324
850.564575195313 1.41526773369654
863.443176269531 1.885906884183
920.397155761719 1.76299234264744
929.438720703125 5.80107249484368
964.741638183594 17.5432981494274
967.741149902344 6.24044843149672
969.140808105469 3.2290453850252
970.934997558594 7.75118244985766
971.887145996094 12.4003052595561
973.2001953125 9.18732054445228
974.010803222656 9.70697176937561
976.175048828125 4.13849830556619
976.630615234375 3.94426648447876
