1498.8896 80 1
99.9485168457031 6.73291557546262
100.063743591309 6.71276718959169
112.111274719238 9.25591408208481
129.134704589844 8.16066448091232
154.432098388672 6.86573594010694
154.564346313477 6.68350433414329
175.133758544922 24.0835127825786
216.113586425781 8.12625596905535
246.149230957031 8.40899249216276
272.166137695313 8.09391873782381
299.171630859375 8.87049126857972
304.182250976563 8.40851129345836
315.17138671875 8.11835538810438
386.216064453125 10.5993118156752
457.31201171875 8.25829903278356
468.817535400391 6.95500410442015
469.031860351563 7.02594641154173
478.279388427734 9.33147258355446
482.238250732422 8.25050150061992
485.282958984375 11.1407165784138
499.296508789063 8.19704565961847
516.322875976563 9.06758107482045
541.35693359375 8.0830987455952
556.328430175781 8.8833094941921
571.335266113281 8.45241659893796
584.338439941406 8.18571277140024
587.375671386719 16.251952604946
589.327758789063 9.93480731953397
602.317810058594 11.1765566857657
663.373657226563 10.9093222221939
684.376220703125 8.96787445967477
685.386413574219 10.6378061467292
701.455139160156 9.09700189492893
711.460571289063 8.40169755111001
762.163208007813 8.86052005921084
762.47509765625 9.34998145017475
800.475219726563 12.3405441326598
814.523315429688 14.3801885194864
943.573181152344 8.51015692154547
983.586059570313 8.50914430415803
1461.87390136719 9.23700971682757
1499.21044921875 20.7138163932119
1503.27978515625 11.5085853571002
1504.20874023438 13.088478231442
1505.11096191406 13.4036092496007
1509.19592285156 11.9835779156733
1510.07763671875 12.3968585991985
1510.32165527344 14.3828221334311
1511.49133300781 15.0634953756296
1513.51037597656 100
1516.13439941406 43.9735746490007
1516.66882324219 39.6092938882124
1517.06799316406 32.2421346799961
1518.84057617188 22.7037109125775
1519.47314453125 19.9860986403237
1521.4443359375 14.3844570872291
1521.83825683594 12.1896757512251
1522.28869628906 12.1661026236941
1524.42395019531 9.70319773483426
