2015.1550 80 1
70.062614440918 .42323001600083
175.119857788086 .328467047779175
242.183700561523 .417779515484948
276.186492919922 .490937840666923
301.161407470703 .454582737966174
304.174346923828 .30304259283505
313.205718994141 1.13066166507934
326.199401855469 .780977427707847
341.228118896484 .636816165333446
363.194641113281 .512223347111325
370.225067138672 .519261127138467
372.197631835938 1.43218658370686
375.222686767578 .541271034483988
383.218841552734 .64895982901262
384.240997314453 2.33083350899168
386.227783203125 .607666556115429
396.237670898438 .748288416765603
397.222473144531 .862018963840817
405.219451904297 .808209300025173
412.266265869141 1.44452214417682
434.230560302734 .602220429087111
444.263763427734 .621729263266993
454.2421875 1.42451032345788
455.271026611328 1.63472546383119
457.258422851563 1.08082937052509
462.249237060547 1.6677555470459
468.273956298828 .983974552868646
469.279083251953 .657962113419526
471.275024414063 3.19164977300482
476.250427246094 2.67354107718881
483.301727294922 2.80638492923455
505.271240234375 2.10473258797966
515.309509277344 .984329409877351
517.303527832031 .987351853728255
518.311401367188 .821804122656
525.274658203125 2.54606855874863
526.297180175781 1.38327983385609
528.289367675781 2.5312913029945
533.277770996094 4.268305991304
540.310668945313 .901072209195691
542.30712890625 2.57589782890731
545.310546875 1.58590500554256
547.282165527344 6.38695468361597
554.343444824219 2.50844881801338
558.27783203125 .977501291621034
559.273193359375 1.44668336258355
566.351989746094 .884082597923524
576.296325683594 2.47527399641752
586.308654785156 1.05141202244348
588.319580078125 1.16075044528297
596.332458496094 1.8810956275598
604.31591796875 7.64534180152777
616.336486816406 1.79338559968365
624.340026855469 1.13115712138575
625.354064941406 1.67395553625877
627.354736328125 2.1263688539869
630.342468261719 1.5505244164184
632.341857910156 1.49640950907852
641.365966796875 2.51791242825181
647.367736816406 1.22055651215689
654.311584472656 1.77317636133983
657.342834472656 1.8572975139558
658.336608886719 2.32462690403069
667.335144042969 1.84124554387388
675.352111816406 17.8566642497347
687.355163574219 1.51247460579167
695.376220703125 2.31574382646046
698.377014160156 2.18465107195505
701.356689453125 1.41679683613209
703.381713867188 2.10877317233354
712.408447265625 1.640227644289
725.380981445313 1.48720576665977
746.388366699219 3.8306312896599
766.412109375 2.4699298290168
774.421447753906 18.9493349026126
783.37060546875 2.36047070038793
817.38232421875 3.70325085503125
845.456115722656 21.2837391729769
854.415405273438 3.85279901151295
872.433837890625 49.1592240707344
911.450988769531 4.15539401583215
916.492980957031 3.45229710361533
929.455200195313 100
944.520874023438 11.3491568549605
982.481811523438 2.81433009419923
1000.49011230469 63.5034346294476
1015.55523681641 6.40155248450374
1053.50842285156 2.5987755608672
1071.52453613281 87.4611998494192
1086.58483886719 4.09507023659661
1143.599609375 3.43132202997079
1170.5849609375 34.6338851482223
1215.49572753906 1.98042620312148
1223.62060546875 2.00465786566772
1241.62268066406 52.7876981333717
1278.57458496094 2.24683404604558
1340.68481445313 19.9439966984529
1352.56652832031 1.82722706662247
1411.72180175781 16.4798858241273
1468.72412109375 1.60198058875622
1482.75183105469 11.7259102195589
1539.82434082031 1.2064304310732
1540.771484375 1.52148216429148
1553.78454589844 7.58609820586705
1569.57348632813 1.3431482924965
1624.82275390625 4.33048477079433
1667.67602539063 1.49155586316045
1711.85327148438 6.53433921596436
1810.85302734375 1.57487481082452
1999.23974609375 3.45077589484028
2015.41027832031 11.7789940201464
2018.30529785156 7.86873855940066
2030.60205078125 15.82609826319
2032.59130859375 44.5137606021136
2037.78076171875 21.8101034650153
2038.64184570313 24.235509340058
2042.33081054688 13.6470731370728
2043.00915527344 12.4729970391215
2044.06494140625 11.7077132543034
2045.41369628906 8.8651498489636
2046.17858886719 7.55025480429571
2050.99877929688 3.13444451247044
