2960.7495 80 1
70.0810623168945 2.41261968230598
72.0982971191406 2.23901022580573
100.095001220703 48.6211407534541
100.258636474609 14.1218607841292
313.211242675781 4.97061331360595
327.206024169922 1.75991899758799
372.216064453125 4.1183657842471
373.259155273438 1.93212201430823
384.238037109375 6.0597054231296
412.257751464844 2.93887581382507
434.216949462891 2.24697053415255
454.234283447266 4.08186379542304
455.257110595703 5.33927233127738
457.249755859375 3.83928413113646
462.261779785156 3.28400731979134
471.266632080078 5.33927503882242
472.306060791016 3.0869931198636
483.303802490234 7.21850611315815
487.252532958984 2.2473964608961
488.275604248047 2.43839399988878
505.282135009766 4.65518264796595
525.269226074219 8.37071792936828
528.285888671875 5.64173760266759
533.27685546875 7.19922159213521
542.303161621094 4.63777662798764
545.297912597656 2.91668457004588
554.330139160156 3.24608295681247
559.297546386719 6.2204638948995
576.28564453125 4.57281953716142
587.342590332031 4.87973223462583
592.268493652344 3.29815713906334
596.3203125 6.35899644427555
599.286315917969 3.62428862087579
602.290832519531 2.59579398241944
604.308776855469 12.6578064291173
606.318603515625 3.22631258887044
627.327880859375 4.5022293673986
630.284729003906 3.63801077396396
641.364440917969 4.04265589868029
647.354125976563 3.74098746409166
654.304382324219 3.6564934838584
657.31787109375 5.20206232320361
658.314636230469 5.04096301558962
675.340942382813 31.0045057579282
687.352783203125 4.16170564658392
695.36865234375 3.55608845778839
698.398315429688 4.48829564800041
703.398376464844 5.77220538283125
707.389099121094 3.15917016288389
734.45166015625 7.6335040085771
746.40478515625 9.47342971454869
756.419555664063 4.08332763279665
766.390563964844 4.71279545990788
774.413330078125 24.4743511613882
783.372802734375 5.51467245102391
796.40478515625 4.97521563644284
828.421508789063 3.69383518944151
833.400390625 4.67791308674642
836.383239746094 4.26101600589807
845.446655273438 31.0942700690291
853.096801757813 3.073590834887
854.412902832031 7.07204215690443
855.417541503906 5.19673072625878
863.454528808594 5.40774217844389
865.506774902344 3.28612751645533
874.469360351563 3.71513308503172
911.437927246094 5.98044764610316
916.500427246094 4.42558563065801
926.465393066406 4.23394559280175
944.513549804688 12.5752843602325
964.520446777344 12.904291884538
982.470886230469 4.00414037787355
1012.49438476563 5.10504053207517
1015.56854248047 8.11560758922608
1021.40698242188 4.0330190532589
1053.46618652344 4.87176115906502
1074.59338378906 5.44520125295614
1085.42443847656 4.12642885337306
1086.58361816406 5.87704952344185
1092.60229492188 54.2688711607515
1141.52526855469 4.57673426949075
1154.56018066406 4.90816932830517
1204.59936523438 6.1547672035145
1221.6435546875 48.3496394708585
1235.66345214844 4.94519727349459
1333.70532226563 5.71360308910992
1348.61950683594 4.84597040731351
1350.68994140625 34.2006057647185
1364.68444824219 5.07825371858014
1403.64904785156 9.12510606020613
1421.71301269531 44.2197505008581
1430.64514160156 5.02913960716771
1435.69165039063 5.39239052400542
1474.69689941406 10.2108141162281
1492.74340820313 60.5067819091865
1503.67248535156 6.3212499921922
1545.67370605469 7.63051601224505
1603.77673339844 6.04785934688876
1616.70727539063 6.6975231932086
1621.78369140625 34.9228155728118
1799.873046875 8.61534937758199
1817.90966796875 53.6913757310875
1856.92956542969 11.6137316005314
1874.919921875 100
1888.92114257813 7.92433703681838
1928.94848632813 9.25686603198117
1945.95617675781 61.5310963184843
1959.92663574219 6.93523078761301
1998.99829101563 8.02853621501424
2016.98803710938 78.0661992998969
2031.93786621094 6.47315183227506
2098.05981445313 13.8560136111689
2116.02001953125 32.6647567601985
2187.0869140625 47.69382244509
2227.03295898438 19.6274135938003
2286.13452148438 19.8560386968885
2357.19067382813 17.1365018780036
2374.08935546875 11.2236466455759
2428.21313476563 17.1919584451528
2489.13208007813 41.9329806287872
2499.255859375 12.7674596104802
2511.05493164063 9.33776571469215
2515.26586914063 8.02976833690545
2570.28149414063 9.25310065539213
2588.17578125 11.5282275800663
2657.19897460938 9.18929653798935
2701.10522460938 11.0263414160395
2942.931640625 15.8438483468511
2961.12060546875 64.9007058859561
2963.97436523438 93.8495275925789
2964.86840820313 68.7747207677318
2975.08764648438 18.1518398310049
2983.24291992188 49.9558491334748
2988.07006835938 67.8495402865575
