1389.8043 80 1
84.0831527709961 7.86406778393808
101.086029052734 2.02422533647006
129.107284545898 9.65115595661191
175.136901855469 8.58529220756478
185.150161743164 2.75117714247552
216.143188476563 7.21379852778283
242.21028137207 3.8398908618582
272.134826660156 5.01663967422401
274.182037353516 2.07551070162448
275.197509765625 8.07337873988772
286.131866455078 3.14748285757557
304.522399902344 2.04751146054474
316.1171875 2.00701653717762
357.212097167969 2.61715748749222
370.228546142578 2.62403018895745
373.184478759766 3.31819943130875
387.155151367188 4.9999463610093
388.317291259766 4.61944706373978
431.138519287109 4.12910497296291
444.317504882813 4.48494925740625
446.186187744141 3.87577972459032
459.319793701172 21.8045718062147
484.169067382813 3.62163540068894
502.173736572266 5.76755586617566
520.299682617188 5.02717219206523
557.290893554688 4.22938814052155
588.359130859375 28.2953926028225
598.283569335938 6.86334403927788
603.296936035156 3.79671137484682
616.283386230469 8.96771272141886
619.171142578125 4.72948704611681
624.205871582031 4.48788062372526
630.270385742188 6.85889498801902
646.283630371094 6.64984243994228
657.383544921875 4.48666483675396
659.389953613281 75.360870538278
670.301635742188 5.47876241862938
717.301940917969 7.02436705918613
731.283142089844 17.8621146010478
743.330749511719 8.24081549964432
745.273742675781 4.55641826469974
757.433471679688 6.60814101014423
774.405029296875 50.9241438370439
784.373107910156 6.47510314316598
795.30517578125 5.12072387433449
802.348327636719 19.8412497174953
830.394470214844 9.65900465252846
834.351379394531 6.25904072976988
836.448974609375 4.61287834067614
889.434265136719 28.0153218863349
903.369079589844 6.71300380779305
913.426147460938 7.02964383333889
917.485595703125 5.80631360987303
931.378173828125 22.4249229248408
974.439758300781 7.85720637108337
1002.41217041016 35.5803816221884
1017.53771972656 11.1801643135413
1087.50012207031 9.72692308427069
1104.55725097656 16.5283039042152
1115.46459960938 37.074094618702
1118.51013183594 7.17389317199999
1243.52185058594 24.3943944117789
1260.5693359375 14.829784686253
1261.53088378906 31.590908512006
1371.71923828125 11.8377394806359
1389.97985839844 32.0094461935037
1394.01208496094 17.6636848525603
1394.74206542969 14.6600599928864
1397.095703125 20.1655529728758
1398.05444335938 24.7267669975214
1400.12426757813 33.9254134294405
1401.11767578125 48.5422988288559
1402.1875 77.9438102753912
1404.23718261719 100
1404.796875 75.0542136967548
1405.92724609375 84.1286443108182
1407.44714355469 56.9294840445042
1408.15209960938 47.8724315227097
1408.80908203125 39.9026082363555
1410.11059570313 31.1077461403372
1410.75744628906 25.9653573962513
1413.408203125 13.6122314815844
1413.84069824219 13.1340100479054
