1998.1514 80 1
70.046745300293 14.1932526633383
99.9488677978516 13.6326181937162
100.078468322754 13.1346072210724
154.579437255859 13.7124048185082
154.707183837891 13.3881666505501
175.147872924805 14.8951751769224
460.281158447266 33.7235731417347
470.704986572266 13.5149852629727
470.934204101563 13.9575767923901
504.250152587891 18.5904472762296
543.320495605469 14.9010442925771
571.316467285156 17.1473938906664
589.295349121094 14.8999326043781
599.916809082031 14.216515505453
601.056884765625 15.8347587370533
615.279418945313 19.4856215915746
618.350891113281 17.9205946992112
627.209533691406 14.9300358639178
643.35009765625 27.492031423044
660.359130859375 100
669.427856445313 14.9019149925205
716.316650390625 15.9591492217524
758.381225585938 28.2736179133488
773.108581542969 15.1678225993971
775.390747070313 21.258562811929
805.468383789063 14.7760197883033
985.534545898438 15.6992602395428
1331.67761230469 16.1235148686966
1426.79516601563 16.0812631149812
1455.8740234375 17.0525613377195
1568.94348144531 17.5265715525806
1680.95849609375 19.043594902138
1697.9892578125 35.8123934558233
1796.92456054688 19.7004452631794
1823.92407226563 25.2283575314937
1841.9111328125 50.9699070287076
1855.94580078125 19.7805952708931
1856.81030273438 21.9751620424289
1956.18481445313 24.1556683782661
1980.35400390625 31.2437781444381
1981.25134277344 42.3049444606962
1981.65771484375 43.7492815965251
1985.22631835938 33.8120910928511
1996.44006347656 29.8542312469579
2002.59191894531 27.4058762211339
2012.62683105469 30.2132434373653
2014.74780273438 40.1265804116231
2020.85375976563 30.8841643703096
