1113.6783 80 1
70.0754241943359 .410036173408819
72.0903854370117 .526336175715198
73.1846008300781 .681204224342629
86.1135711669922 .507063476916852
169.105331420898 .325419481296701
175.122375488281 1.53483858656779
229.126190185547 1.89289862934674
240.135726928711 2.75545312090852
257.152221679688 .379093123973987
258.152191162109 .334669204298129
260.192596435547 1.10587577081527
270.111663818359 .653654265025253
288.11328125 .484323628706542
300.193572998047 .449787196902318
311.167663574219 .976137097211286
313.186645507813 .378445535885598
314.176422119141 .396978213938041
316.136505126953 .446460721133276
325.221710205078 1.29106199202104
326.207824707031 .628563471213237
328.186676025391 4.11531014335071
331.240020751953 3.60034261683735
342.201202392578 .731406353734386
353.221405029297 3.95297754948074
355.181457519531 .466695805505777
365.196960449219 .689141437028175
369.180053710938 1.35229477175699
370.202758789063 .690965546002171
371.223480224609 1.21037549407066
396.225555419922 .547552200672338
398.200469970703 1.41897192743346
399.212036132813 .901940133562802
424.247985839844 1.36754675074565
457.224395751953 3.91524554289686
468.248962402344 2.41559556845483
470.239807128906 .553341718377102
476.233367919922 .941269830452385
481.299682617188 1.88806771103163
483.304962158203 .682698466121147
484.218963623047 .894581218639763
497.282104492188 .726593902976995
499.319152832031 100
511.303192138672 .780291883719439
516.237976074219 1.09848805735095
526.251647949219 4.16435605630784
544.253601074219 5.0383144620125
570.351501464844 16.7116467006396
581.290405273438 .721559373057532
587.286376953125 1.63038036699096
597.278869628906 10.4961827410253
615.292358398438 7.989278056519
625.297424316406 .7386393243519
626.320190429688 1.04517862884513
627.337280273438 1.84226636797517
640.338500976563 .913742598066023
657.382934570313 16.289276938603
678.374145507813 .645807886094905
706.338623046875 .786099086144864
712.354431152344 1.61615300613696
745.390930175781 .662384759789271
765.348999023438 .78764775975531
783.372863769531 2.66360346511347
786.415161132813 8.75650211517149
836.400573730469 1.07080743204941
854.408935546875 5.08193872904216
885.484680175781 2.77849907959813
964.43212890625 1.41237388698384
967.463195800781 1.27566269943255
998.515014648438 2.76981991922019
1000.53332519531 1.38128968339747
1025.55017089844 1.47013818846889
1071.47351074219 2.39544224817706
1113.84387207031 4.68560442632396
1115.81555175781 4.25085188328825
1118.921875 2.18845500111301
1120.95275878906 10.777970451306
1123.30493164063 5.25309299661934
1124.48095703125 3.62478195152417
1125.349609375 3.09226960411262
1125.84948730469 2.60456650480424
1127.06518554688 2.26174561204048
1127.61474609375 2.04857003185627
