1549.8571 80 1
70.0836944580078 1.71657405545655
72.1056594848633 1.70821351127198
86.1144714355469 2.29548116402122
112.102149963379 3.39326481935841
129.120193481445 2.10272849164934
157.11669921875 1.84291310621607
158.108810424805 1.71640578075186
175.133728027344 20.9356424498504
197.132385253906 1.59465120051342
201.134399414063 1.61802554317022
219.137084960938 1.84352939949276
229.136978149414 1.65672752041647
230.12890625 2.99662291097151
242.137313842773 2.40358242290129
243.16291809082 1.56696307266002
244.141250610352 1.55247462504915
256.194488525391 1.55658144708471
271.182647705078 3.21195580861898
283.170593261719 1.54435312822417
286.165313720703 1.56943534088159
288.216644287109 3.40360619465962
301.196319580078 1.95194766274887
311.1943359375 2.3580453511601
315.186614990234 1.57955315313043
329.200653076172 3.22686063683695
330.186126708984 2.54893446261525
332.2177734375 1.99250557031665
343.178619384766 1.82193285164756
350.139373779297 1.72280851947547
354.245758056641 3.3307988928665
355.223663330078 3.37341304503566
371.256530761719 2.31965729927779
426.296356201172 1.89402506403667
429.241149902344 1.9144947380772
430.211730957031 2.06035262824259
434.258666992188 2.13532746530626
451.284454345703 3.03848025089154
454.294036865234 2.35011203106003
458.236785888672 4.46102516159405
467.252471923828 2.23886437880229
470.326385498047 2.68955847844697
472.243225097656 2.28893331011871
491.276428222656 2.89372125568175
493.325042724609 2.13030108961401
499.253112792969 2.07581935385683
508.304412841797 26.3026311334653
510.322509765625 3.59365576214927
543.324951171875 2.37926197568636
553.308410644531 2.17339405047615
566.421142578125 3.07974401082704
569.335083007813 3.73140014307179
571.337097167969 3.69426547223035
573.337524414063 2.2764226146124
584.427062988281 2.32437086519019
585.317077636719 2.28690053740667
609.432556152344 12.95808238998
619.337036132813 2.12946449079052
620.332336425781 3.50570337994778
624.35302734375 2.11362542782918
626.435791015625 4.26653048234829
637.351013183594 4.57647624546985
642.363525390625 2.38015497844163
707.439880371094 2.16132387681673
708.458129882813 2.04960045025474
709.354187011719 2.66637369583936
724.465087890625 2.53692194234179
736.415283203125 2.63502274841966
752.444274902344 2.11978827134929
757.390380859375 2.07940680456176
766.390258789063 2.10346763304642
776.423217773438 2.75079155064533
793.443542480469 100
797.463317871094 2.54253770342239
807.494201660156 3.45512690249212
814.41357421875 2.62310349097642
850.468994140625 3.82953477365938
862.451782226563 2.39709543526693
890.489929199219 2.60111523924427
891.4453125 4.37431768199432
894.459228515625 2.53752382227198
908.467895507813 6.54411705278062
962.482177734375 2.24473145866751
979.508544921875 4.77594223517701
1023.54284667969 2.39374154324784
1092.60180664063 10.2805931034784
1136.57348632813 3.08190172895757
1265.62927246094 3.80989567428823
1320.71362304688 2.8128288251051
1351.92517089844 4.46515960549177
1370.0205078125 3.63310504686817
1395.7900390625 2.87987212700326
1466.91137695313 4.62143865753273
1508.98828125 7.89595856404386
1525.962890625 4.38127214398727
1550.18029785156 14.523660799663
1559.33703613281 5.71563173852954
1562.40551757813 6.75706501012936
1564.47143554688 71.7651441950808
1569.17150878906 20.2142961362636
1569.99108886719 16.2659157794483
1571.45080566406 11.778075724606
1571.75927734375 11.3859225696249
