2015.1654 80 1
70.077880859375 .399585592732119
175.127853393555 .337169802049714
226.16423034668 .266621850334036
242.167465209961 .333086255548381
276.174224853516 .319132285898803
285.161987304688 .424736456422798
301.167419433594 .469628244325284
304.181335449219 .351577503763248
313.204650878906 1.41789859719017
325.203277587891 .508208462920013
326.183959960938 .728851999940361
341.226715087891 .462298834491558
372.205963134766 2.00054937779196
375.212310791016 .632477745016499
383.209808349609 .718976887848267
384.242767333984 2.11095347006902
386.217193603516 .670470500811741
396.224029541016 .54910728243687
397.226104736328 .783157574244073
401.198333740234 .573530680409416
405.203338623047 .770491641419195
412.259338378906 1.57208322572708
434.231658935547 .769834858919419
446.2646484375 .81063280303212
454.252227783203 1.30816056868558
455.270355224609 1.54765309587105
457.251098632813 1.173279803058
462.245147705078 1.30078269864055
468.25537109375 .799828528954305
471.265625 3.29702840201591
476.243408203125 3.09553457712278
483.301116943359 2.67189739831652
495.305694580078 .690190020127334
497.285491943359 .814965505579659
505.267395019531 1.74645258412822
515.278015136719 .752156284614659
517.319396972656 .836335819858388
525.283874511719 2.8510046937185
528.2890625 2.19443282709736
531.300659179688 .76640637298933
533.279235839844 4.01541915474172
540.336242675781 .849445190575383
542.293762207031 2.78793235584058
545.304748535156 1.23582790174223
547.276794433594 6.53005317240508
554.329345703125 2.62980948819584
559.290710449219 1.36511975796336
566.347900390625 .780042987314688
570.3154296875 .911825042038119
576.300476074219 2.22397195786559
586.312255859375 1.24034681566702
588.323852539063 1.11109293225536
596.311340332031 2.57459732241578
598.323364257813 .907947551945582
604.314880371094 8.03311029522899
616.345031738281 1.29990391358296
625.361389160156 1.63624402190046
627.350280761719 2.59341173999591
630.317749023438 1.56833078660363
632.354736328125 .98303602759434
641.38232421875 2.19683481299301
647.354919433594 1.60940876460314
654.32470703125 1.83879684686556
657.350463867188 1.59962257570539
658.344177246094 2.14517072380663
667.353332519531 1.95881568317423
675.353942871094 18.3813735665264
676.336975097656 15.1862880209923
695.375854492188 2.09010471469704
698.385681152344 2.35745707938082
701.381896972656 1.47437533481771
703.384887695313 2.58845183783661
712.419006347656 1.36472671569905
726.328857421875 1.99561714492045
746.399597167969 4.58401268426474
756.40283203125 1.81854567081798
766.395202636719 2.59940850181035
774.416625976563 19.99222392658
783.375610351563 1.96537213876875
796.383483886719 1.99278965412231
797.434692382813 1.64114528187468
817.4306640625 1.94088119756517
827.434265136719 1.90050453222809
845.456115722656 23.5344201452262
854.425964355469 3.0469125014218
872.436401367188 54.4155579711659
911.451110839844 4.12035256319955
916.49560546875 3.5782076065995
926.479125976563 2.17222262308788
929.457824707031 100
944.520263671875 11.3846408238469
982.483459472656 2.58746693834886
987.528015136719 1.64588816805653
1000.49182128906 67.9713927863031
1015.55462646484 7.0661194626082
1053.52270507813 2.73538172746414
1071.5263671875 87.885350339434
1086.58984375 4.82548000947251
1143.60546875 3.21828426430212
1170.59008789063 36.9601329382432
1223.63195800781 1.86690986551542
1241.62634277344 55.775406215563
1340.68920898438 20.6408106823322
1411.71984863281 18.4163763687353
1468.7724609375 1.29031447021349
1482.75439453125 13.6392089927192
1539.79638671875 1.20543040596299
1553.78869628906 9.11544357402576
1624.82800292969 4.60817211760571
1711.85778808594 6.59904478063858
1810.84411621094 1.95270567611971
1867.77160644531 1.01245293727784
2015.45971679688 10.7838669963328
2029.72253417969 3.64037979192297
2030.58972167969 4.68417408491139
2032.70666503906 22.2870885017784
2034.55395507813 25.9421856869885
2037.75708007813 17.4695731581953
2040.20385742188 18.3455970465083
2043.43286132813 15.2776860551726
2045.03881835938 12.5006586524674
2046.30212402344 10.4401921768233
2048.65893554688 8.28748862498687
2049.75732421875 6.65983059688918
