2045.1296 80 1
70.0200271606445 13.4169086780802
72.1058807373047 7.75959396978883
99.9508819580078 6.56014694703243
154.595397949219 6.58038735165274
154.746490478516 6.29655509298297
175.128204345703 7.72526350173504
255.13249206543 8.66594772445476
354.178436279297 7.95262601394885
401.183715820313 8.68580340464769
446.271362304688 7.67162769190732
472.270843505859 8.7380351828014
500.266937255859 23.7909091182709
517.281127929688 9.59061426187001
518.26513671875 16.1488155882278
530.24169921875 8.95510900390451
543.303161621094 8.17409591784434
575.263977050781 7.99231637573051
598.293701171875 9.63533528926332
599.929077148438 6.81081266028247
600.058776855469 7.43156302400579
601.308715820313 8.04025343935389
612.925354003906 8.14603290819259
615.285949707031 100
629.300354003906 8.30094973587106
633.294677734375 8.04026068887201
660.34130859375 10.0092666840435
661.343139648438 8.13003884631789
669.285949707031 10.3360199647529
686.315063476563 11.3573360778709
690.35302734375 8.04667013783594
722.248229980469 8.28987697187768
747.388488769531 9.72502357768279
752.330261230469 9.81492410199494
761.335815429688 8.42240016306116
770.336669921875 10.8188983678255
787.362609863281 8.77295311180666
865.40283203125 9.22472833230775
876.350830078125 7.47749497090928
883.468078613281 8.1118778034824
900.473083496094 9.77801380542235
933.458312988281 10.9455944463372
971.527160644531 8.46804762887411
982.487060546875 9.07506078070991
999.532165527344 11.2155620015938
1046.55676269531 9.89289716912517
1112.62548828125 10.3913022901368
1270.68383789063 8.86582493861633
1355.77392578125 10.0740706265255
1373.7451171875 16.5918856373617
1430.81726074219 17.4031512125389
1444.81677246094 11.8663807416721
1470.77697753906 56.7666887182009
1599.81713867188 10.3236165392086
1827.92883300781 11.2671590719365
1916.87890625 16.7090228512511
1929.91931152344 13.6017718902225
1930.90087890625 19.7231760004912
2029.33959960938 15.8674847882861
2045.50085449219 22.0140977229244
2059.83081054688 40.4702159447462
2061.68017578125 48.3708597889498
2067.8505859375 17.575210275773
