2960.7561 80 1
70.0770721435547 3.21602067851695
72.0976181030273 3.46399894945417
78.7181243896484 1.86082840300042
84.1038436889648 2.96526863779557
95.6415710449219 1.63132910198489
100.09496307373 55.945269638587
100.258949279785 15.7928064939763
129.112945556641 1.85602487168662
260.206420898438 1.86946266178957
299.201446533203 1.99059933994686
313.223419189453 4.60917657605599
372.193695068359 4.88075533564237
373.241821289063 3.22283363111695
383.208618164063 2.56181342289142
384.242523193359 4.52909093736179
396.245483398438 2.42638985741562
412.277252197266 3.28670243652759
434.243804931641 3.05096660350017
454.246185302734 5.41140230052556
455.246551513672 6.3931343666472
457.236755371094 3.15152195028231
471.264434814453 8.4450791642422
472.339294433594 5.2943811132519
473.328857421875 3.6756769782776
483.297332763672 6.88599976111771
495.286071777344 2.74733902504229
505.278411865234 3.37390999005629
525.26318359375 7.69773650625236
528.292785644531 5.93945831895099
533.273315429688 9.032714493486
542.290405273438 6.53692392064842
545.293762207031 2.87441132432335
554.345336914063 5.31984496664238
559.293212890625 4.29824394707576
576.306884765625 5.56290444488626
596.329833984375 5.86368957078672
597.302062988281 6.98664872446749
602.337768554688 3.71928285888827
604.303588867188 16.3220979203588
613.384704589844 3.55238805614907
625.370544433594 3.70374857214798
627.345336914063 6.00569034093926
647.348327636719 3.57704620070917
648.337341308594 4.90104071371922
654.307495117188 5.3217500040776
657.358032226563 3.92302683307553
658.3408203125 6.7537428311648
675.345397949219 36.1068771392791
687.374328613281 4.38403802823969
689.360656738281 2.95382556961589
695.417114257813 3.96919246074615
698.405090332031 4.99875392030539
703.395690917969 5.26063137597361
712.399353027344 4.50313307513177
720.361328125 4.67165524434051
725.322814941406 3.80857979823749
726.35595703125 4.0795629212639
734.444763183594 6.16202115252436
746.371704101563 10.6000806624601
756.400085449219 5.08575364321652
760.351501464844 4.25179557715926
766.385498046875 6.6232894395461
774.414733886719 26.4086609692955
797.408020019531 4.65426001825379
833.452026367188 4.8503729651716
845.440612792969 31.3331743607032
854.418151855469 8.37183179780064
863.479553222656 5.43261789103677
911.388671875 5.61296584471318
944.506164550781 16.9790750688115
964.506713867188 12.1354081734973
966.509582519531 5.48244931933071
1007.52532958984 4.41866656693051
1012.4619140625 5.38417525855209
1015.57342529297 9.34894188811482
1053.47961425781 4.38576130805233
1074.57421875 5.70743482840475
1085.52270507813 5.58177350259677
1092.61047363281 56.0664164960531
1141.52038574219 5.38335062429194
1203.60009765625 5.91026045989321
1221.64990234375 52.1267473382599
1235.64770507813 5.61994892406484
1283.61010742188 5.71015950231673
1321.74096679688 5.22884826646121
1332.71667480469 5.58991709665145
1347.61083984375 7.9233861325434
1350.68701171875 37.8335883711999
1403.62854003906 9.25369347070409
1421.72106933594 43.4789069257389
1474.67028808594 8.25522454458698
1492.75207519531 73.1691093852387
1502.66442871094 6.07174736701189
1545.69189453125 9.24377639851238
1621.79418945313 36.151047548923
1799.927734375 9.94191352708168
1817.90661621094 61.1328212208564
1856.8955078125 14.0695284452605
1872.88928222656 11.5522363793028
1874.92590332031 100
1886.87756347656 7.52758167880342
1928.95092773438 11.121662640472
1945.95983886719 64.567992955689
1998.96057128906 9.26582397296521
2016.98718261719 84.3777087618516
2031.00256347656 8.06486955861776
2097.99829101563 17.2808068336844
2116.05590820313 35.9859795830082
2187.09204101563 51.5160576016997
2227.05859375 22.687568251347
2286.15185546875 19.6456356374365
2357.17895507813 22.0583617273087
2374.12426757813 11.2119390718698
2428.23120117188 17.7127382056751
2489.14282226563 45.0531898799378
2499.25048828125 16.0071158557571
2504.09301757813 8.30617782825944
2511.05151367188 8.67521474211103
2570.29223632813 10.131262194665
2588.15405273438 11.7663658208814
2657.21997070313 9.83217852002322
2701.12060546875 12.8582830069285
2943.72265625 22.0771795577394
2945.55078125 26.7570451312423
2961.06469726563 63.5710898057108
2964.95776367188 74.2823568168278
2976.20971679688 25.2699640896916
2983.37036132813 40.8090357665957
2985.1630859375 66.9094609439044
2990.26635742188 39.262274135616
2991.7216796875 33.9300949335424
