1113.6738 80 1
72.0905609130859 .36786471443732
73.1675643920898 .440127831200783
169.120544433594 .573671304981292
175.126724243164 .966181700924495
186.133880615234 .453704279756166
201.135528564453 .407164098864509
229.122970581055 2.4902227294337
240.137771606445 3.15462626099303
242.182861328125 .336853412777164
257.154296875 .42601454282835
258.14990234375 .645194464446721
260.20263671875 .905039871175244
270.100708007813 .625581247947606
288.135589599609 .553296526438101
301.245635986328 .419551822366013
311.171356201172 .994356251766382
314.171722412109 .50513722404221
325.231994628906 1.37682336867613
326.223114013672 .893444428033531
328.186737060547 4.44871297654431
331.236480712891 2.96089204712307
342.197326660156 .505867913517004
353.217620849609 5.44312366847111
355.193603515625 .628554878420647
369.180541992188 1.59465358672357
370.210815429688 .829429954720732
371.214111328125 1.12797607559801
372.208251953125 .675509018300924
387.197845458984 .581015735043821
398.200958251953 1.54096864503168
402.261199951172 .560527310711303
405.235931396484 .904207967823857
424.248504638672 1.11496733102278
457.228485107422 4.53245672135928
459.237060546875 .649946107264044
468.24169921875 2.26107158747357
481.308258056641 1.96998990677375
483.271362304688 .957413467576671
484.2705078125 .814770301058318
497.303985595703 .869160986018873
499.319549560547 100
510.259033203125 .64653559874871
511.267730712891 .935563106146541
516.236755371094 1.44432425838985
518.336791992188 .874371162061662
526.2470703125 4.20357201921812
544.259826660156 4.78202276376151
547.282043457031 .920124810745485
567.321899414063 .773324783825882
570.352294921875 18.0082822711652
581.294799804688 .902629016554115
587.295837402344 .844500718094045
588.288269042969 .970352286950948
592.270690917969 .925921772396866
597.282409667969 11.6288918649135
615.289733886719 7.43904912927232
623.3095703125 .884510061493631
625.296875 .840149822678588
626.316345214844 .800206975595519
627.338745117188 1.62060793026441
639.377502441406 .880072185560592
640.343078613281 .860624891258213
657.377746582031 16.0513702423046
676.3515625 .691073863831858
680.396118164063 .633975531983094
700.344116210938 .629172877889789
712.331481933594 1.97006799690597
724.943664550781 .59132998757583
745.379577636719 .673082898040788
765.367065429688 .756109164547413
765.940856933594 .68256055993049
768.428771972656 .793380518079409
783.371826171875 2.38701331102497
786.424194335938 9.73825320699172
801.344177246094 .620356019783007
836.996643066406 1.29243133857471
854.406555175781 4.66367332170805
885.488037109375 3.37040697285454
967.475219726563 1.15584304903249
998.535095214844 3.2235948611978
1025.50451660156 .952510399875954
1071.51989746094 2.38549644450383
1110.81567382813 1.28561395974259
1113.86901855469 7.40210515308503
1117.95190429688 2.42912959505539
1120.89270019531 9.55873940660282
1123.25634765625 5.25375496333537
1123.486328125 4.30460752320796
1126.29077148438 2.32929398374135
1126.78662109375 2.22147596306591
