1389.8005 80 1
84.0817794799805 10.7019236978213
129.116714477539 12.8770979620351
175.121536254883 11.4490339454184
216.140197753906 11.1639595321895
258.140808105469 3.34646928013757
275.197937011719 9.65637914941617
368.180816650391 4.08827154212481
387.148712158203 4.65703934440525
444.277801513672 5.84687493458204
459.317779541016 22.2203324662073
474.301055908203 5.24721182080513
474.522552490234 5.10265488877572
502.185729980469 8.12804070059455
559.218078613281 8.88867142056439
588.346069335938 26.652812896569
598.29296875 6.41167327574965
602.286865234375 4.72957561717541
614.290222167969 5.94682583200014
616.274353027344 12.2666316404836
619.353454589844 5.90056910440335
643.291198730469 6.23301596323739
647.286926269531 7.70688322369514
653.098510742188 6.22433371935237
659.38232421875 77.2289038687632
674.390197753906 8.47561918340886
695.359619140625 7.81379134128904
713.27099609375 10.2734541775415
731.312316894531 26.6292706228421
743.339416503906 11.2210300893262
751.390197753906 8.5193393786635
762.37451171875 6.25034162712145
771.352233886719 9.14875331414074
774.416259765625 57.0443904720512
802.351745605469 19.9839220885071
809.2275390625 7.75679181946087
830.412963867188 7.85347794823583
871.447082519531 10.1246608557612
889.440307617188 31.6490343229273
914.377258300781 7.7978558378867
931.362609863281 36.0288250866185
975.415832519531 8.44154133000993
1000.4775390625 7.79699444373312
1002.40985107422 39.2828860673988
1017.49725341797 12.9826327639834
1087.51110839844 11.9284904771019
1104.56799316406 17.4841982515189
1115.48278808594 42.2174729629766
1243.51245117188 23.0753840198052
1244.51965332031 30.1162989175887
1260.55139160156 16.7663737898854
1261.5244140625 29.0010606985625
1372.93249511719 16.8248830589942
1388.0166015625 17.0711439484192
1389.98327636719 38.7720389528667
1393.0322265625 26.2610275065744
1396.12060546875 25.3727831457271
1398.13427734375 29.6195629299448
1400.07385253906 34.4408633092038
1401.08142089844 65.6222794435921
1402.30834960938 80.8460829821116
1402.64904785156 69.9526963773763
1404.205078125 100
1405.92712402344 91.9947191577235
1407.40539550781 79.1009985729609
1408.19177246094 66.2981514947581
1408.52307128906 55.5096293021065
1409.55554199219 51.7555420526119
1412.98571777344 19.1235141654642
1413.29821777344 18.6252956014912
