2015.1663 80 1
70.0703964233398 .318445009319991
175.143051147461 .34659527037924
242.157608032227 .440988786457189
254.157440185547 .532552654791555
271.1884765625 .375422945208537
285.178405761719 .45632995858499
297.192474365234 .354601418072748
301.17041015625 .609751141352531
304.178070068359 .368733955652239
313.19921875 1.18666923968795
326.196929931641 .767310793904769
341.231964111328 .468293561936999
372.206298828125 1.67002234536118
384.236419677734 2.68410630044565
396.228668212891 .845716892513735
397.216827392578 .871041815647789
405.205322265625 .804244560133853
412.270629882813 1.38736528922964
434.23681640625 .922837376740373
444.225952148438 .648598436546092
446.256774902344 .812594495352199
454.244537353516 1.36602621148425
455.272552490234 1.7523238346192
457.244323730469 1.02114070954966
462.241760253906 1.33739221774196
468.256988525391 .809209704765967
471.270935058594 2.81993466635975
476.250213623047 3.29309052190749
483.307952880859 2.43455082761639
488.255584716797 .807785982101363
505.257415771484 1.7522959973549
515.274475097656 .79101214086962
517.273132324219 .905797491331483
525.285766601563 2.83321506187687
528.294616699219 2.07101884848295
533.280517578125 3.83038586641867
540.299072265625 .802261201822163
542.305603027344 2.44451033852499
545.333312988281 1.24581186487841
547.275451660156 6.05004401385777
554.334167480469 2.70743294437801
559.290649414063 1.31275075744074
561.303405761719 .832102543364224
576.296997070313 2.22761242121841
586.311584472656 1.20250089802865
596.308166503906 2.21216764098638
597.30712890625 2.43007366760833
604.318481445313 9.20509459322413
616.343933105469 1.51758022915834
624.33642578125 1.31648446793049
625.360778808594 1.37204611342806
627.348937988281 2.78790718288612
630.338073730469 1.56358628469722
641.365478515625 2.50771679273061
647.360473632813 1.89318488185235
654.313781738281 2.02717921681342
657.347778320313 1.8437774792898
658.326782226563 2.50039231834822
667.341186523438 1.61478395261214
675.354187011719 19.0268463265346
687.366333007813 1.80897266746721
695.379760742188 2.56006130729426
698.387756347656 2.69887713874637
703.385070800781 2.77923624921383
725.363342285156 1.41124906334715
726.353820800781 1.5536002273652
746.395812988281 4.13981157638258
756.399475097656 1.66386310743317
766.415222167969 2.10314408041488
774.422241210938 18.4853658887964
783.405151367188 1.93879803535843
817.401062011719 2.21123804847092
827.445068359375 1.59967684887245
845.455810546875 22.5301380516088
854.423278808594 3.28285838166244
872.437377929688 53.4258495034339
911.451232910156 4.187953954878
916.499084472656 3.96677798509289
926.472229003906 2.093694077499
929.456665039063 100
944.517456054688 11.1475365788612
982.473510742188 2.61370016110862
1000.49285888672 65.6184046917009
1015.56134033203 6.7125578835128
1053.53271484375 2.86073290853409
1071.52770996094 87.2883691811995
1086.59899902344 3.75810764438426
1143.59680175781 2.80768533467634
1152.58703613281 1.57679012773751
1170.59204101563 34.842558554331
1215.49365234375 1.65441452631304
1223.63439941406 2.02741976220613
1241.62524414063 54.4531874839481
1278.60290527344 1.56473648004911
1322.71691894531 1.35459229837544
1340.69006347656 19.8693233206745
1411.72729492188 17.1305846038323
1468.76440429688 1.29311920027622
1482.7626953125 11.6571527028967
1539.78686523438 1.1637783279971
1553.7861328125 8.12843769822545
1568.70910644531 .904028552915465
1624.82897949219 4.10772613602401
1711.85998535156 6.29838758214002
1810.83312988281 1.68282973187928
1868.79089355469 1.11024232988108
1998.20861816406 2.79152116320685
2015.45031738281 9.04397127274544
2017.32971191406 10.1717905526748
2029.57153320313 3.1851067804383
2032.60327148438 21.0278348307831
2037.87158203125 15.8869745767623
2038.70202636719 19.560488329432
2042.1083984375 14.4332178985839
2042.63903808594 13.6287766348778
2043.43688964844 12.5543040297347
2043.97998046875 11.2793389911685
2047.71447753906 6.6079057836595
