2960.7554 80 1
70.0734405517578 2.57854568870912
72.0825424194336 2.41513878540689
84.0985488891602 1.51096029489405
100.094802856445 43.0628368779677
100.259521484375 12.1461863637582
129.10905456543 2.26466580167
254.224380493164 1.67994345977471
285.172912597656 1.62247901200172
301.152893066406 1.84654743419183
313.212768554688 3.15617633719932
326.184875488281 2.52521800886637
341.202728271484 2.04245887963178
368.233795166016 1.84219551163749
372.213745117188 4.76386738066477
383.195465087891 2.07565291147666
384.246276855469 6.74950528586606
397.202850341797 2.09137866435852
412.259521484375 3.6047631477527
434.230773925781 2.31183008461617
446.254577636719 2.4932859835394
454.244415283203 5.22649755259731
455.260711669922 3.32382359403976
457.256744384766 4.12578650748941
462.260070800781 3.09745563805866
468.251007080078 2.89233590965593
471.261627197266 6.68398011150877
472.329223632813 4.87569461924205
483.306732177734 4.18694577236127
487.303314208984 2.66723915353077
497.294128417969 2.43626316016509
505.251739501953 3.88721485122449
517.296081542969 2.93587906413467
525.270751953125 7.23009689139887
528.287536621094 5.44556840385537
533.285766601563 7.8861995740293
542.285400390625 6.26065740282713
554.358154296875 4.89866404123497
559.303466796875 3.82920259617606
566.310913085938 3.16494590882035
576.290222167969 5.55024282095832
587.361572265625 5.13502350574239
596.301208496094 5.61809563070334
604.304565429688 14.4766103382139
613.345458984375 3.03652865133436
616.334716796875 4.01790674846073
627.363830566406 4.80850361629286
630.328186035156 6.24215193366826
641.349304199219 4.34878499686566
654.313354492188 4.52477468105675
657.32568359375 4.67665972390321
657.94580078125 4.17459131694587
658.313842773438 5.17149835642787
667.309875488281 3.96708958082355
675.347412109375 31.4331871559803
687.319946289063 3.24879244429973
695.353393554688 5.24881169644818
698.383422851563 3.82535137169264
701.399536132813 3.50361511202911
703.372985839844 5.84491363801396
712.394287109375 3.56256374634328
726.360107421875 4.93354362956036
729.388549804688 3.78531164895592
734.447509765625 4.52008937847389
736.437622070313 3.57949470290692
746.374633789063 6.94596579108949
750.309265136719 3.3081894552018
756.386352539063 3.92843041289368
759.398315429688 5.82209732714507
766.395751953125 4.30840396746313
774.414367675781 24.2682144376689
796.376586914063 5.79147691900842
800.430419921875 3.77278526286231
828.495178222656 4.07722683478992
833.372314453125 5.20513080156727
837.419067382813 3.97104151688799
839.210815429688 4.3168715746538
845.436584472656 28.3707709731084
854.394104003906 6.81024768200091
863.486450195313 6.08543120211823
869.471435546875 3.79018446582973
911.462768554688 5.91639788369339
916.465454101563 4.62500416357799
925.428466796875 4.18036980002718
944.508666992188 13.2864208570155
946.528015136719 7.55046905981726
964.535400390625 13.9316430555575
982.467529296875 4.06477379670234
1013.50219726563 4.09565154734
1015.54431152344 8.99789102001407
1021.45684814453 4.43440897253123
1074.576171875 5.13244270051499
1086.57751464844 5.69665770349491
1092.61560058594 53.5684649681158
1106.59448242188 3.91106442090423
1141.50695800781 4.33121814942318
1154.52087402344 4.81018834959529
1203.67529296875 6.07960048980663
1221.64440917969 52.7836294953233
1235.63354492188 6.26235647078244
1323.734375 4.59779364292877
1332.69006347656 6.27743800165551
1346.61499023438 7.35542796908346
1350.67797851563 35.3685168231123
1403.62744140625 9.42691190933543
1421.71618652344 44.8733985711845
1446.65625 5.26147433270777
1474.68029785156 8.76189960126752
1492.75341796875 63.6251378613242
1502.66345214844 5.94060056838664
1545.6552734375 7.74488680604168
1575.66479492188 5.26651990343787
1603.78198242188 7.50313086985585
1621.79223632813 35.5582295104798
1817.90881347656 52.3814253636715
1856.91003417969 10.667048657632
1874.92712402344 100
1888.88073730469 7.42458582833502
1927.95654296875 8.07180999598253
1945.95983886719 59.8012133694949
1959.88452148438 6.16149410624019
1999.01403808594 9.15804673179043
2016.98828125 80.0787460559324
2098.05004882813 14.3562017519428
2116.05883789063 33.727767118019
2187.08862304688 49.0797341330528
2200.95166015625 6.5406814973519
2227.05932617188 20.0401780847803
2286.17529296875 17.542809734028
2357.16040039063 19.5051641038328
2374.12841796875 11.9101356761895
2428.228515625 17.083688912204
2489.13549804688 40.507690281827
2499.2587890625 12.5832101336624
2503.1328125 7.21919051977885
2511.02758789063 8.1875958412053
2570.224609375 8.4110234050626
2588.193359375 9.67090143990901
2657.2099609375 8.17444270434816
2701.09814453125 9.17838638365255
2815.09252929688 9.2905872599246
2943.76196289063 19.6930730660863
2960.02392578125 18.3405921517597
2961.11010742188 54.6483247419883
2963.984375 79.0188814480857
2964.8466796875 59.0536831921496
2976.10522460938 20.8360947835725
2983.341796875 36.4533004508999
2986.1953125 59.3265087078526
2988.55126953125 40.1929973609524
2991.24682617188 31.0602704516745
