2015.1563 80 1
70.0872344970703 .348415642597131
129.117004394531 .319559703145984
175.142501831055 .839548252281901
240.15592956543 .370693031784472
242.174514770508 .479846836590696
272.147796630859 .387542603056733
276.179504394531 .459968205485181
285.17822265625 .416195785176368
301.160217285156 .496414452645104
313.208374023438 1.31257675878536
326.180358886719 .728393416456548
341.233978271484 .73676697022969
372.200256347656 1.84834268971891
375.211944580078 .559978024000153
384.240417480469 1.96090334226239
386.209747314453 1.04451215891125
387.226013183594 .599857820237822
396.230346679688 .948922777380584
397.229705810547 .766945726790851
405.208465576172 .922797872771573
412.269104003906 1.3508436372447
434.223602294922 .783109146577489
443.239990234375 .657278738375844
454.257446289063 1.66264399766879
455.266510009766 1.95318515230665
457.253631591797 1.44090278456864
462.239959716797 1.78219720658112
471.264984130859 3.19561455565326
476.244201660156 3.32036585245641
483.305725097656 3.00600747598917
488.267761230469 1.07628113174009
497.297729492188 .815442548829365
505.268615722656 1.82256819364156
517.265319824219 1.19053559154003
525.281127929688 3.38239678165527
528.288635253906 2.80258926153633
533.276977539063 3.81845708622499
542.314514160156 2.57883861875098
545.316711425781 1.28317036699356
547.278686523438 5.98241753936304
554.327819824219 2.54092772096155
559.292419433594 1.59863305922825
566.341857910156 1.13140744223111
576.308288574219 2.1047786639765
586.30224609375 1.54876674679504
596.308654785156 2.27069532213698
597.302673339844 2.15353682125206
604.318481445313 8.24231555873056
616.34375 1.59902760121543
625.377258300781 1.59109562195943
627.353881835938 3.03049577634934
641.363647460938 2.58588773915919
647.352966308594 1.78875760833206
654.325134277344 2.33769875273034
657.3544921875 1.98484348038329
658.32958984375 2.37915992570941
660.382568359375 1.41058789707063
667.351928710938 2.07088323260797
675.348510742188 20.4824372363276
688.347412109375 1.39953270781869
695.370239257813 2.36417460718038
698.377075195313 2.32980974339373
701.361206054688 1.56351348740276
703.385681152344 2.37297498060483
712.406066894531 1.71659207296999
714.342956542969 2.18393264845279
725.344299316406 1.7236976681294
726.33154296875 2.39884072916556
746.399291992188 4.01864972182457
754.309020996094 2.02273187756038
756.407043457031 1.95911920888704
757.382080078125 1.73011882501945
766.413330078125 2.04250612105944
774.420654296875 18.1846484536472
783.37646484375 2.43784562994179
796.400390625 1.78272414056411
817.398986816406 5.6470407337514
841.3232421875 1.99533680166582
845.457092285156 21.6673123390001
854.417663574219 3.4014350229817
872.435546875 53.967813516925
911.443725585938 4.10342577894441
916.466613769531 4.95051597475617
926.465515136719 2.16268082009946
929.455322265625 100
944.517333984375 10.0289302516018
982.477783203125 2.31212479782486
1000.49243164063 65.4092118506939
1015.55279541016 6.63069884258993
1044.50073242188 2.91166513174394
1053.5048828125 2.89020686920123
1071.52648925781 85.5984780728676
1086.58459472656 3.78143848950461
1116.46936035156 2.72885328165002
1143.62390136719 2.94513854269891
1170.59423828125 35.6202504511016
1215.49621582031 4.2611264992283
1223.63073730469 2.04119858547579
1241.62390136719 55.7349675016156
1278.568359375 3.31965177052318
1340.68762207031 21.0066922178382
1352.56372070313 2.89661918656501
1377.63891601563 1.92857346689221
1411.72680664063 17.5507817391316
1468.75244140625 1.83031686433752
1482.751953125 12.5536894968356
1506.708984375 1.69742297986824
1539.78332519531 1.31360226660454
1553.79125976563 8.34674974011793
1568.62609863281 2.13732396931659
1624.83081054688 4.32836832916667
1667.64245605469 2.00880690038779
1711.85205078125 6.39337577686936
1810.84716796875 1.87699465249733
1814.74877929688 1.8897383028781
1868.76818847656 1.56763377810496
1999.0625 4.27237171597313
2015.48669433594 13.9517739732774
2018.39147949219 10.4831238621565
2019.24304199219 6.45571979494585
2032.64758300781 45.2137204591068
2036.53015136719 26.5245689900561
2037.70581054688 23.7043988482829
2038.79797363281 25.7223078713785
2041.27307128906 16.4583796887615
2042.12805175781 15.0001582185915
2043.38293457031 12.8724531717613
2045.25415039063 9.89835910891575
2045.77868652344 8.79665278747943
