964.5768 80 1
112.095893859863 1.51845817238003
120.086708068848 1.50451930533354
129.112014770508 2.25211944331195
147.118637084961 2.55821295607726
175.121627807617 3.73682416972622
231.095718383789 4.30691379426875
237.145904541016 1.29321611195306
242.188018798828 2.06967923893335
260.200286865234 16.0834292402512
270.139801025391 1.41388264906975
277.143341064453 1.20946556341742
326.214416503906 1.42571479341182
328.186584472656 2.8054319882579
350.218688964844 2.27275381426933
359.171234130859 2.19836980332481
360.158935546875 1.6538178610966
362.172943115234 4.88246714738616
373.277923583984 56.4032948524089
378.158172607422 5.18824697552056
441.273559570313 1.81518957483183
445.1982421875 3.15929771719238
463.249847412109 2.52437092087925
472.342651367188 27.1594253665572
475.250335693359 7.71698177564753
476.264099121094 6.29502621828936
488.321411132813 4.76677451470837
491.203887939453 2.48915008354447
493.187835693359 47.456562994038
503.265197753906 2.52262966229785
514.255676269531 2.13824865253213
525.266967773438 2.3618173361811
547.267578125 3.68959060254669
558.263977050781 3.2361246057001
564.256591796875 21.7169586567096
565.249389648438 9.11315386658386
574.231079101563 6.11548633938738
574.830505371094 4.7957201618257
575.251892089844 3.92392369223329
577.342163085938 3.1339768092412
587.359802246094 12.5649542715475
592.25 100
593.820556640625 3.52878718714514
595.242126464844 3.42779049534575
601.399597167969 2.87356757233053
606.267944335938 9.16543794976099
610.962280273438 2.39147326963555
616.349426269531 3.64758943478674
660.314270019531 2.97943011366706
676.347900390625 3.4304655569438
677.339416503906 10.2329071855592
678.341491699219 6.17844980240796
687.3544921875 5.67415444032011
687.886657714844 5.95521616913839
690.401123046875 2.44314408594325
694.363403320313 2.35601123147078
698.436218261719 2.44790744977563
705.334777832031 45.3232591020405
719.356384277344 5.06924587166615
729.413024902344 2.32213472653136
734.428894042969 18.3954040541791
790.425964355469 2.4847937172527
800.414733886719 2.90572150123848
818.399597167969 8.26722168384973
929.411560058594 8.97900052833702
929.54638671875 8.30731690703706
964.767028808594 17.7074359386171
966.785583496094 12.68586963165
968.794738769531 6.43180494776102
970.907409667969 14.7761091603007
971.842956542969 18.4527263605605
972.967163085938 19.1721546422045
973.219055175781 15.129277594571
974.03857421875 12.4599118654489
974.778198242188 10.0303940352006
977.987121582031 4.00651613795318
