1164.7026 80 1
72.1022796630859 11.4782862157582
99.9292297363281 9.88257497744444
100.063537597656 9.5471337912635
112.105583190918 16.5689251698808
129.126419067383 11.9445486568772
154.27864074707 9.73776924438805
154.452362060547 9.3461915703367
158.097274780273 11.8722290872172
175.134765625 51.4307229089819
228.152435302734 13.1801523561515
229.141098022461 16.2277903446231
242.165557861328 13.4244120202361
246.172378540039 16.3255696652942
299.158630371094 13.3714106385705
317.158508300781 19.8828460807439
328.214569091797 13.8776673211114
341.228240966797 17.4181499315296
345.241485595703 16.6083829505614
391.212646484375 16.3596046572352
421.233673095703 11.1848002708055
440.323089599609 11.1417446436175
445.197631835938 11.1855349455695
452.241546630859 14.2712914600856
458.326690673828 18.8781268451792
462.219390869141 18.1649076199064
466.975738525391 9.9037638215704
480.229858398438 19.9267249194973
492.262084960938 12.1026106980325
504.302795410156 11.4964194561132
531.276550292969 11.7269998230131
551.323425292969 13.9691757066234
561.292541503906 15.1698854262961
561.994079589844 12.8633228704276
569.3701171875 15.2105173133751
575.288879394531 11.5551448323302
579.302612304688 21.0307658229502
586.38134765625 14.6389201100568
596.323669433594 12.8075385422017
605.362243652344 11.8049037159033
662.342041015625 12.465064462308
670.422607421875 13.5604009333759
685.478149414063 14.6891143330573
689.350524902344 12.8870097171633
690.02197265625 13.7459686484031
690.417236328125 12.3973354354548
707.381286621094 19.8209490994774
733.400695800781 11.1295328890872
759.314270019531 11.6048848073335
803.209228515625 11.8969521759036
820.466674804688 19.3703090673017
848.524841308594 14.8966850694082
1006.55529785156 13.6445589575016
1120.65002441406 15.4070314294225
1136.2392578125 13.3566625757123
1143.76391601563 13.7168151059019
1155.03161621094 14.1565492110236
1164.99450683594 100
1167.99389648438 33.2488675384219
1170.02941894531 20.6832122602814
1172.02355957031 26.1157328204781
1173.11218261719 27.3591649798659
1174.09338378906 29.350895729349
1174.87707519531 27.5791446006457
1175.23120117188 29.8957837286329
1176.08911132813 27.9336506511567
1177.23168945313 22.8421333758271
1177.79846191406 20.0152154648944
1179.49731445313 17.9167317382042
1180.11853027344 18.7811837455626
1180.70861816406 16.5368759319131
1182.35815429688 15.6552138158694
