850.5202 80 1
70.0815887451172 5.83570359823799
73.2113952636719 1.68759034935555
86.1086196899414 9.61805928306532
112.098342895508 12.9615599975755
129.130447387695 5.3873797796781
155.099487304688 2.38795093511212
157.114730834961 5.32047318831847
158.107040405273 7.69646344464329
171.109100341797 1.56740079176297
175.129333496094 53.437896604643
183.15657043457 2.61201252061575
201.124160766602 1.69391206140188
211.152404785156 3.49373866956838
212.140563964844 1.78302517238833
217.133560180664 1.49526484602654
230.152709960938 2.58003855135867
233.172836303711 4.84531309655132
240.155746459961 3.72305191048531
241.147811889648 3.12780804924551
255.162033081055 4.73714225323108
258.163543701172 3.1125410606841
259.151794433594 9.14099072576641
261.167266845703 10.1897708109305
268.179504394531 5.87982570752586
272.173095703125 5.49761885178519
274.137969970703 2.99491998046209
275.159881591797 5.47602239551605
276.174499511719 5.94345187313988
288.194763183594 2.45227602003932
291.185150146484 2.36117228180775
292.160247802734 5.28796493766954
298.1630859375 3.86745533932321
303.153747558594 3.42046206877795
304.151184082031 2.0349137227744
305.179534912109 4.04240443774376
316.172485351563 21.9712225870695
318.192321777344 9.09237089446893
320.180633544922 9.43162760503602
331.220428466797 2.73638834947974
333.199310302734 8.50690249685563
337.238677978516 2.19949018287325
341.187377929688 1.8625349213003
356.206329345703 23.5410243429025
359.207183837891 2.56217849307244
365.227691650391 6.81621364564667
368.234802246094 2.52584466275857
370.224822998047 1.99724959154879
371.228088378906 3.16785384243532
373.230987548828 6.95122033536007
377.226593017578 6.44506747501339
378.211608886719 3.28885051671426
387.2099609375 20.6262507719674
398.228790283203 2.31029278436968
400.217559814453 2.57724105453007
405.223022460938 24.3332327274104
407.224456787109 2.15881055390384
411.262817382813 2.24506936809115
416.222412109375 2.63801022767698
417.215026855469 2.0225428082497
429.247344970703 13.2114115776912
446.280609130859 6.40385879874077
454.281127929688 2.29985522537768
472.301452636719 5.11975440265119
490.302551269531 8.53541857555901
500.293975830078 4.94801487883641
502.299530029297 3.28545918669555
508.241638183594 2.44328969636341
515.306335449219 2.61041279892226
516.292724609375 7.80127218347841
518.306640625 4.32348760015736
529.276062011719 2.83291844487303
531.279541015625 12.9008921927762
533.291564941406 5.46679110301328
546.271667480469 8.52540601108654
566.328857421875 9.81038631955549
573.302062988281 8.88234412454509
583.351135253906 10.5791560507668
590.329528808594 7.02002840597864
621.403137207031 4.71557008043758
666.033630371094 7.09577490131555
694.351196289063 5.34518451139199
705.328063964844 4.49979331594822
720.377746582031 4.24432481740911
722.347229003906 45.9732742635565
737.390014648438 5.36112864613174
806.356079101563 6.25048486081238
833.527526855469 7.39515857169795
850.720520019531 100
853.756042480469 24.7061276227843
855.814758300781 41.570127248755
856.913513183594 71.6804451961069
859.083129882813 28.4065217251286
859.775024414063 23.4435180787453
860.671936035156 17.2096705212275
863.196472167969 8.18765692022393
