1249.7266 80 1
99.9494552612305 34.3306883898145
100.061058044434 32.8823971142384
154.323806762695 34.1960249859631
154.484161376953 33.8001975426297
202.529724121094 36.5531568425441
235.142120361328 38.3031264274336
435.258758544922 40.6841596799327
467.503601074219 34.0304263781922
467.765869140625 33.0197312508786
533.330627441406 39.6869054216039
718.391784667969 42.4233782635451
815.481872558594 100
874.515808105469 48.9979425633223
916.540405273438 54.2969825751029
1015.61987304688 53.6317800162385
1104.57861328125 39.1526258604628
1112.62097167969 68.6295714074271
1231.78308105469 49.4859168753021
1254.96984863281 43.3962458518632
1257.14416503906 49.4345135818275
1258.29052734375 46.2666355221288
1259.05871582031 54.5194896866426
1261.39868164063 59.6541676455798
1262.24792480469 73.5929535717353
1262.60571289063 56.4341108576574
1264.82385253906 46.2381615079511
1318.26916503906 34.2326002856712
