850.4919 80 1
70.0754165649414 4.16928069754998
73.1985015869141 1.79561279866212
86.1091384887695 3.58347133387382
112.091873168945 6.27959795866998
157.117111206055 5.27746844318417
158.107986450195 2.15094059922186
159.070251464844 1.46004745660691
175.128601074219 15.3266742270775
244.153274536133 1.5229067000476
255.147827148438 4.15853739775938
259.113647460938 1.51414492331229
261.148895263672 3.62996552079712
268.17138671875 2.96423754784852
272.17822265625 3.31948450770705
275.15869140625 12.5017612620993
284.137359619141 1.56329562820753
288.164886474609 2.48534570723198
292.180786132813 4.21664778747065
303.162658691406 8.06660887331056
305.181579589844 4.89784086575628
316.168060302734 2.51604830727421
320.174926757813 15.2450068306626
356.202514648438 6.58494823300199
365.229217529297 2.1691124663366
368.214782714844 2.23639671913186
373.235809326172 2.15525618898751
387.206420898438 2.76450255097089
389.085845947266 1.98775055831486
405.221252441406 5.41531477807158
478.269348144531 2.57653304072203
490.335571289063 2.63376280225013
514.265808105469 2.71844631758611
516.347778320313 3.0401362857476
519.2734375 4.19249955036953
529.240478515625 4.29211726302354
531.284423828125 24.3463938095683
533.309997558594 3.08220584742576
542.420349121094 2.98991745280726
546.27001953125 20.7064966867212
566.322692871094 2.78055284414816
583.339965820313 3.26146672276471
603.286560058594 4.72215713841574
621.398742675781 8.64415467883859
665.983825683594 5.00502641693183
694.339416503906 9.28533928648178
704.327697753906 4.54911981034367
705.322204589844 7.65907441621403
706.32421875 5.6560357983415
722.350769042969 100
833.420593261719 12.9566068094023
836.52880859375 5.03585130136218
843.762023925781 6.87737617198275
846.745422363281 6.11698682799398
850.689208984375 38.1415177738378
854.654602050781 17.1743926385662
856.882507324219 84.8750651788974
859.605834960938 24.075335471585
860.79150390625 16.018217311502
861.900573730469 12.6679590575147
862.252197265625 9.0152968433949
