1525.9591 80 1
70.0840682983398 1.80879862229857
86.0946960449219 1.33573716661411
112.086967468262 2.8343296494289
175.130065917969 8.23385314951303
219.12255859375 1.31811639659213
239.147277832031 1.42908670178452
242.137710571289 3.72932262573448
257.182922363281 1.20356364895517
272.179718017578 1.82157440777315
288.2216796875 1.85225807521341
303.197357177734 1.31825660733196
327.214935302734 1.56196903533326
332.203155517578 1.74905059646848
337.193054199219 1.55803861650759
354.221252441406 3.59822425215926
355.203643798828 3.81919620473367
371.240142822266 7.43461064329246
451.281372070313 1.72711433264071
452.300201416016 2.27993693323716
470.306732177734 11.85015691403
476.269378662109 6.36394442116829
485.330413818359 2.05866311983432
493.279998779297 2.42718422050552
508.276123046875 2.15893486727427
510.293151855469 2.73525577442285
525.449279785156 2.35728354314441
527.340576171875 9.80684511450251
542.296569824219 2.02818681824518
557.26220703125 2.09013412700696
566.355224609375 4.48575227216944
569.286071777344 5.3584276932233
584.377136230469 6.42355110913933
599.31201171875 2.53985621078576
605.305969238281 7.55545107843375
609.369445800781 17.0249045594371
615.314819335938 2.34949629578071
626.400207519531 100
647.30078125 2.94539956016903
655.300842285156 2.64531800020447
664.2705078125 6.32306725616746
724.392395019531 10.5577449575426
741.425354003906 4.51732548232159
752.353820800781 11.6882410950427
759.341857910156 3.28757052592989
777.369873046875 6.40626387488566
783.275085449219 2.44390248112794
793.40087890625 4.00415654437189
865.438232421875 8.81092731910065
993.517822265625 4.5365601859024
1007.40393066406 2.37007148127613
1064.53430175781 4.5065057351702
1155.607421875 10.519829938897
1158.54187011719 2.81799560158856
1194.65380859375 5.34609939815934
1298.57775878906 5.55633090653405
1323.72717285156 4.58915382253891
1351.7001953125 5.34809873423719
1369.68615722656 92.5982439761674
1434.68762207031 8.01069680137317
1483.72595214844 11.0530490367266
1508.87268066406 17.4793385253405
1509.67785644531 15.5466579270755
1510.00732421875 19.2984055071089
1510.3935546875 16.745144245973
1515.49487304688 10.3506687278817
1516.84033203125 10.3616576970507
1522.00964355469 9.38132462715062
1524.63110351563 7.68305122319146
1526.21496582031 26.0481314290947
1529.08642578125 15.6237326893159
1533.0498046875 9.71158435122268
1536.25012207031 14.4119595423499
1538.13623046875 21.9742501728276
1539.37036132813 28.9041499348678
1541.24926757813 29.0274395904217
1547.30065917969 10.7326937812054
