1713.0060 80 1
72.0879440307617 2.08721339031832
84.1071243286133 1.96349898388998
110.077026367188 2.5304039608106
112.102638244629 5.86863101920187
129.123886108398 4.00072111492276
175.13134765625 28.1271752010208
228.131256103516 1.51467562137821
242.168472290039 5.96239373773039
246.163116455078 14.0155790378864
270.197845458984 2.75431181198643
302.120239257813 2.03997686969446
304.172058105469 3.4645726154264
341.222930908203 6.06081626623883
344.18505859375 1.85952424439691
358.187377929688 2.13845356594826
375.203826904297 100
412.250396728516 2.15618775774963
415.195556640625 2.22489077390646
430.172668457031 4.69387697278296
440.275817871094 2.28019394901922
461.287811279297 2.20866708569101
472.217987060547 2.25723391522792
473.214538574219 7.97729966317445
486.234130859375 3.05120130760312
490.225463867188 12.615208823207
500.230895996094 3.63312042859766
515.273864746094 8.3025434790901
524.286865234375 5.21554442902816
530.280517578125 2.88689545420194
532.31396484375 2.99765782393563
543.303588867188 6.56554009273827
557.26123046875 2.87281745707566
572.273193359375 5.17112684366059
582.315673828125 2.94760433282152
587.320373535156 3.07707189027397
589.2958984375 10.6465987140362
614.315612792969 6.10455971475211
630.309692382813 2.61230428053182
640.382995605469 2.99070822436274
657.366394042969 3.86607395582191
667.341613769531 2.75735945455175
685.354125976563 14.5412638427027
716.418029785156 9.97184389811244
717.369201660156 9.80486728271269
722.320495605469 9.03554745740577
734.316101074219 3.54234249720623
756.41357421875 4.95712254518168
758.419799804688 4.73403262183535
759.408020019531 3.28565603140201
768.443359375 3.67768002383732
769.404846191406 3.73252187188486
784.412109375 16.4831036216815
793.383728027344 4.97158397494232
808.345397949219 4.04795470548249
830.425537109375 8.77020809363985
831.42919921875 12.4748094442103
842.406616210938 3.51381956154032
844.3779296875 4.21881034992441
851.3427734375 16.8075124632866
871.376098632813 8.30889599480715
883.493957519531 12.2695604848857
887.401062011719 7.4160719332405
897.40283203125 4.41938863325867
929.49951171875 8.59492280728789
959.45703125 4.32181021949401
962.484252929688 4.20963321821449
975.349487304688 3.86260810853462
988.396728515625 26.1847839890979
996.54638671875 5.77619386852053
1000.39959716797 17.5458099655109
1002.40344238281 10.6438944100644
1027.61291503906 7.86713451397598
1073.41662597656 7.16183913560157
1087.42419433594 10.3616031132806
1088.5302734375 9.45718474523229
1099.59143066406 5.71176239040508
1151.43005371094 13.5734900049297
1170.63159179688 5.0355767122595
1186.5263671875 15.3404950611208
1200.47436523438 7.14455192807336
1202.52380371094 4.31673059880946
1257.54211425781 7.83695010381045
1280.48205566406 7.17618035585066
1283.703125 11.5436125110375
1315.51062011719 11.7367218815082
1338.68298339844 4.57534492721793
1379.57934570313 5.93174483978905
1412.73999023438 36.8052887308363
1444.54992675781 8.06965576298558
1457.64367675781 9.20898101156614
1527.7216796875 6.59176968514741
1681.77392578125 11.3409723509704
1713.26086425781 57.3494810576572
1719.2138671875 18.4943893033977
1720.31994628906 18.9527337512701
1722.22497558594 40.4299607338193
1725.28283691406 51.2996363524913
1726.34777832031 57.69897787718
1727.39562988281 58.7534712939604
1731.34631347656 40.7785713242655
1731.69885253906 38.4334812555908
1732.66296386719 40.205843733299
1734.7734375 27.4400277002078
1735.27734375 25.2971465681676
