1549.8627 80 1
70.074348449707 .922713165263476
72.0939331054688 1.08420203172397
86.1030883789063 1.83565069430861
112.096862792969 4.31055086148014
115.097229003906 .671557754274815
129.11604309082 1.81663882930381
157.116821289063 .800104448362705
158.095169067383 .943122955220399
173.110061645508 .588094768086042
175.125213623047 25.6980827362499
219.1162109375 .979410093094885
229.144180297852 .851245091798187
230.120056152344 2.35258807269522
239.168182373047 .640917354605191
242.123504638672 1.38529435146542
271.185974121094 2.92833733044808
272.178985595703 2.39615943166376
286.149688720703 .789162360232363
288.203887939453 2.40127982945111
298.186737060547 .709942553774882
301.204986572266 .916430065255166
311.17333984375 1.22215076012587
313.1708984375 .678523155791732
327.219116210938 .787494502449782
329.183715820313 2.93229042725202
330.170715332031 1.85169164495999
332.209838867188 .777999314369592
337.205932617188 1.0282536344689
342.208648681641 .80106435878654
343.1689453125 1.44910698891615
350.147552490234 1.45254698901966
354.229034423828 2.12971245116896
355.211303710938 1.91346917653335
371.255249023438 1.68886719365839
401.197570800781 1.22351800469859
413.24462890625 .918165053588716
429.223205566406 1.29643211267033
430.239654541016 1.47746626164573
433.226440429688 .987385679946691
434.246154785156 1.65296079917249
440.197204589844 1.47285751998262
440.807373046875 .974632932800841
451.272674560547 2.8105949547919
454.287139892578 1.83023588887037
458.220153808594 4.22164082310918
468.259765625 1.29642409815498
470.312347412109 1.34288492651037
471.279846191406 1.21990117012403
473.236267089844 1.00022256153399
484.226379394531 .997678126616979
491.256591796875 1.93746001727206
506.212799072266 1.17973305410394
508.281066894531 27.2552031575417
511.298248291016 1.15725046968175
514.246643066406 1.28157409969319
543.321105957031 1.47807175887968
553.294616699219 1.50526472195789
557.273681640625 1.30056001935176
566.399475097656 2.4536796472904
568.308715820313 1.19723274238841
569.319458007813 3.45545309541428
571.304077148438 2.54725926097016
573.331237792969 1.22525512993674
605.311645507813 1.27835300727138
609.411987304688 10.971189051228
620.295227050781 2.01751697519875
626.42041015625 1.8400927843677
627.349060058594 4.44841445811861
637.327941894531 3.55399147782679
642.317138671875 1.6061354720964
646.30126953125 1.06688561108655
686.346923828125 1.23485915489583
706.422790527344 1.10565666170829
724.429992675781 1.20290510248373
736.368530273438 2.61987313010216
757.346923828125 1.49816638910168
758.367858886719 1.21086026969216
770.408569335938 1.4378624920969
776.389587402344 1.89164490248551
778.355529785156 1.10557963131408
793.402893066406 100
814.378479003906 2.13135002390698
891.409423828125 3.04196400239099
908.429809570313 4.46253428511433
979.427124023438 2.40568623754611
989.505493164063 1.53669191282929
1092.53662109375 7.43568249600137
1221.57409667969 1.62348501700131
1320.63537597656 1.95009422386571
1351.86218261719 2.60221437345466
1369.89245605469 1.96295851533511
1394.51928710938 2.74925487768915
1422.58959960938 2.53469923356794
1434.78283691406 2.81975319030422
1465.85131835938 2.95145029423933
1507.93444824219 4.17903866643065
1508.92456054688 10.2970052403669
1550.08984375 24.1619437171615
1555.02014160156 6.25072049175245
1555.80151367188 4.88817659401163
1557.16516113281 5.01214535709662
1560.25769042969 7.03547346689869
1562.25256347656 21.1230587741668
1567.33654785156 18.0095668155649
1568.67248535156 24.4506872740422
1568.84741210938 25.0646042295748
1571.04541015625 19.3121317575782
1572.77954101563 18.882239191857
1573.02331542969 19.0662495892112
1573.54321289063 15.8741453220196
1576.95300292969 11.3501684318088
