1389.6409 80 1
84.0849380493164 11.3928275350013
99.9511947631836 9.73542041850565
100.063667297363 9.60276660194711
129.120620727539 13.9384570892711
154.389999389648 10.2242102011019
154.514373779297 9.44001593844499
216.143753051758 13.5708847766303
242.182708740234 10.5116228594755
272.128540039063 10.4168272034164
275.228454589844 11.6451445174703
315.212768554688 10.428138811881
388.304412841797 10.9755872234387
459.343444824219 15.6712578876414
468.277496337891 9.96836568549881
468.495361328125 9.50076765711073
502.208282470703 12.5764101938297
559.264221191406 11.1721499613353
588.377990722656 21.4191717962795
598.264892578125 11.6507683016664
600.3095703125 11.5794670423665
616.329895019531 15.5030386174391
646.31103515625 12.9101859678905
659.427551269531 43.7578470315091
671.420288085938 11.3486888408456
673.794250488281 11.6930797311295
717.318420410156 12.4887509864158
731.354919433594 20.0444617668375
736.226745605469 11.393167877728
743.375549316406 12.5770504139059
771.612548828125 11.8442516966121
774.45166015625 29.4626959514217
802.404174804688 18.5503564739603
830.443481445313 12.5373260588532
877.766540527344 11.9846913046668
886.450317382813 12.3775391229384
889.4814453125 22.7669853565627
913.4931640625 13.189323366287
931.442565917969 24.8484412649963
945.961303710938 11.7551640975102
984.477600097656 13.4105338545197
1002.47967529297 25.926170109856
1017.60559082031 15.683601272902
1058.64965820313 11.8581398115204
1087.57629394531 14.4742876922994
1104.65795898438 17.5738517703516
1115.56066894531 30.6860257270776
1243.62060546875 27.3710839558883
1260.6455078125 16.183656508142
1261.60729980469 25.3190709449978
1381.61437988281 13.9839528187575
1383.89416503906 14.2218625010759
1388.15026855469 15.8369108580689
1390.03344726563 17.7133655522521
1394.21606445313 13.9790756569019
1397.59875488281 17.784190440124
1398.23657226563 18.0488845892177
1400.35485839844 19.0131423741349
1401.26391601563 24.7272481826565
1402.25708007813 36.1537291822254
1404.44274902344 100
1405.96459960938 59.1980992805314
1406.34448242188 57.2315328880331
1406.64953613281 51.2614347930216
1407.29870605469 41.4416406305685
1407.94128417969 31.1783267843974
1409.66479492188 23.0612297087088
1410.11669921875 21.8230505847854
1410.37963867188 20.4102814228251
1410.92358398438 18.4043107853122
