1113.5436 80 1
99.9511871337891 4.95456601441014
100.059562683105 4.79032435167374
154.256301879883 5.04958930856748
154.386306762695 4.84509854753797
186.116958618164 5.4027377796866
229.137557983398 6.40488310243814
240.153564453125 7.42886620454295
325.240661621094 5.78734052039459
328.199676513672 8.2667309898352
331.240600585938 7.2539461173093
353.229919433594 9.21213191882407
369.188385009766 5.8792626893812
371.238983154297 5.92404117401263
457.256042480469 8.77091420638874
466.613189697266 5.18717436213104
466.837432861328 5.37153552222451
468.273468017578 5.92228257392512
481.334075927734 7.81072452453
499.344268798828 100
511.317321777344 6.63902305650576
516.259582519531 6.29412459062319
517.694946289063 5.66351298107441
526.265197753906 8.39958978160743
544.288757324219 9.31218390856979
570.384643554688 21.782308587812
597.315979003906 15.614700628107
615.315979003906 14.3331684454906
657.42236328125 24.054966071489
712.41015625 5.78457165863501
783.423583984375 6.3527865474491
784.403686523438 6.25828998654188
786.473571777344 15.4231833435931
854.477783203125 12.0931996000784
885.524291992188 8.49564306347196
998.633422851563 6.29654588926633
999.585754394531 6.44225672215742
1114.96752929688 7.53368785335728
1122.07702636719 7.76690462898107
1123.01733398438 8.91659819262715
1125.078125 8.2282823493139
1126.35437011719 7.85979423970984
1126.8271484375 8.47453197200777
1128.10400390625 7.36824511564318
1128.66149902344 6.81939012749701
1131.29284667969 6.67090417824983
1174.85009765625 5.0996124167035
