964.4704 80 1
99.9506683349609 9.17379761960107
100.057487487793 8.8773785816722
147.132888793945 10.3495548456948
154.154251098633 9.58730715768516
154.294189453125 9.13264603068656
231.105422973633 12.2404877759536
242.196990966797 10.2546936452925
260.211547851563 18.1003237984951
362.184234619141 12.850064499519
373.295104980469 48.0411580407619
375.284027099609 12.0092954061681
378.194030761719 12.3220036037394
445.202423095703 11.4293489148
465.423583984375 9.38237464941511
465.594879150391 9.56843023856067
472.370361328125 36.8725186977557
475.269134521484 13.9034412722027
491.230316162109 13.8580642146548
493.215850830078 47.2909492964685
540.271911621094 10.7560740633332
559.332275390625 10.8010265556215
564.294982910156 27.0585096631194
566.254150390625 11.1936927301131
572.339599609375 10.5239435780817
574.295288085938 15.4882136822665
574.871459960938 13.3904562166611
574.971862792969 13.3842971244376
577.359802246094 10.7224265205835
587.400573730469 19.6640859323736
592.290344238281 100
594.690612792969 11.0555837046749
596.431091308594 11.819074373738
604.357849121094 11.578752183501
606.299499511719 17.1677755957881
660.795288085938 11.9866923520868
671.434875488281 10.9001882563431
677.392822265625 17.5041323766889
687.379028320313 16.6813743982353
688.066040039063 12.5043997527602
688.92236328125 11.8009003830404
689.411865234375 11.579251868203
705.380920410156 54.8965337797179
719.411010742188 14.8683083864005
734.4775390625 27.3604757804317
818.473876953125 15.9544316195509
929.481140136719 12.7479564668369
964.860473632813 14.9889474026442
968.909545898438 11.1374296718793
970.026672363281 12.067994229872
970.628112792969 12.24215813047
971.8056640625 13.7292385832945
972.390869140625 13.0171234698679
972.987731933594 16.9899924474772
973.110717773438 16.2991738714754
973.881469726563 15.3638411595319
976.055358886719 12.6664992602982
977.835388183594 11.6938616716328
1017.65649414063 9.53428985610499
