849.5194 80 1
70.0754852294922 2.64553259522108
72.0876235961914 4.20959367975189
86.1039886474609 9.55556636048757
110.080490112305 2.22680610774198
112.095771789551 10.0354548056515
129.117858886719 3.50371822851064
133.094467163086 1.03754306580682
136.079818725586 1.01696901427979
157.113189697266 5.31929418737458
158.101516723633 7.77908819659241
175.124130249023 100
185.148040771484 1.05288685125421
201.11067199707 1.20127914763477
213.165191650391 2.96546606887414
216.097442626953 1.36981043849804
218.10107421875 3.79469185879834
221.105941772461 1.46819746357618
232.148635864258 1.58339808496421
243.139297485352 7.22846775157775
246.098403930664 11.4181539909199
249.167266845703 5.3842605957283
257.167358398438 9.70706632379117
258.156860351563 4.72705903499747
269.132629394531 3.48872656050087
270.175750732422 6.52558891786687
274.196838378906 4.32226222596457
277.1552734375 7.40091006204413
287.138397216797 14.3945042998072
292.166259765625 1.79548524112032
300.184539794922 3.30310533245395
304.167236328125 7.14950327799163
311.172424316406 1.99274653468007
314.154052734375 1.48690979261471
317.134307861328 7.26871624189513
320.165557861328 8.62679089187411
329.200408935547 3.81351084390845
334.180084228516 44.7319394017287
342.244842529297 1.20089535400541
352.188873291016 3.79597002447739
357.201873779297 2.58162337231966
359.133972167969 1.45912347457405
369.222015380859 1.49725443570381
370.253448486328 5.56357681674211
374.157958984375 4.25620490112672
375.181304931641 2.37511835694116
382.211486816406 3.60880126619766
385.199554443359 1.69882021295951
387.270690917969 3.34471548377973
388.249572753906 1.46955450808529
400.222808837891 26.5188584858414
405.250915527344 15.1849399437174
417.246765136719 6.1747104447989
423.235900878906 2.3229229177197
427.256072998047 1.35861557708076
428.195373535156 1.51129269079912
433.245697021484 19.0501167414083
443.182220458984 5.75839008528937
457.273559570313 2.48204963661865
461.19287109375 8.54847018164607
463.211822509766 1.88701589692572
474.316192626953 2.63214545858441
498.295135498047 1.5487888512659
499.2763671875 5.44870260817341
514.294372558594 4.1017934845684
516.302795410156 4.77335425735107
518.3251953125 3.0317494670258
519.294006347656 2.04451139109152
528.250183105469 1.5038850944385
531.330871582031 4.30193689633958
538.284423828125 1.96149270640002
546.303771972656 4.93387689467078
556.294006347656 8.50832813400278
562.303588867188 1.99482502635129
567.3193359375 1.41693158743083
573.338256835938 7.49398780706082
574.298583984375 4.10575579248285
585.32666015625 3.37895434477326
602.363098144531 3.04045594284968
605.325012207031 1.85977832344866
673.345581054688 1.60987779143878
719.364379882813 5.82159892336214
733.381103515625 2.54130427588206
736.380126953125 4.5874932700972
742.387817382813 6.13447312228414
814.344177246094 2.74510204874554
830.436645507813 3.16390875945895
831.517517089844 2.80411465256197
832.526550292969 2.9056889044869
836.499084472656 2.14935506346782
837.639099121094 3.05496222134677
838.289367675781 3.68314596839162
840.088623046875 3.29979550874216
847.642822265625 9.37196964877031
849.690246582031 32.8318341800298
851.756286621094 14.878000101707
853.718383789063 6.24758529345085
855.833374023438 30.566798720683
858.962097167969 6.13965953517708
859.426452636719 6.000846110284
860.413146972656 4.83143758617802
