1667.87 80 1
76.565 2.874
86.231 2.444
174.85 3.034
188.172 2.445
239.225 2.363
242.175 5.776
269.113 4.66
433.264 6.789
515.198 3.753
533.235 11.936
546.366 33.478
613.769 3.396
659.423 31.439
680.276 5.229
718.598 4.364
761.324 9.239
793.371 15.484
806.509 30.539
862.331 10.001
906.445 14.023
907.55 28.103
991.444 6.89
992.335 9.014
1009.435 24.831
1013.548 3.845
1070.573 22.663
1105.467 6.012
1122.505 18.064
1236.594 8.972
1338.719 100
1420.708 18.397
1650.203 15.369
1650.532 12.173
1650.809 9.505
1656.244 6.016
1663.43 13.774
1668.306 18.078
1668.735 13.044
1670.481 7.522
