2014.9739 80 1
99.9470672607422 3.02117098443822
154.581039428711 3.17691394094817
276.172424316406 3.51019303120071
313.218078613281 3.75804705951931
372.210998535156 4.01994400497397
384.248352050781 5.09531007798195
412.288055419922 4.15238217221049
454.261810302734 4.04032463508321
455.238708496094 3.92153475314041
462.250274658203 4.46205073234415
471.290710449219 5.62646732932508
476.253540039063 4.61873794495066
483.318542480469 5.03479885445236
505.295654296875 4.70179597160746
517.309326171875 4.08163540328253
525.288696289063 5.38402989628517
528.301025390625 6.05533377468227
533.295104980469 6.58045364718563
542.322875976563 6.04668094249488
545.325744628906 4.35166439246793
547.291381835938 6.913811745198
554.341491699219 5.6347352966338
559.295166015625 4.13352844409115
576.325866699219 5.63706215945911
596.347045898438 6.27066416273964
604.338195800781 10.0040574292628
618.361145019531 4.46987930256029
627.36865234375 5.3012353451012
641.367126464844 6.49547362160306
643.381225585938 4.16970260330417
654.336975097656 5.01974121955313
657.365356445313 4.97038933340408
675.369018554688 17.9916149779569
695.416564941406 5.23349447552163
696.390625 4.62300854982328
698.395141601563 5.27876598004323
701.411926269531 4.51080462451406
703.389465332031 5.43682312558037
725.370727539063 5.04254405665702
746.417541503906 7.40806917518075
766.415405273438 5.20479495036443
774.446472167969 17.7375232317696
783.411010742188 5.72588478761268
800.485595703125 5.00613409503496
817.420104980469 6.09745427068068
845.483459472656 25.0505545016898
854.451782226563 7.06898275296531
872.467651367188 49.6763753789431
911.464233398438 6.90062541403205
916.502990722656 7.34716541272961
926.554931640625 6.34873964263498
929.489868164063 100
944.539855957031 13.276051192024
982.5 5.3363439750852
997.5498046875 5.32454618059025
1000.53112792969 69.126228731704
1015.60101318359 9.23922999007035
1044.53674316406 5.77934031006463
1069.65319824219 6.24196673050323
1071.57299804688 85.8945352284753
1086.65478515625 6.85177780552009
1143.65417480469 6.28145619252148
1170.64038085938 36.8705874427748
1215.57507324219 5.39387580959641
1241.68383789063 58.5629589129976
1278.62622070313 5.24281715863529
1340.75256347656 22.3104733021303
1352.60876464844 6.0354687007277
1411.79248046875 22.5710842640327
1482.84692382813 16.3488400563236
1506.73156738281 4.39133582232155
1553.87316894531 11.6415863286619
1569.71716308594 4.36130252525404
1624.91918945313 7.28406803674347
1667.81311035156 5.00928010380292
1711.95385742188 9.80042205003489
1810.95739746094 5.47672512554106
1998.34753417969 7.24109525688989
2000.47033691406 6.53963064580382
2015.50634765625 13.8015554643125
2019.46630859375 8.69822229075427
2020.58764648438 7.04709673144095
2030.70068359375 8.76186033794457
2032.74755859375 22.1379515159179
2037.97778320313 24.9495506094432
2039.83044433594 24.3947456786371
2041.28259277344 17.8812580552452
2042.64477539063 12.7786022903828
2045.86987304688 7.93284371575371
2049.19995117188 6.0329737065989
