1389.6971 80 1
84.093017578125 9.44094261552932
98.1035537719727 7.82848515377967
99.9529647827148 7.19711867387049
100.058250427246 6.97879678803783
129.118927001953 11.8948152239545
154.386581420898 6.81776350600174
154.516754150391 6.52474253974426
175.130172729492 8.67845110198218
216.148361206055 10.7871961001986
242.205673217773 7.62593853153428
272.142059326172 7.70399585503776
275.2255859375 9.40234023211546
286.160461425781 7.85305044450541
387.1806640625 9.27297822562427
431.181335449219 8.09642780645457
459.342742919922 15.0115943670343
468.294250488281 6.96613410705154
468.454620361328 6.94364500695773
502.202606201172 11.4580144920251
547.338195800781 8.22555689602649
559.234497070313 10.3900942024026
566.32373046875 8.1897998590083
588.398193359375 19.1352801654916
598.324157714844 9.25847706553147
599.337341308594 8.65913842845529
616.319274902344 10.9515721059303
617.337890625 8.43260287761157
619.308471679688 8.49243779578935
630.3173828125 9.6786147746949
646.319763183594 9.16462416445156
659.43310546875 38.8297244585275
671.408264160156 8.65975642795181
694.387817382813 9.59556664472251
713.379089355469 9.68605650811762
717.342407226563 10.379075188105
731.354370117188 20.2589390132155
743.392578125 9.28415798540138
757.451049804688 9.07672742593444
774.468139648438 29.2075303377442
802.412231445313 15.0177905122517
816.412841796875 9.60936577353753
830.401184082031 9.73215134684019
855.588562011719 9.62345434515471
871.518737792969 9.66511467789432
889.515258789063 18.8972749073733
905.150634765625 9.14328841948181
913.49267578125 12.4781421476565
916.519104003906 10.5684411857273
931.449584960938 19.1198788811832
974.48779296875 10.07770189178
984.509521484375 10.0584078919823
986.467224121094 9.72774687023252
1002.47497558594 24.2153495833134
1012.59124755859 10.2304411360653
1017.59399414063 13.5187675015741
1087.60485839844 12.3102057683452
1104.6318359375 15.7569108443493
1115.56420898438 26.2016918196752
1243.63269042969 19.4754493959099
1256.71801757813 11.6047551793354
1260.67736816406 13.1222313673026
1261.62866210938 21.3679536197056
1371.88244628906 12.393010635143
1373.31262207031 12.2580222845218
1386.64794921875 14.7791516090799
1390.05505371094 19.1929355566578
1396.27026367188 17.7022460761448
1397.31188964844 25.0990959290665
1399.27392578125 21.4533440409506
1402.33312988281 48.7920842768614
1404.41809082031 100
1406.74865722656 54.9959361927759
1408.01708984375 38.8771855076519
1410.18432617188 23.3778101186579
1410.53503417969 23.8622258318036
1410.90197753906 20.9139031566274
