900.5444 80 1
70.0827102661133 .922645968040709
72.0936737060547 6.64311231658458
86.1066055297852 .990367048374778
101.081855773926 1.71931130648516
112.098617553711 4.67631407467904
129.120223999023 2.65658999406084
132.08805847168 1.14296515676352
157.120986938477 2.37061958431616
158.103790283203 4.30616537030664
173.10205078125 6.47488832549573
175.129318237305 70.1247125063145
185.128723144531 .82034477794773
186.134048461914 1.06794206053866
201.139236450195 .675221554394244
213.175277709961 1.57610271764395
214.150283813477 4.91398362244022
226.108383178711 1.05350462150098
231.155990600586 1.82165393229801
243.120422363281 16.7656022439141
254.159164428711 8.36568044843916
257.173095703125 8.10877141372507
260.144866943359 .879553384342506
272.166320800781 4.46145184133482
274.198120117188 9.23567587106932
284.178527832031 1.41976631154077
299.155426025391 .90919165133376
311.179290771484 1.53633620395133
315.173522949219 1.79655668713975
324.193237304688 .89700949355744
325.163421630859 1.27736857062877
339.181457519531 4.27649299345107
341.217895507813 2.71613985965555
342.187713623047 8.25907582009909
356.200134277344 10.9921067063822
358.221893310547 1.41146079890594
368.186706542969 1.11543144202339
370.249938964844 7.4608450458559
386.211944580078 12.004639363582
387.264099121094 11.0810190597706
397.225555419922 1.45049144106165
403.242126464844 13.7663462924989
410.238403320313 1.96657888030639
411.270141601563 2.77435773658789
415.204071044922 .944288012087359
427.239318847656 1.94168951874866
438.247253417969 2.26281289999642
443.232696533203 2.61574384832584
452.219665527344 1.52704466025232
455.265747070313 6.03841701685717
470.223083496094 1.14895635334236
480.292846679688 3.71304924652256
480.858703613281 1.48905361476393
487.261047363281 1.28402524968863
493.261566162109 1.47763557021979
496.258483886719 3.33002388397193
497.244964599609 6.87493568071452
497.838714599609 2.67252031655009
498.299011230469 7.29279872472125
501.310546875 1.04732738187178
509.296752929688 1.45638204459582
510.267852783203 2.24563727501693
511.279235839844 1.73639294418443
512.253662109375 1.27474700926525
514.267456054688 27.4486875033647
515.312805175781 18.1233358495501
526.289428710938 1.4579401165124
528.292053222656 1.7153353316273
535.285095214844 3.03107163083916
537.269409179688 1.66835430427903
538.292541503906 1.57898607588294
539.298706054688 1.58368296756095
541.352722167969 4.25474190358878
554.307250976563 1.29622140306622
556.319152832031 2.52179685940789
565.314331054688 1.95228520356355
566.26611328125 1.55747222133115
567.31103515625 1.87733909733025
568.322204589844 1.42351855958672
569.42431640625 1.5197262651561
582.325622558594 5.30680028760649
583.884094238281 1.60724414553116
592.294738769531 1.93801346877515
593.280151367188 2.52993539299678
594.316101074219 2.14118213732066
595.320007324219 4.50934313143583
599.352844238281 3.92222769277382
609.334411621094 4.46953926716715
610.334838867188 4.99753353889545
612.343017578125 12.4509974348928
627.347778320313 13.581186328543
629.375 5.29380257686313
696.375915527344 1.93447250861623
726.397094726563 2.64307305477929
728.43896484375 5.30292965730808
837.478637695313 1.98402323628252
856.433044433594 6.93619808108646
882.553955078125 3.1786294202299
883.584411621094 4.54855294046604
900.760009765625 100
902.785827636719 37.8162328556848
905.115234375 4.99863511772106
905.744934082031 5.5420790749717
906.821044921875 7.54232772985264
908.709350585938 5.373382221244
909.815612792969 5.59776188356165
911.716674804688 5.01478331454669
912.025695800781 5.81100105933284
912.370788574219 4.74691268974923
912.823303222656 4.92403679919174
914.337463378906 4.38679530709187
