900.5390 80 1
72.0893402099609 9.77125865045591
112.089920043945 5.43270248123241
129.116027832031 3.54082946324851
158.107803344727 6.29310514472275
173.102966308594 6.36365050653144
175.127883911133 91.9807669645255
204.383361816406 3.37954760619338
213.166290283203 5.78701952641581
214.131454467773 4.82934349980809
215.117218017578 3.32675899767357
231.151641845703 3.60151599376627
243.128723144531 15.4515898667352
254.171646118164 11.432333224701
257.168884277344 6.69315607269712
272.183197021484 8.21229558691756
274.191467285156 10.750077084738
277.777191162109 3.67430742766234
339.173614501953 4.31741162379018
342.194030761719 10.9698190391025
356.199737548828 14.3627411209692
370.254364013672 12.54426956778
386.212554931641 20.9711517465457
403.236602783203 15.7333136910339
443.237335205078 8.66103442428133
455.275512695313 6.55721976385642
496.249969482422 5.81043679466496
497.259857177734 10.6908448003864
498.310333251953 8.79184238475302
514.2666015625 47.5464102340986
515.317687988281 28.0294832761805
520.901428222656 8.53364374277609
526.915344238281 6.22979253408374
527.170104980469 5.48195097515557
535.297302246094 5.95459169647444
539.290100097656 7.05385546140751
541.355224609375 7.31965568923447
564.988403320313 5.99438992760032
567.294067382813 6.60795263209549
595.333251953125 7.71366766903049
599.333312988281 10.4681774226384
609.315490722656 8.15714904450953
610.312561035156 9.10425847058772
612.340698242188 20.5057442894586
627.354614257813 22.3356219553752
629.355895996094 11.3389060747608
650.301818847656 6.31899895685343
704.016052246094 8.26468082882386
706.952880859375 11.5779570804584
709.939819335938 7.10701571219776
710.93603515625 9.01254900997703
712.907592773438 13.129848323322
714.924377441406 7.65120699809478
728.412231445313 8.06549083310713
856.414855957031 18.4221621779885
873.21533203125 10.5668748467654
900.727966308594 100
903.746643066406 33.7590162122167
903.931213378906 26.1009018583704
904.640502929688 25.7849951256815
904.832214355469 25.9220178365031
906.774047851563 49.3925800176293
907.095947265625 37.868369503987
907.896301269531 59.9187291309119
908.228271484375 39.9536447205585
908.6201171875 35.7093009001436
909.947692871094 35.4339757874797
910.337768554688 28.1362928400056
910.795776367188 27.6137857839188
912.674072265625 21.4975951294759
