1261.70 80 1
72.076 9.321
86.125 9.705
112.08 19.731
129.109 10.625
158.098 10.08
175.114 36.534
215.117 9.593
232.128 16.297
271.139 18.909
299.154 10.532
316.158 12.512
333.185 23.511
356.213 16.492
376.205 10.8
384.231 13.908
427.266 9.851
432.256 100
447.251 11.32
455.256 22.212
489.227 10.834
503.248 10.771
530.255 12.395
547.284 21.05
602.317 11.461
807.454 10.284
1138.632 15.47
1155.509 63.738
1247.14 24.455
1247.578 21.444
1248.405 20.505
1262.347 30.901
1262.794 41.195
1264.907 26.343
1265.121 23.356
