1911.84912 29.78786 1
246.15323 16.72377
778.34174 7.27189
870.46075 5.94483
994.45343 4.89843
995.435 5.75947
1012.45337 100
1013.45477 50.85984
1014.44946 23.99375
1015.45557 7.57399
1028.4231 7.93422
1029.42542 4.90415
1134.55115 8.0605
1135.56152 5.87288
1140.50842 5.28297
1227.53772 14.43227
1228.54041 8.88818
1229.52808 4.54106
1262.61072 9.56243
1263.59851 7.15896
1298.59106 12.56963
1299.57837 9.16169
1300.58533 5.30108
1377.63452 13.29391
1378.63611 10.50638
1379.63318 5.45785
1427.62988 8.88532
1428.62085 6.49281
1429.63037 3.96449
1505.67993 5.99963
1506.68835 5.3149
1613.71753 5.22627
1614.71765 4.086
1636.7262 4.38619
1739.75269 4.82172
1740.72668 5.05282
1741.69995 4.05598
1757.72144 11.05054
1758.74292 9.2041
1759.72449 6.73725
1912.65784 14.59809
1913.51746 19.40504
1914.49841 21.76229
1915.46692 19.69237
1915.7937 17.98983
1916.62317 14.16591
