1952.95251 77.39812 1
175.1131 13.69112
246.14778 100
247.14793 13.79559
441.19748 6.49466
458.22165 14.24076
459.22897 3.86617
571.30597 3.85855
642.3418 12.91214
643.33929 4.75847
656.30664 2.60268
709.33832 3.32538
727.33875 5.1916
728.34705 2.63587
840.43329 2.31188
842.41956 3.00484
870.4519 3.14741
913.45734 10.27529
914.45392 5.18717
1042.50342 2.02133
1113.54053 2.51616
1297.66418 2.19906
1298.64526 2.5432
1425.72119 21.25729
1426.71423 16.89925
1427.70947 7.78642
1428.71252 3.49843
1710.80212 1.74012
1935.53125 4.26758
1937.46631 5.42365
1953.64929 13.46202
1954.67712 18.969
1955.04309 16.53348
1955.65442 16.30585
1956.77795 11.66832
1957.39319 7.58731
1958.03516 5.47232
