1080.6047 80 1
70.0762176513672 .320364163416052
72.0907821655273 .320946184248102
86.1081771850586 .629109520780535
112.095695495605 1.31883940086648
129.113174438477 1.6446315899408
157.113845825195 .668423293480648
158.102325439453 .764474435912059
159.095474243164 .363650846075621
171.111557006836 .430426660724845
175.120986938477 21.5677831687432
185.125595092773 .579546546796937
201.109664916992 .634333929572601
217.082046508789 .607758147235406
229.131546020508 .259480034846918
240.136932373047 .515973052390807
243.145919799805 .320449115984692
258.140716552734 .211757138194267
268.189575195313 .246796432287051
271.173553466797 1.71091306884198
284.202667236328 .282635661606511
286.162841796875 1.91252453559643
288.200439453125 13.6909817554671
298.155975341797 .698238372108063
303.215759277344 4.31161054618633
306.164367675781 .822007344386221
314.185516357422 1.26092611933538
316.149017333984 1.07873814759156
327.174102783203 .271437156442671
334.158905029297 2.70618712253853
338.195831298828 .304324708332357
346.134368896484 .304531886609868
355.215301513672 .325560283509239
359.215972900391 .270085356878137
369.169342041016 1.47619396164995
373.174011230469 .617734432369975
382.203063964844 .458201423122228
383.203460693359 .329908572767326
385.233306884766 .407638243512352
387.180450439453 4.91141395082719
399.225372314453 .617705936138284
400.210998535156 .725206989353473
413.239379882813 .440282265528812
414.238647460938 .417053606984166
415.222076416016 1.05855218690947
417.233947753906 1.38297749817216
427.231231689453 .531719310552057
429.228637695313 .689482137790745
432.249389648438 .598666411420018
433.215911865234 .909753863048191
440.270782470703 .410187072575697
441.227111816406 .551521315765559
442.235748291016 .36128627403181
458.241882324219 1.96212836142597
468.219085693359 3.1724480293247
471.234008789063 1.43367643759505
473.288177490234 .578914471026958
482.235809326172 .420441397325496
486.239379882813 4.42282365976274
488.264465332031 2.22290641025012
498.274078369141 .34258538851009
500.241638183594 .58946238552917
502.2578125 1.53334990159355
519.277099609375 3.69056844102325
539.256469726563 .578811633576992
553.3046875 .408409880157636
557.26171875 1.09549438642163
571.336120605469 .630845288166798
581.326110839844 .411964116756035
581.911010742188 .547904532730409
584.306335449219 1.96926792995587
599.316589355469 1.73240648130303
601.334777832031 1.77667228153741
613.275634765625 .402193046984455
629.264404296875 .55311186700737
631.283508300781 1.04700090561153
633.244567871094 .382293852178247
642.361572265625 .509078898823844
643.37451171875 .779669726573677
648.310974121094 .586930317211082
649.310180664063 .464666451950979
670.340637207031 1.21924404826568
683.395141601563 .508246771304906
686.295471191406 .800108605518138
689.84619140625 .387014937074976
700.404724121094 2.00304931084622
725.388488769531 .390469034149974
730.372680664063 .797050362459655
747.389099121094 .525680565238488
757.468872070313 .387299385501113
783.454833984375 .437852827127877
799.393981933594 1.28197560428622
801.440734863281 19.2495323499081
806.287292480469 .7881121416306
816.490844726563 .372271944413678
899.451293945313 .87792813302982
916.504333496094 .95053858694192
963.484985351563 1.61590880653703
1042.55004882813 1.92643626051759
1080.76098632813 3.3369491109873
1086.93859863281 100
1088.98461914063 87.0284228338577
1091.265625 11.8713324326973
