924.4842 80 1
70.0750274658203 1.4561181803052
86.1045761108398 2.65356964772494
112.096603393555 2.63502923649422
120.092422485352 1.32091351897406
129.112777709961 1.93253086993749
147.1220703125 1.14897358090272
159.11360168457 1.33661069730638
175.126480102539 11.2689134701178
229.124725341797 1.66334950110889
237.143081665039 1.08393535131134
259.150207519531 1.15166612565189
268.171508789063 1.571397406615
276.158599853516 3.91848476642961
284.204162597656 1.20800744056163
286.184753417969 2.53003505425809
289.180633544922 1.26901862977169
306.162109375 3.54021224369184
307.177062988281 1.65257645247534
316.157897949219 3.13935067784946
334.158966064453 21.4570126502954
338.146911621094 2.05186393543248
345.191131591797 2.60118554115801
363.189849853516 40.7846840916515
388.215606689453 3.54350148136784
411.228088378906 4.2700265103183
415.202362060547 2.62875907384749
428.25732421875 5.30467307937823
433.224090576172 11.8779827785681
445.190460205078 3.12783656639067
463.202941894531 2.16024357611449
474.209716796875 5.05539246112183
474.83251953125 3.03973534347737
492.227661132813 68.4636699737959
528.371215820313 4.89666075458322
534.264709472656 2.84659320834629
541.330627441406 50.6500247936625
550.219482421875 3.07816111841974
562.258361816406 9.65823416165504
591.294921875 50.0412350658525
621.299499511719 3.2897176575989
625.373840332031 4.91215255885575
626.379577636719 5.89676007187933
631.290832519531 4.23022280819031
649.297912597656 6.45935811873427
713.439086914063 5.87607962982643
739.432312011719 16.2804781066878
740.415344238281 21.5506563678613
741.99072265625 5.60364388383764
755.809020996094 18.967917660434
757.432373046875 66.4105481030931
758.400573730469 54.6172905171774
777.379150390625 12.3309435629019
790.442260742188 6.92894911735988
853.468078613281 8.26260761305411
871.485961914063 8.13277242538186
896.523010253906 14.882358484443
896.640075683594 13.572884452439
912.500366210938 6.12641972915799
929.815124511719 100
933.068969726563 23.0546251369402
933.403076171875 18.1969707154839
935.003967285156 9.82418832627711
935.618225097656 8.57993428654163
936.148315429688 7.83175543053424
