913.5381 80 1
70.0767364501953 .566117944928959
86.0999755859375 1.13392258816916
112.094734191895 1.09612282671563
115.09920501709 .137245937976655
129.115692138672 .439795753900094
157.117691040039 .550443959868137
158.099182128906 .478014784530536
171.117034912109 .277662159558308
173.091522216797 .315416547755586
175.122177124023 3.91101489046648
197.135757446289 .156071929074366
228.151397705078 .239664194641263
235.125259399414 .160985508889995
237.144668579102 .320290515045326
242.156158447266 .178316472908263
254.163314819336 .395218194386281
268.168273925781 1.09873003217177
271.183135986328 .45662263914216
272.155364990234 .299007034077676
273.135284423828 .205451872897595
284.193908691406 .45239853520509
286.17578125 1.30274424851283
288.212127685547 .383426681247371
289.166809082031 .880525577658099
292.131225585938 .131770220963263
298.175720214844 .226395208743579
299.164276123047 .17993136716898
303.221588134766 .200704155770397
311.216613769531 .153261229058251
312.166046142578 .212076285269657
313.223815917969 .331483942951675
325.193878173828 .236781886395689
328.199768066406 1.21042438610147
341.220031738281 .362144991285013
343.199523925781 .491973030286404
345.221069335938 .457162972870419
353.240081787109 .361895974218343
371.241516113281 .421091922044002
386.188415527344 .695350559956593
388.214172363281 .381458496604338
399.247131347656 .364282306976698
438.272857666016 .520956496368331
441.274963378906 .550440209529988
454.276275634766 .668664302798232
456.280975341797 1.04086384068906
457.267517089844 .460587817129896
458.288757324219 .487108345700786
460.224670410156 1.10161385143779
498.298645019531 1.4458059897099
511.291625976563 1.24506234204837
513.301452636719 .38542668204457
515.319213867188 .663698289507173
522.250671386719 .808633121494843
528.320190429688 3.81747875478999
543.249877929688 .637026590438824
561.26513671875 .88116423488367
598.329040527344 .458107005475815
611.374938964844 .621045790236404
625.333129882813 2.49778397433889
626.313232421875 4.87745035064903
642.358825683594 2.81285547078538
643.348754882813 2.77104311010247
660.328918457031 1.12141958695601
711.374450683594 1.75929478510359
713.354919433594 2.13544254254106
723.362365722656 .759260954405121
739.375915527344 13.0270386067018
740.909484863281 5.72721054213258
757.383850097656 100
790.423095703125 .898896937885125
827.386901855469 .722036933822065
836.357604980469 1.09465367270512
837.354614257813 1.22140937454508
852.38330078125 1.30723592819172
853.375244140625 4.1737857376433
854.365661621094 5.19588457399475
869.376159667969 2.6296206190426
871.368835449219 7.85213621182196
879.418334960938 1.58273358715658
879.971557617188 1.60270393356724
896.494750976563 6.20129465245967
898.467529296875 2.87634738944092
913.741638183594 6.55078785218584
915.744323730469 4.83857645060413
918.801147460938 8.78004465242825
920.912841796875 4.57165902667799
921.26025390625 3.56952981853958
