1812.1100 80 1
70.0726928710938 .821367181191745
93.3829727172852 .741215315996473
101.087646484375 .960918132342898
110.080627441406 2.06105920342471
129.146240234375 .63902462301895
175.129516601563 1.28903425235983
197.124435424805 .958984389271344
239.156539916992 1.11568073277365
240.149261474609 1.41135177781257
243.136993408203 .885072328531642
257.186767578125 .850264975292089
266.130249023438 7.63685182467133
272.132232666016 1.07435096037307
282.183227539063 2.18615944454384
294.185791015625 .750552467141196
305.186706542969 1.00801612746612
325.212615966797 2.80680861363271
365.220855712891 1.37680115843649
367.205139160156 1.21382999357113
372.191375732422 1.13865453403411
375.236602783203 1.22838155911167
376.24853515625 1.67179283939101
382.196411132813 1.65955753504493
394.224853515625 6.53648049186669
396.242706298828 2.07082920924629
429.230377197266 1.21027176264392
447.248229980469 2.78428875336088
479.314056396484 1.66885938866585
485.291625976563 2.03794540268399
491.274261474609 2.27434321016733
495.283905029297 1.88641066759996
496.283264160156 2.48412476849763
502.823486328125 1.34461541703169
511.262023925781 1.86708098189475
513.275207519531 3.08062769730328
517.309692382813 1.5289846303384
524.276489257813 5.81156051324931
528.283203125 2.01565997730049
561.299499511719 9.21550499781572
563.322814941406 2.09648514125893
571.311645507813 1.89394000424951
584.3564453125 2.27176873986933
590.339660644531 23.654947595214
593.324340820313 1.95181489061241
594.301452636719 2.71587334088602
599.330139160156 2.95228197214156
606.396362304688 3.69467280191386
607.379333496094 2.36571430410622
612.342895507813 6.56877558143239
621.340515136719 2.03240860223308
659.399353027344 2.12796990711416
681.372802734375 3.40809356517423
687.3779296875 2.77103298377139
691.365600585938 3.01911512550757
699.395141601563 41.0219434852619
708.37353515625 29.1120697851049
712.401672363281 3.26525934699789
718.412048339844 2.79705778994076
720.406311035156 8.99450338893687
758.425964355469 10.343290043239
804.445068359375 2.92877370102726
809.444519042969 3.65791302657809
810.446044921875 5.37849500534514
813.416076660156 4.27933122067325
821.453674316406 21.2282881094686
827.453552246094 5.98883485211393
843.492980957031 5.5949102211487
848.485595703125 9.73909425062977
871.494689941406 24.2792921203975
875.479553222656 3.63710482962501
888.506896972656 5.0099938919417
892.492736816406 28.6357866064171
894.492736816406 10.0505660467901
912.48828125 15.4392662497667
941.486694335938 15.4015887468298
966.494201660156 3.5748570110099
983.516052246094 11.3400334905664
985.545288085938 33.0737743797916
991.564086914063 6.8082021048715
1002.57434082031 7.86511001114019
1054.55969238281 13.7362527124918
1085.62780761719 4.40065727255688
1086.6005859375 5.1443953172114
1096.58715820313 8.92558158427503
1105.61193847656 7.69114726551349
1113.59313964844 89.0785048153067
1125.56860351563 8.86640059732906
1192.63671875 17.4050662237574
1205.626953125 7.06106492238523
1210.61950683594 6.21836379754522
1222.65087890625 100
1241.68981933594 3.40836436793717
1267.67321777344 8.38408573928995
1291.70520019531 6.59200811093657
1321.72216796875 3.44775379075634
1324.69104003906 6.81859087367955
1401.77905273438 4.35813957111287
1410.7080078125 6.31151981971427
1418.765625 56.479753630907
1428.74243164063 4.54999133431159
1437.76525878906 13.3640066701171
1532.84545898438 3.660028007702
1536.80383300781 9.77249047862104
1546.84851074219 40.6216590302426
1665.7509765625 11.7239480404337
1674.79516601563 8.04139183414652
1683.73327636719 10.5184698619179
1797.0400390625 11.8683535175593
1812.40258789063 26.0124693139804
1824.4375 23.1536993458493
1826.498046875 75.5104238256432
