1940.2141 80 1
70.0828475952148 1.38356964634167
84.0909042358398 1.66267987645069
185.166122436523 .746806353246906
197.133239746094 1.09859969932331
239.160842895508 1.97603451821337
240.145111083984 1.75184189203684
248.166290283203 .956452101142925
257.154449462891 1.23462458313899
261.189605712891 .77692064299495
266.153045654297 2.88037536532197
282.214233398438 1.02276435629197
294.11865234375 1.23327436677109
325.216278076172 1.1994975740238
365.224853515625 1.7455788926907
394.222839355469 6.37146903518732
396.224761962891 1.82261891012035
397.244171142578 1.2843201792192
479.25244140625 1.39905324452949
496.321655273438 1.59188396684021
505.325561523438 1.47427499635349
506.328552246094 1.46318818498974
519.244079589844 1.87424056971366
522.318176269531 9.35486985951348
524.297668457031 6.06828097881853
553.328491210938 1.76411826522717
590.332336425781 3.11893570936398
592.313110351563 2.30430573291337
619.360168457031 2.35547671228797
621.351501464844 1.65102301797195
670.997314453125 1.63510091150558
681.388427734375 2.29412672863126
690.398559570313 2.87794521440021
699.401489257813 33.5957709514794
712.439147949219 4.66964494004766
718.436401367188 28.1064704468984
720.437683105469 8.90945654913963
809.434814453125 2.8422101787355
815.491638183594 5.50142617446524
827.462524414063 5.43154678660364
848.476989746094 5.78375940175474
858.52685546875 2.71328730214469
871.531555175781 2.91209622119759
886.51025390625 15.0351096721832
941.50341796875 9.23223908964733
971.604370117188 5.10772040962227
999.602111816406 21.0379594216603
1016.62487792969 3.64534335804533
1054.57116699219 7.55261116749268
1096.58813476563 3.2537359239083
1113.62475585938 32.0029112213492
1125.58361816406 4.1313702150979
1130.65454101563 6.98023629404966
1197.62927246094 3.21601816822389
1205.24279785156 3.86543709474783
1205.6103515625 6.62680214379618
1214.68957519531 5.70416570088311
1222.65991210938 100
1225.21472167969 7.18042996787866
1226.6083984375 6.75094995461771
1241.69604492188 77.6145877493713
1253.65441894531 4.07144054673865
1321.74694824219 4.68008101726549
1338.71850585938 5.449083426522
1395.75793457031 8.63650126560104
1418.77612304688 59.7816708761867
1452.7705078125 5.4345704707011
1537.88842773438 4.10662435533038
1546.85461425781 26.5141865476669
1565.85595703125 10.0339349272405
1568.9150390625 3.24123120174141
1664.92016601563 8.07067950999016
1674.89794921875 15.6154382489051
1793.81652832031 10.106125073133
1811.83715820313 20.8005430320365
1924.17980957031 15.6087684676081
1940.4404296875 34.2092764548548
1953.6279296875 15.4699505900073
1954.61535644531 19.7032206228398
1956.65954589844 24.4447257861651
1957.71044921875 31.4004361341978
1959.58813476563 28.7597018356341
1962.68054199219 25.0645011709393
1963.03588867188 30.160879541874
1964.5625 32.665461962158
1973.04663085938 16.4610447797633
1974.44506835938 11.7839045760235
