1812.1278 80 1
70.0829849243164 .418633946151376
84.0814666748047 .304504650928741
110.086273193359 1.12335126533395
112.098022460938 .343508400373605
129.125671386719 .313975800283607
155.107681274414 .465935997914479
169.128433227539 .376322947828872
175.123962402344 1.35321717179922
197.142059326172 .379545816514242
239.163101196289 .663471765977824
240.144760131836 .833150659766645
243.12744140625 .345069018637566
249.10285949707 .363131921349998
254.197463989258 .312120239602435
257.161712646484 .787356429976377
266.135284423828 5.31410838496699
272.134887695313 .440592055356591
282.191802978516 .770532622733678
285.179718017578 .352950289954281
294.195922851563 .347572902589617
297.191253662109 .353404585936003
299.215576171875 .31501291030309
305.192535400391 .435992976903898
313.196746826172 .488441333571814
325.219085693359 1.89995229764143
359.179046630859 .617245131772981
365.235137939453 1.08327700506139
372.213226318359 .885253281731456
375.251525878906 .633098896118975
376.234008789063 1.4195378442652
382.217193603516 1.5134372452454
385.230499267578 .681640873397152
394.224914550781 4.27307876052502
396.228240966797 1.62147143912351
413.259582519531 .938033307213616
424.266937255859 1.00526358391983
447.263793945313 1.29609122574506
453.261993408203 .666700758072599
471.277374267578 .825653910874392
474.259796142578 .785955287485557
478.307434082031 .889495370390674
485.283477783203 .903841478232155
488.306060791016 .691167816939801
491.291656494141 .816294105477833
493.291320800781 1.22765520625092
495.273193359375 1.53722644204252
507.266296386719 .805739000182995
513.27587890625 2.7087349632356
524.283081054688 3.88497052288739
545.316589355469 1.04972933884993
553.306518554688 1.07795884886704
561.314514160156 5.43478570834663
571.325744628906 1.01493771423861
572.317626953125 1.06367878992334
584.35546875 1.2567016668999
590.340148925781 15.0564480424548
594.335693359375 1.94608863805411
599.330322265625 2.00750636084974
602.345153808594 1.13282158626571
606.396667480469 1.72365097010683
609.35888671875 1.02450791747328
612.350341796875 3.80143884352006
681.385864257813 2.22937746526256
687.391662597656 2.25841292064589
691.372924804688 1.483688108767
699.403625488281 26.2268277002542
703.403442382813 1.18870909385672
708.377868652344 15.9232302403238
712.400024414063 1.93392820019614
718.428527832031 1.15450618174216
720.423522949219 4.79626033376448
730.417419433594 2.28909622421767
758.4248046875 9.24712711900784
809.442810058594 2.31562126776142
810.4501953125 3.29182203886868
810.974914550781 1.95238458441525
813.426330566406 2.30859077182976
814.419189453125 1.30609537560232
817.43310546875 1.38086549650598
821.457092285156 10.788780861755
827.449340820313 4.09837702066644
843.510131835938 3.39108614347185
848.485717773438 6.52872790596711
871.50830078125 15.0165531238874
874.494812011719 1.97871132553079
875.47509765625 2.13442507146695
888.526672363281 3.25490407926742
892.49755859375 16.2374665666951
894.484680175781 5.72610837947959
912.487609863281 8.10846004090205
941.497619628906 9.95913153763722
966.501953125 1.9154753459679
968.520324707031 1.87506179560486
983.528442382813 6.48576809013175
985.546020507813 22.1144385884803
988.524658203125 2.38230950917855
991.572692871094 4.68632160598936
997.514587402344 1.66192676104517
1002.56909179688 5.91355705479667
1054.57897949219 8.36603108502761
1085.61389160156 3.54393717063662
1096.60046386719 5.77490752697489
1105.61926269531 5.2585551363643
1113.60180664063 59.5390948786682
1125.57763671875 5.54452647977106
1192.63806152344 8.68651044250482
1205.63452148438 3.57544483089954
1210.65954589844 4.20312676568759
1222.65759277344 66.8168222343333
1243.65441894531 1.95033718971131
1267.65588378906 5.20149304161555
1291.70947265625 3.7990355599818
1321.72644042969 3.20475675212224
1324.6875 4.37538312167564
1401.76086425781 2.61801080634582
1409.7734375 2.34203570492461
1410.751953125 3.65633173382387
1418.77136230469 40.228677404395
1428.78161621094 2.9398354364216
1437.76879882813 8.17384114746509
1529.85485839844 2.17089233429287
1532.822265625 2.05841824248781
1536.82421875 6.94922349835683
1546.85412597656 29.8744099018088
1665.7412109375 7.63936536844068
1674.78955078125 4.81969656608247
1683.74682617188 7.23357838280769
1698.11413574219 5.30371465562727
1812.33569335938 14.4064580881166
1824.53491210938 16.5185792583562
1826.498046875 100
1829.53955078125 54.7881792848641
1831.64758300781 20.5563303816297
