1199.7439 80 1
70.0713043212891 2.46631110074974
84.0882873535156 2.77885168546614
86.0953903198242 1.73861860415279
110.077919006348 2.62851131615107
112.098724365234 5.49064614058105
129.106719970703 15.3915370639707
171.10725402832 4.1629592181075
175.128646850586 25.8263523179048
188.167327880859 2.96086002634871
211.144393920898 2.05973419186257
217.089492797852 1.78882962814878
232.143249511719 15.6729447828437
244.129837036133 3.65779216890378
257.187377929688 8.64822008366649
260.104919433594 2.54371142313615
283.141967773438 2.06378272319792
286.158386230469 2.34974314110641
300.156188964844 5.38429678931789
301.150970458984 4.2093207046922
303.226104736328 1.88271383254181
308.176361083984 1.89719739507939
346.200286865234 1.95388010601781
347.164855957031 8.73107528535142
358.192596435547 2.32445549069832
360.174346923828 3.1001731328797
368.225128173828 9.41184555047506
372.207672119141 3.206146250288
379.228546142578 2.81210242933823
385.255462646484 32.0696881123238
388.185821533203 4.13516753034017
389.153594970703 4.37231573419272
429.2373046875 2.3625549628949
439.258697509766 3.30576047923733
458.295593261719 3.57967013394191
466.226867675781 3.52246819408607
479.298370361328 2.3097248243489
484.191833496094 2.76537220737805
484.345550537109 2.83347872560258
496.3212890625 5.57531668111948
498.266357421875 2.96277251919838
513.335632324219 12.8844903677284
516.282165527344 2.53338780144393
549.234008789063 2.57244383641517
582.314575195313 2.49356712918076
599.384094238281 2.68404997761556
604.209716796875 2.60725384384568
608.2939453125 2.56644296698146
623.368713378906 3.73284414747309
624.410095214844 4.96088378738385
641.439086914063 100
651.404846191406 2.91510821012981
654.30078125 3.04269901354565
704.359375 2.73045984100821
738.4140625 3.44230218337972
739.430297851563 6.3347067576501
756.449890136719 3.67631583501973
767.421569824219 2.60225351969784
799.031982421875 2.85965896691973
799.311645507813 2.99619642011139
803.34765625 3.50490548009855
813.504821777344 4.17738579813338
815.415710449219 12.0755969022102
840.48046875 6.8896609616319
900.510925292969 20.4961231534926
1168.55944824219 7.42504699147254
1177.58642578125 6.16484406514621
1184.1982421875 7.38400123475132
1186.73876953125 7.27789560631128
1191.60327148438 8.27724058186008
1199.93054199219 34.9470990495121
1204.01818847656 13.0688040585101
1205.01000976563 17.9190675100549
1207.1083984375 28.9240300043001
1208.0390625 38.347328169667
1210.15698242188 28.3219644114232
1211.07934570313 34.5399732786265
1214.18737792969 22.7858267067246
1215.53149414063 19.8510842053408
1215.84069824219 17.0226605521772
1217.15344238281 13.5077122306254
