1722.9719 80 1
70.0752944946289 .40895409231676
72.1075057983398 .352789772116923
110.08080291748 .861311534093868
169.142425537109 .819189077430515
175.148498535156 .61293370511556
195.091201782227 .592391915483214
197.141952514648 1.29056557129166
220.116500854492 .551946577749151
247.156967163086 .36310898103253
248.122467041016 1.0476294130932
249.10856628418 1.73004803928405
266.134674072266 8.16563110679057
284.177581787109 3.90996408908843
294.175628662109 .371552211710564
296.194793701172 .58778070791487
317.183502197266 .345173784703615
320.176177978516 .537042304795227
323.186157226563 1.07819127892401
341.195617675781 5.90251756966133
344.205963134766 3.74467319525175
347.190582275391 2.74927589928939
348.177490234375 7.26470049700699
362.184906005859 2.99331210507209
365.195678710938 19.9852338731236
415.278198242188 1.10893797985747
440.2646484375 5.09424629365417
443.267730712891 4.0079961549566
445.219757080078 1.86344242068109
477.168609619141 .815442318917823
516.297119140625 1.46103849781901
526.305114746094 1.31101653607822
533.324890136719 .694386459368978
542.329650878906 1.47396203557916
544.300964355469 7.43050508713529
554.264709472656 .803732606966459
561.316711425781 3.94071706604013
571.296997070313 10.1193316355407
573.301330566406 1.28770294583314
573.673645019531 .742178308490935
576.233947753906 1.26899656514047
659.335388183594 4.63714192846149
682.335693359375 3.26317731404287
690.382141113281 1.64332232456423
691.3701171875 4.16572223923439
700.337341308594 29.9812585494483
708.371704101563 5.18096232754137
716.330810546875 1.13815981421788
723.329467773438 1.02651822039704
758.410461425781 1.14129681570915
760.407043457031 1.27673408032006
770.3642578125 1.1877905556457
780.370971679688 1.48705559194658
788.367980957031 6.68442915732974
790.416137695313 3.86445394775024
791.94775390625 1.24612990757128
797.341247558594 1.45003348764152
807.44189453125 7.0226583152163
815.358703613281 16.7140289764684
872.400268554688 1.28570497799886
873.461486816406 1.50379962940226
887.386962890625 1.4534269255588
888.448974609375 1.41304484098745
890.44775390625 1.38840609806705
898.400817871094 2.70888601371133
903.409851074219 1.47719264915091
908.478454589844 2.92835355561721
916.40234375 38.6780198380849
919.416076660156 5.91804356659766
997.475341796875 1.76587705003912
1005.49768066406 4.36056044276683
1007.07818603516 2.4954928990331
1007.49237060547 3.22894120926622
1015.46533203125 19.5899133510288
1018.46948242188 3.90664248544123
1023.4970703125 9.24184484405793
1135.54138183594 5.439160394221
1144.51525878906 2.1468823781163
1152.53308105469 7.56685480949728
1162.52770996094 22.7341579903494
1185.53479003906 1.90360104974923
1212.56726074219 2.76615298724834
1230.53784179688 2.41311054106593
1261.580078125 3.45464062871843
1266.56677246094 3.7306691963933
1272.96630859375 3.07544288057297
1283.57299804688 7.87702335621061
1340.62756347656 4.36647455930666
1342.22326660156 3.09878141237005
1358.64282226563 100
1364.64904785156 4.32255047097919
1365.62341308594 6.31015770158045
1382.63500976563 15.0759929174209
1422.66687011719 3.06803911846364
1439.66320800781 8.93359855207491
1457.70385742188 22.57456620864
1549.62866210938 3.07243203869571
1559.66101074219 3.69318639930331
1576.61376953125 10.0754605940589
1594.62463378906 9.07181254168403
1705.0029296875 13.2812166913266
1706.02197265625 34.9589308027579
1707.82666015625 38.328290306095
1710.68151855469 22.1044690500832
1711.99340820313 16.6987422104044
1720.06896972656 9.13122674231697
1723.17944335938 26.1180020562275
1726.14038085938 14.6944245300153
1735.35900878906 7.13234150964243
1738.46484375 9.28776416986733
1739.54296875 19.4592686782269
1740.4052734375 20.8123321420549
