1247.7190 80 1
70.068115234375 10.375130885767
101.08235168457 1.95733192963629
110.079124450684 3.81055418382127
112.092681884766 13.8297396481121
129.111663818359 7.5044202462912
157.108093261719 2.39274430341939
158.085479736328 4.32992070928492
159.09391784668 4.42696761927718
175.119537353516 100
188.146224975586 8.18484500086756
200.121047973633 3.77594038476027
216.116500854492 1.96580070475287
217.135116577148 4.43543696096147
228.13493347168 3.75834147665335
232.136947631836 13.0011877437588
235.110977172852 2.57907809067122
242.140823364258 2.87769652085062
245.134674072266 6.86564554171154
258.144805908203 1.72303452393855
262.14697265625 3.96603249893557
268.123077392578 4.98415920308922
271.141448974609 5.58744650770388
282.142242431641 2.40841957884129
286.160095214844 6.15927179984754
287.127319335938 5.44273732563909
288.152313232422 2.36247626475343
299.162872314453 6.38124344038895
301.163482666016 4.83840614115401
303.168701171875 7.25889104158462
304.154235839844 8.52296757200615
316.161315917969 20.9168475282723
327.163726806641 2.61897389904471
342.19189453125 2.43538045606416
346.166076660156 3.37224972286653
347.159637451172 6.91602049771223
353.184906005859 2.71031021239026
358.156494140625 3.74147385102344
364.189819335938 3.62110557640865
370.200531005859 8.38148794429213
375.187377929688 10.0793377046816
379.203430175781 4.01705857653812
387.198760986328 13.2696317880696
400.219848632813 3.19394535015429
404.218688964844 6.94030646500655
405.210052490234 5.12778149687482
417.225372314453 3.32472632753354
422.232452392578 5.21138148876928
423.210754394531 8.24834949557201
427.200561523438 2.9673409953556
429.199951171875 7.59985230300196
433.201873779297 6.4049919463296
435.212890625 5.15052149537405
440.225646972656 4.68319222712448
441.238708496094 6.55689301209833
446.222015380859 12.7725137762986
449.223571777344 3.84510855669418
450.271484375 2.93945094708359
456.2275390625 3.56655886395065
457.230133056641 3.07087270408988
460.222473144531 3.18129316588923
466.217224121094 5.57904097676528
467.213256835938 3.44514402038286
486.218322753906 3.91217258493287
487.239013671875 5.15137699570805
499.249694824219 6.08292309670453
504.234130859375 11.9074466674117
507.2373046875 2.69035321140923
515.237731933594 20.6309363535853
517.263549804688 4.29834011503723
523.236145019531 4.48387039088489
528.27587890625 3.62793797712688
532.284912109375 5.14903691884158
539.257568359375 4.44961624816241
545.290283203125 12.8102381885437
547.295043945313 3.05101462414027
548.25244140625 3.12619085345451
557.227783203125 3.7413083456014
557.772094726563 3.15215328615504
558.267028808594 3.39135986578524
575.256164550781 9.10413676652071
580.249206542969 5.99932496518166
583.32080078125 3.94720629100336
592.298645019531 6.30592800454203
594.314880371094 4.97961253947443
600.288208007813 3.71606036324306
610.347534179688 3.44714490077023
614.3037109375 10.5055566167341
616.322692871094 3.04488219669074
634.278381347656 9.55743795349881
651.306945800781 6.47806034080224
653.316589355469 3.38748339258116
654.299194335938 3.31766063621735
656.324890136719 4.40606505060827
669.311767578125 3.03833943891731
673.331726074219 10.2801064364726
683.439758300781 3.7471347588361
685.353149414063 4.30864631998413
686.96044921875 3.59799878028085
700.361267089844 4.04399770432581
703.32421875 12.5938164931056
710.32177734375 2.91012377866723
718.341430664063 5.71265009104259
744.396057128906 8.02543780926386
752.347473144531 4.08942950078749
774.366455078125 3.44354782155472
779.5830078125 2.79312108539172
800.797241210938 2.73442595568368
802.375549316406 11.5110707540814
815.408813476563 35.6981400179334
873.439880371094 3.4729910095087
874.416076660156 8.49168589719254
908.514038085938 4.85019622922215
916.458984375 12.1548797425832
936.558898925781 3.46012752085543
1015.50152587891 8.20872743665055
1021.57543945313 3.87895216614315
1042.49230957031 4.04094202706925
1059.529296875 11.3603763253289
1112.52490234375 19.9114512370093
1125.53369140625 4.85661045223086
1188.47265625 5.30247224997682
1189.544921875 7.39332156065834
1190.60754394531 8.74958143161244
1203.45458984375 8.05157325652269
1206.4736328125 7.09898533804345
1232.68225097656 8.39520459090244
1234.75561523438 9.63728851865663
1239.78405761719 8.29481352766918
1242.27941894531 6.61920835727953
1242.78894042969 6.29622998889434
1247.87609863281 49.0626126704459
1250.89501953125 43.3752280492547
1251.95471191406 38.9313022719008
1254.96911621094 22.3493099109871
1257.04736328125 28.4302371333951
1259.17456054688 27.9620859191501
1260.04919433594 32.9427804507439
1260.84265136719 29.4010658938843
1262.384765625 18.5652104480152
1262.77770996094 18.5137272686556
1264.13391113281 16.8014896903219
