1247.7275 80 1
70.0711212158203 8.77743651036923
86.1063232421875 4.27980905830136
112.094703674316 13.5461571009956
129.118103027344 6.30144342595622
136.073577880859 2.63916026271087
157.11572265625 2.16952068324639
158.109619140625 4.63157151752175
159.098724365234 4.06462415109425
175.122192382813 100
200.109008789063 1.98913745805531
201.11946105957 2.92791863619721
211.147125244141 2.80821325871449
217.124969482422 2.3550598136622
228.132659912109 1.79635076539316
233.137619018555 3.26992189077708
242.125137329102 2.26919002290205
245.1328125 4.52771477365991
249.15397644043 2.99536865335881
261.133087158203 2.83457314298833
262.148101806641 2.07527340205622
271.141143798828 3.5370987120432
273.124603271484 3.03562587602477
274.186950683594 2.94449900014933
277.159423828125 6.42076077935051
286.142150878906 3.83827013458614
287.137817382813 3.60157321825835
290.147857666016 3.68469574156137
299.176483154297 5.45607575891886
304.162841796875 3.12696809829312
314.206878662109 3.86335352392028
315.204193115234 2.44443937741649
316.160949707031 9.68120459877765
318.161956787109 1.5693034077288
346.187438964844 7.92961018714008
358.169372558594 3.10082374891086
362.17578125 6.397926928018
364.188415527344 19.4990667762929
370.206115722656 4.96638444459399
374.183990478516 7.06026208728823
375.189086914063 6.76111109164726
387.191040039063 7.154624709009
391.204040527344 5.43325143752841
400.228271484375 2.65585895218629
404.234466552734 3.6748357219775
417.200317382813 2.25630277315585
428.221893310547 2.60369579525956
429.202850341797 3.51198641957918
433.196105957031 4.52612388617287
435.227416992188 3.30507295121064
441.235046386719 2.94556092076603
446.230499267578 8.01364432101278
449.263000488281 4.79326760053048
459.271392822266 8.95444962028635
461.258361816406 2.89249244000163
469.218688964844 2.66173526318957
471.248840332031 2.40921584397707
476.219818115234 2.54063200967176
477.260925292969 9.43861650845531
487.246398925781 3.36088552508009
495.225250244141 2.69998842304843
499.2451171875 2.70532954242154
504.237091064453 8.77452783984726
515.258972167969 10.6163785836796
528.259216308594 2.97950908767562
532.30224609375 3.19270147267021
545.277893066406 8.20629832438058
547.295288085938 2.62974894915588
563.225646972656 3.89892211838295
575.282897949219 6.84160021102046
580.2548828125 3.35972130218803
586.280395507813 2.81872803059153
590.323913574219 3.03675305333284
592.282836914063 3.36119599186282
609.319152832031 4.9130518935422
614.316650390625 5.67368790931514
616.292419433594 4.61972292128662
634.288452148438 34.9545672957905
651.315551757813 24.8278265582276
656.296203613281 2.90840406919051
673.338439941406 4.3493425177296
675.347229003906 2.07669094306478
685.366577148438 3.55563730005658
701.304809570313 2.33419985846328
703.316467285156 7.60163187422539
718.348999023438 3.51148788792841
744.373474121094 5.80039746799245
747.378112792969 5.73041034476201
764.404602050781 5.35942454640285
786.4033203125 7.21663846575028
795.378356933594 2.09527998330751
798.404724121094 2.96654062684808
802.376098632813 5.06196029541895
806.327697753906 2.78180355398311
815.406555175781 26.8891745631326
818.374145507813 3.30444353434416
820.395080566406 3.02170169421657
852.376892089844 4.90797485822806
864.3662109375 3.45028136685678
874.415222167969 3.99248802593078
877.482360839844 2.91987754101582
916.450805664063 7.65467851668688
964.502746582031 2.68357161052958
1002.48101806641 2.78114886624428
1015.49255371094 4.68100298266253
1059.51184082031 6.80919708596627
1086.47094726563 3.97786402687492
1112.5283203125 13.1290106871304
1203.53662109375 6.84754298372945
1231.72375488281 6.0385024642447
1240.85852050781 10.1631365227328
1247.908203125 47.4586954132907
1250.92919921875 41.899830195162
1252.94018554688 33.1299672344066
1254.95764160156 28.0112306566139
1258.06481933594 14.4516249895308
1261.17578125 8.33149554184904
1265.1845703125 5.16205826212153
