2495.3843 80 1
70.0831985473633 1.96739947254596
75.8351135253906 .99915969464333
84.3104858398438 66.8181503097956
110.087928771973 4.48793560508353
175.139068603516 5.77304920837171
209.135131835938 1.81302752479822
251.203338623047 1.07843035045483
322.205383300781 2.78568004579725
341.951446533203 1.19591318783405
374.19287109375 1.54932784757281
459.243316650391 1.68017673744593
487.259643554688 2.30288421480252
497.310333251953 2.03734546403524
504.28173828125 2.85688643145142
543.337158203125 1.52846234035744
557.239929199219 1.70791299813479
558.24755859375 2.36650291168491
558.41552734375 1.85215719113007
569.269287109375 2.13374660014361
586.285339355469 1.45773726131107
587.331298828125 2.19535135213633
604.367309570313 1.49983927408828
605.341491699219 4.06736854247459
615.343017578125 2.26716629797488
622.664428710938 1.55621819490807
623.342895507813 3.00336087103811
627.176635742188 1.5765482382342
641.141174316406 1.50413649032244
648.213989257813 1.64092797846951
657.296752929688 3.39165718082151
663.373046875 1.77017854565908
686.386108398438 3.00503870393973
689.323913574219 3.77343795633043
691.325805664063 1.72330599604676
702.803405761719 1.81990128563908
704.385498046875 6.82627965480767
711.432312011719 1.64835841624052
713.443542480469 2.12871032506231
729.292236328125 1.91289795630678
731.330993652344 2.01954583216592
745.10888671875 1.79875245346995
751.239379882813 2.0233534059351
755.287658691406 1.88917568108879
760.34228515625 2.06675420670959
766.487609863281 2.92645627102956
776.388916015625 3.46443061455703
777.373168945313 4.02813148105832
780.390319824219 2.64280995729848
781.000671386719 1.88405311856035
794.379943847656 8.18492385206977
804.338012695313 2.78519897466565
812.372009277344 2.28156181425386
814.624267578125 1.96870769753195
817.461181640625 12.3607140654598
874.546752929688 2.23205361775337
885.435119628906 2.61516266624271
886.408813476563 2.5988268979089
907.442993164063 4.16756768977613
918.509094238281 20.0885180067964
989.487731933594 2.4993728959534
998.518676757813 2.87958197665079
1015.52917480469 10.9171615131704
1027.46850585938 4.24768104984118
1032.55017089844 38.7176799857794
1044.50378417969 6.29811708838031
1062.48156738281 5.63041217402373
1079.49267578125 12.0154018028377
1087.53039550781 2.97159414154497
1112.5517578125 4.39998349825908
1115.54541015625 4.57709453411796
1129.572265625 13.1809118185844
1135.50329589844 2.28098138562517
1146.63500976563 6.22055691816901
1178.52258300781 2.79344083872408
1194.51135253906 3.70080776949017
1203.53186035156 2.85744978020701
1293.63647460938 7.89305888999013
1380.69250488281 8.45743301207747
1451.71948242188 8.43816555170212
1571.71228027344 4.11578352393572
1577.78540039063 4.23624614656534
1588.7646484375 10.8799296862674
1701.86413574219 7.19651001699823
1838.90832519531 6.59414674069346
1891.88696289063 4.81728764128744
1909.91027832031 4.5306748837142
2022.03479003906 7.13416970017652
2040.00354003906 8.52125346496084
2049.04248046875 8.63897799734578
2056.03979492188 5.55601310797301
2066.02734375 100
2075.02978515625 8.0018212254333
2087.95068359375 6.72883589291642
2105.97192382813 10.2688175679062
2163.99169921875 5.03570871845481
2180.99389648438 5.41788465777406
2320.89282226563 12.18799363345
2477.45385742188 20.3933214033338
2478.52734375 45.851635254608
2480.41748046875 65.0183301198102
2482.25610351563 39.7257742840401
2495.669921875 43.3094026418011
2501.54125976563 18.1901061869776
