1811.9510 80 1
110.112770080566 1.38894666631194
240.146026611328 1.30333317799021
243.116821289063 1.43148854843139
249.097351074219 1.19029908375243
266.132568359375 8.32241738838601
282.189819335938 1.23134260134298
283.15869140625 1.34086879411543
305.2021484375 2.27533205318486
325.201263427734 2.27793272088097
365.243591308594 1.69857423830877
375.219146728516 1.96573976392556
376.215881347656 3.31351012307694
382.210510253906 3.42994034800177
385.196685791016 3.07035771057758
394.219268798828 7.91414108055677
396.218994140625 2.84200706784036
429.228607177734 1.96704491310932
447.258819580078 5.18832914076519
491.233551025391 2.47288164631539
492.109222412109 2.13141213193702
493.294006347656 3.06843154657159
513.286010742188 5.67878484458955
524.268371582031 8.37898493522344
545.300354003906 2.61316084680358
561.304260253906 16.8345407230777
584.371887207031 3.34754053150101
590.329895019531 21.4665765717753
594.343994140625 4.31496620509419
599.325256347656 4.28071644623907
602.354797363281 2.46088272146927
606.395568847656 4.28697106200586
612.334655761719 10.1039124952155
633.905517578125 2.53353467853061
681.404174804688 4.48659333018982
687.3720703125 5.48500039811531
691.385498046875 4.26930314944261
699.395629882813 45.7116268132997
708.373107910156 50.7785786702249
712.413757324219 5.36647637902583
720.393371582031 10.348344761524
730.43994140625 4.2421346687078
758.424865722656 16.1487691474037
795.425048828125 4.29680347220089
811.445922851563 4.61807042397792
813.424560546875 6.98345463492921
821.460998535156 30.2486795350763
827.438049316406 6.90493077725454
843.514953613281 5.31210107321634
845.472961425781 3.98577665876616
848.467651367188 13.3020272149553
850.50244140625 4.0934361509837
871.5 25.4234090204549
875.462463378906 4.77022896847557
884.471435546875 4.29535268883637
888.536804199219 6.882427940677
892.486450195313 48.7287102356593
894.475769042969 14.5081933091574
912.485412597656 26.607423500343
941.485717773438 16.5999419667631
966.512756347656 6.42845152586313
983.519348144531 18.8914460871162
985.540344238281 33.4896092474687
991.5732421875 14.9609888372005
1002.56646728516 10.635004430632
1054.57470703125 15.2968190287076
1085.60974121094 5.76963560497552
1096.59838867188 14.0386832158475
1105.60534667969 12.9786104833049
1113.59252929688 94.5451363506653
1125.55419921875 10.9006737541623
1192.63305664063 23.905098479346
1206.62927246094 5.56366265210504
1210.6552734375 6.84320673412309
1222.64929199219 100
1267.65063476563 9.03947873308532
1291.693359375 8.43875525992792
1322.69946289063 4.35014145958195
1324.67810058594 8.63925359224281
1402.71008300781 5.82694832501318
1410.74877929688 8.091030951437
1413.78112792969 4.66883000715942
1418.75830078125 67.3484023172698
1421.73474121094 14.9712510904179
1428.74243164063 7.36559599060454
1437.75695800781 14.5625173108346
1536.81860351563 12.8907036170433
1546.85363769531 45.0123580299925
1665.75476074219 10.9611609099523
1674.77624511719 7.95418719573083
1683.74560546875 9.47114171452603
1697.77783203125 7.47209457077724
1812.33642578125 40.6350661620468
1824.55969238281 20.2628945963106
1826.51391601563 59.9774264671605
1830.51965332031 32.7712401081234
1835.71643066406 24.2532574759193
1839.93310546875 16.7537537765192
