849.5200 80 1
70.0799179077148 1.94033772043267
72.0937957763672 3.71635573529786
86.1046676635742 11.2216152977596
112.092155456543 11.3703660034808
129.113647460938 4.56150118438105
133.096878051758 1.27538902281711
157.1083984375 4.58032877049937
158.09619140625 8.02696928665392
175.12565612793 100
185.169479370117 1.52475014410814
201.120483398438 2.31233254600416
213.165374755859 2.42438103081022
218.104888916016 3.44011812506229
240.14892578125 1.40704447541575
243.142486572266 9.09121237165794
246.094650268555 8.73541152968422
249.158630371094 5.21261581118846
257.165679931641 11.8483393839322
269.133728027344 2.47310760489296
270.180419921875 7.96895407821728
274.187805175781 4.3712120645434
277.159362792969 10.6426130299388
287.145690917969 11.013111307204
292.175994873047 1.82789743875782
299.382446289063 1.39179117390613
300.171295166016 2.59455423240685
301.190795898438 2.0905582082312
304.165130615234 5.55742308142535
317.140106201172 4.78754738575656
320.167114257813 10.0404065078815
329.198944091797 3.31065364843474
330.185028076172 1.80322378395553
334.183624267578 38.8646640746914
342.199340820313 1.44097217096197
352.203491210938 2.815087713524
357.193542480469 2.46769368067499
370.236297607422 3.84822640360311
374.164764404297 4.08176562570877
375.180114746094 2.01022149479482
382.204040527344 3.26976443721358
383.259155273438 2.75044087027343
387.28125 2.20574597206426
400.225555419922 24.8206708471317
405.254241943359 13.4224757773985
417.24462890625 6.34946787464679
423.236694335938 2.33627191334989
433.249145507813 19.2516079126144
442.265899658203 1.52760930151736
443.183959960938 4.51560775612147
444.163604736328 4.04560086495651
457.286010742188 3.47576362352939
461.200805664063 8.61705344987164
470.285369873047 2.04450294455953
474.305358886719 4.29925749694699
499.292755126953 4.01608729798785
514.307189941406 5.22531125763097
516.309631347656 2.94820641575276
518.321594238281 2.99274026935922
528.26318359375 1.83031842161413
531.329040527344 3.5348842044072
534.306823730469 1.99170990428329
538.294128417969 1.86009611273994
539.23046875 1.61535895664155
541.268981933594 1.68054540975107
546.30224609375 4.2613982614889
556.296936035156 9.10551083325399
558.258056640625 2.17929098936924
562.286376953125 2.22511084986302
573.328430175781 7.11260786798681
585.348083496094 2.7702963550951
602.364318847656 4.5504467401696
638.164123535156 2.52435100810492
639.410766601563 2.39976849547264
719.373901367188 3.76604818181272
733.412719726563 2.13436817575172
736.404479980469 4.58033646600523
742.395202636719 5.46190787404724
829.472229003906 2.68266531167427
832.488586425781 3.53428845016986
839.219970703125 3.84139724022012
847.641723632813 15.3078340376691
849.697448730469 52.1420019764289
851.716430664063 22.2703491545218
853.776306152344 7.84719696297585
854.750122070313 10.4794773384606
855.023193359375 8.01917027076974
855.803039550781 23.3882795321618
856.002502441406 21.5512856032349
857.2392578125 13.5639461746752
858.624877929688 7.14631549623515
859.120788574219 7.11101019487632
859.476623535156 4.89646951220528
860.633544921875 3.6002706559868
