1050.6049 80 1
70.0769195556641 1.47762895654192
72.0896453857422 2.07535754701589
86.1030883789063 4.02630121108229
101.082260131836 2.34695309764074
112.09334564209 4.38739529469768
115.094253540039 .878893854285593
116.078872680664 .960392018928972
129.106185913086 1.40222152152007
136.084030151367 1.50229543688888
158.096923828125 6.74311957971322
173.127212524414 .815578962256981
175.124923706055 43.8814297949466
201.120529174805 1.35124002302352
214.157516479492 1.20903552889514
228.141052246094 2.27716521120913
241.142623901367 1.13636122236811
242.161514282227 2.45806088467417
258.163818359375 .7921891480601
259.157409667969 .617310225445474
262.162322998047 1.13460022865425
271.175476074219 6.85946074431836
285.159149169922 7.13644716296783
288.206909179688 6.68966166794188
292.154876708984 1.03344001273317
298.154754638672 1.50201717566906
316.158782958984 6.54072475309273
320.166046142578 1.58435640638564
329.18994140625 .786329274228251
336.118499755859 3.58566177110941
339.175415039063 .807400764935642
341.225708007813 1.37634369520371
353.193664550781 .804584678260153
355.204437255859 .782220413463048
356.215789794922 .89316708231981
365.147979736328 .851673396474768
366.126434326172 1.26380992011537
370.210296630859 1.03084627837825
373.179962158203 2.12498069630543
374.228118896484 1.36403602360808
375.212646484375 .990374059421692
381.223907470703 5.5815810518913
382.212677001953 4.89817222931878
382.774871826172 1.79343183967812
399.235290527344 11.7945323324216
405.145294189453 1.22777924428854
407.182922363281 1.05282780950443
416.258880615234 6.56136967425233
423.158508300781 7.03073913170597
426.215301513672 1.32750626253848
433.135955810547 1.19204743085142
435.188415527344 1.93748934972222
436.195159912109 1.04534261847499
448.217559814453 2.52195052237287
451.214324951172 1.9644006718809
452.201599121094 1.20512477921765
472.239074707031 1.03720100775258
479.229064941406 1.15903767588712
481.260131835938 1.05489982500475
494.211730957031 2.04996711190951
498.293914794922 1.94359028562199
504.221160888672 1.63714495905376
508.229705810547 2.33541054788946
515.326782226563 3.01034522632679
518.23291015625 1.2816371117236
519.8369140625 .971925557541333
522.225036621094 4.45847281753761
533.257995605469 1.42706863007608
536.229858398438 12.5138616276945
538.299621582031 2.76526121494564
546.164306640625 1.06501746726218
548.265380859375 1.17480484921949
555.320678710938 3.15053252976755
572.344543457031 6.64998123759601
574.363952636719 1.00399010185139
590.284912109375 1.49113627654869
599.264587402344 2.62863552538071
607.293823242188 6.84427385871805
616.264099121094 1.62101204488676
617.271789550781 2.15685362457232
635.286865234375 6.49529011826819
650.291015625 2.20543966902492
711.323608398438 1.24089307084505
718.355834960938 3.22345051074667
735.39990234375 100
738.794250488281 1.64664240332949
763.350463867188 3.1924415318132
832.434326171875 1.45114750731021
833.3994140625 2.70716998425288
850.418395996094 5.91541192061732
876.453063964844 1.36633362429845
917.454406738281 8.1714654223895
937.432922363281 1.6183294189604
945.58544921875 2.98720363445727
961.487121582031 1.94018394819466
1006.47650146484 2.35859281680155
1032.53881835938 1.96057112116721
1045.69738769531 2.04400270393057
1046.82946777344 2.12508163203435
1050.80810546875 44.4465251134428
1054.18310546875 4.6104332797354
1055.880859375 4.86707999253843
1056.91870117188 5.48190060881985
1057.92810058594 5.11867279609431
1058.21862792969 4.71964929872519
1058.94311523438 7.7868979353348
1060.36962890625 3.91539417925011
1063.2548828125 2.50152138203035
1066.77453613281 1.36512329719413
1067.94934082031 1.40238329896238
