1960.1218 80 1
70.0759658813477 1.24445090256751
72.0920639038086 1.27755743716023
86.1068725585938 .607309214869908
87.0698089599609 .459663678117116
101.083457946777 .757515238261962
112.099937438965 3.92709784747764
129.123107910156 1.89445945691022
136.096145629883 .330034294251651
157.118072509766 .557906576189829
158.105392456055 1.0402577228704
171.160522460938 .640962813264977
173.136367797852 .379731286475019
175.129928588867 36.9798711956234
185.116607666016 .724052710172174
187.116638183594 .327530150624096
199.152984619141 1.43338322603901
200.154510498047 1.4464388372562
201.137115478516 1.25670994273282
212.114196777344 1.09358341759104
214.127502441406 .748889305995023
228.140686035156 2.60816128610633
251.125381469727 .312323744965902
268.169403076172 .458877350870951
271.184204101563 1.49136101005763
286.181701660156 .667800942334401
288.208099365234 6.86348945293512
292.135559082031 1.25124989859352
297.161590576172 .554372346128367
299.176544189453 2.61211480194122
304.141326904297 .360999986972375
313.194549560547 13.1059184204703
315.180389404297 1.37674476003325
327.142639160156 5.86643935249651
329.1494140625 .869900258424889
339.170227050781 .553894955658277
344.162933349609 .538680031623319
357.217102050781 .94550894264794
358.217468261719 2.78062816025549
368.1962890625 1.12127263544251
375.239471435547 8.18484173133466
379.165649414063 2.38746104708685
381.215759277344 1.03762319315943
384.229553222656 1.06019725771181
385.212005615234 .704035375899774
386.206970214844 1.77998331908686
391.199829101563 .863094177619994
398.246032714844 6.44888192542424
409.186737060547 .91965273302575
414.163665771484 4.72224616401998
426.237365722656 12.0255222394218
450.207275390625 2.62921342603616
457.278167724609 1.4969335928189
467.243988037109 1.10670475142528
468.243072509766 .985832698700713
469.286773681641 .953712041997118
471.257385253906 1.11249178901705
474.302398681641 11.2357404170307
478.229248046875 3.1829720876662
480.265350341797 .924436993866534
485.247650146484 3.40843991689909
495.232116699219 .933963140011556
497.306945800781 6.91929199586505
513.230529785156 6.45025062862739
525.264404296875 5.42462766247912
531.276916503906 1.0007178096363
549.270324707031 2.47806827478587
555.35791015625 1.14347216720059
556.337463378906 1.48114562428909
565.256713867188 1.53441007608886
566.311889648438 3.87841984140877
573.367858886719 100
577.284790039063 1.02314401627974
583.349548339844 3.77570960510098
584.331726074219 6.12538631863305
594.280456542969 1.97626394193762
612.294982910156 6.99372778305585
615.319152832031 .830170083215983
624.267578125 1.23459246602795
630.315673828125 1.13549307049132
636.287536621094 1.12219455061647
641.290405273438 .990383751443927
648.333618164063 1.22870226644774
653.352600097656 1.38977265086432
658.348083496094 .771433262614573
670.381225585938 3.30688066711273
671.365112304688 6.64132635447655
677.314270019531 1.25756198486934
681.307739257813 1.07598243036915
688.389770507813 18.2760293669437
699.32958984375 1.52141421416423
711.362487792969 1.00700614526075
712.358032226563 1.31887856841445
719.39697265625 .725833124616698
729.382507324219 2.51518106639969
731.35888671875 1.00054378083943
740.34912109375 1.30501651856995
747.387573242188 2.08111406676294
749.390380859375 .861135683216447
757.397705078125 .702107949915865
764.418151855469 1.08925072819392
768.377624511719 .907980317307318
776.378723144531 1.71195201034544
785.403564453125 7.43173169446851
787.38232421875 1.35944651634952
802.416748046875 1.20033252943213
803.407531738281 1.24959526037125
804.39404296875 .933765641101539
812.422546386719 1.14165882517633
840.4296875 .947028813160108
857.449157714844 1.4932183728087
858.433959960938 1.56635634262432
875.447937011719 4.35481208992834
882.451416015625 5.93595135149638
899.476989746094 14.7548513511292
944.484191894531 .722493958964051
951.478515625 .619973575710934
956.496643066406 .815482699424901
969.481506347656 3.44779606333152
974.501770019531 3.38282426642693
986.503051757813 8.48062818779579
990.462341308594 .674351764261795
1043.54321289063 .706333321554912
1061.52075195313 1.37975009470856
1068.54052734375 .656931320029445
1085.57141113281 4.39766292479724
1089.46325683594 .464574989489383
1095.55102539063 .675944812456579
1196.60949707031 .819463451241993
1213.62438964844 3.13569011825783
1223.60754394531 .448784034891685
1359.66687011719 .394028156302774
1376.67932128906 3.14462808510853
1387.67895507813 .375043088579127
1445.69079589844 .399282437541651
1463.69470214844 2.24582788193358
1534.72937011719 2.03522084715356
1544.72607421875 .337509489628627
1647.80822753906 1.93033165619176
1744.78833007813 2.10007567388321
1761.80908203125 .85199534845333
1877.78039550781 1.19517705470688
1931.10266113281 1.83937992755311
1942.25695800781 1.83978101162615
1944.11987304688 4.00378440473046
1944.96655273438 3.43117393578827
1960.44519042969 27.0917927780513
1963.34582519531 21.0551263020213
1966.65808105469 4.35103922169045
1972.52111816406 3.05070685460912
1975.51037597656 2.93455025953708
1978.57763671875 2.31137965120071
