1456.8311 80 1
70.0826568603516 2.6415221692924
86.112190246582 5.74396177170326
112.102226257324 20.6746166128069
129.128723144531 9.93072649958048
157.125564575195 2.17361882604258
158.10676574707 5.33864048348467
172.113723754883 1.78414944042563
175.133590698242 50.2405515338565
185.142349243164 3.93300924489948
199.203247070313 1.02723214896542
200.149230957031 1.5794100059147
214.141464233398 .991353925201292
215.134811401367 3.21387134022001
216.122039794922 1.3279939028997
227.200866699219 3.21152051898275
228.154190063477 3.87738398394955
232.156173706055 100
240.132614135742 .939406368203006
242.138320922852 1.02806870123483
243.145233154297 3.14901247460102
262.173583984375 2.48875283723885
273.130065917969 3.09926909405507
288.137969970703 2.00781971612964
298.226013183594 12.0348630710991
300.181488037109 1.60250360220387
301.132476806641 4.70636963539645
312.147521972656 2.0365009916643
313.176055908203 1.12608435304839
326.164855957031 2.60515944909845
330.1591796875 2.63690785061842
341.229339599609 5.23281165864781
343.198760986328 1.91644508956894
344.17138671875 6.32684840212851
356.213500976563 1.88469059760196
357.191864013672 2.8395811382644
361.199676513672 14.1311694887829
371.190521240234 2.26513910285868
386.203979492188 2.19019324254364
395.229370117188 1.78827935398084
396.209442138672 1.21291060577521
398.236083984375 1.64565935924254
402.172393798828 5.32241394990824
411.306610107422 4.34400908816394
412.274749755859 7.74936785676823
414.220672607422 5.2169497118307
427.267181396484 3.33058037579814
428.24267578125 1.51760053063145
431.204620361328 1.62038755308079
439.242492675781 2.0834713712909
441.182006835938 3.21556480712293
442.182952880859 3.01835378299565
443.224365234375 1.3391114493214
457.252838134766 6.32352794276686
459.200012207031 5.81111653191941
470.254699707031 2.85585807554028
474.277008056641 24.1761948261724
484.254791259766 3.15074121800615
487.253662109375 3.05666229904732
497.279296875 1.79216411562976
499.268249511719 2.34465085046693
510.261352539063 1.66685740205725
515.25390625 6.59387324946345
524.400573730469 1.61838197283512
525.351318359375 2.64224101248762
527.271118164063 4.64323875834457
538.200012207031 3.72404307363992
539.184326171875 4.30122973962183
540.259887695313 2.384442891056
541.312744140625 2.15918218383757
552.315063476563 1.85063041031849
553.300964355469 1.79019316053414
556.212646484375 14.4431772516111
569.334533691406 1.84112100975485
570.337036132813 4.39300036394296
573.234497070313 11.106751069361
582.267333984375 1.80071277785266
583.300537109375 1.85246308396041
584.278625488281 1.77310564898249
587.3603515625 20.5962963739553
597.337890625 2.10361714556863
598.3212890625 3.79433244479452
599.310852050781 2.59109861882448
611.316162109375 1.96800419033858
612.259948730469 2.39256860049659
613.301574707031 1.4020161184661
616.372192382813 1.96435863929031
624.280822753906 3.23342244824273
627.2255859375 1.98841454751398
628.315002441406 3.07730022770823
629.328002929688 2.31297492557083
640.307006835938 2.59034701931202
641.312927246094 10.3385428804949
643.324768066406 2.68641160053288
651.289794921875 4.26412589633654
652.271179199219 7.24975148589911
652.845825195313 2.9269588488575
658.381164550781 26.7647152348962
668.319519042969 8.25792920416566
669.293884277344 27.5957311083974
686.314819335938 28.8815139949032
699.384216308594 2.79330835070805
712.340209960938 4.26872417470278
725.336853027344 1.99270207611582
729.434204101563 1.86724083989756
736.386108398438 1.62041801444698
737.380493164063 2.75928950602419
739.366149902344 2.25630519404756
740.338073730469 3.04109863499263
740.919067382813 2.18598424144456
754.409545898438 8.51849246767895
756.390380859375 2.35702999905079
757.361450195313 5.23173219159282
764.352172851563 2.7432017165441
764.981384277344 2.1535892237697
765.351257324219 4.06426621867742
765.957275390625 2.18722027651281
771.466674804688 18.3116673201713
781.393493652344 5.54174688987649
782.38037109375 15.7390217879093
782.971313476563 4.61461909950626
799.397644042969 9.54109246187867
812.464599609375 2.03472683014304
825.419982910156 3.31581189706364
835.411804199219 2.32726181765429
836.376647949219 3.92285126194968
842.441833496094 2.05643996467662
853.413635253906 15.1945911226188
853.984802246094 4.54031274830275
867.508239746094 2.24367222509509
870.435974121094 11.7506992858294
884.552734375 15.6152994549723
936.461486816406 2.72050446804105
938.496520996094 2.41569406129841
965.5283203125 2.29203737491876
966.475769042969 5.09846812180579
981.577453613281 12.2798108302311
983.525146484375 7.8475618603678
998.599304199219 34.0573794078196
1096.59838867188 1.66184608120129
1097.62963867188 1.49060270822126
1127.63830566406 3.45549247953818
1184.654296875 10.1403452100384
1285.67224121094 7.9060543552404
1382.54895019531 3.2589054872995
1412.65588378906 5.64402646638553
1419.81225585938 7.12912807954234
1439.91931152344 4.49892278869318
1457.10278320313 74.0738875885027
1463.58471679688 3.77054891134476
1465.18505859375 6.0958224369788
1467.20886230469 16.4716804180036
1469.32482910156 44.9219851637378
1470.94677734375 25.0293706983097
1472.15930175781 17.1296620957806
1473.56213378906 9.21429182200356
