1327.66 80 1
86.099 2.37
112.082 7.391
129.113 3.933
136.074 2.797
157.126 2.257
158.09 2.896
175.118 25.681
201.085 2.372
229.136 2.906
231.084 2.523
244.141 2.275
246.154 100
249.151 4.529
277.153 3.819
286.154 2.179
302.146 3.238
344.154 6.298
348.184 3.859
356.949 2.383
361.186 11.845
397.226 2.516
425.269 7.384
431.244 2.558
433.244 2.511
449.209 3.624
473.21 3.311
477.238 4.525
480.313 3.584
490.243 3.592
505.206 2.96
561.259 2.804
562.299 4.006
578.284 4.603
586.296 2.653
603.318 4.321
674.251 2.729
691.35 2.904
697.364 2.616
707.34 2.952
725.365 3.995
726.382 2.848
750.412 3.971
834.434 2.836
851.434 11.916
980.488 2.839
1313.324 6.009
1317.82 5.307
1328.471 19.901
1328.687 30.203
1331.009 16.334
