993.4557 80 1
79.439697265625 2.00321051923186
101.086837768555 3.53039573030683
112.092948913574 8.58508891937774
129.128036499023 3.70040287251271
157.113098144531 4.18542521361491
158.103393554688 6.84778836927592
175.126907348633 64.8789193343204
186.096343994141 3.52701034642955
198.672668457031 1.88496778409264
203.103454589844 3.31083470460792
232.145004272461 1.83512472809687
244.089080810547 2.21985137047859
255.099197387695 2.15835460075286
257.144744873047 4.36763089340529
260.105346679688 2.54097129658173
277.142120361328 7.80327525497024
287.1572265625 5.58219248353385
295.158660888672 1.60690722947538
303.145599365234 2.84111174865731
304.162475585938 13.1487081725071
317.124298095703 3.32416269033219
322.206878662109 2.65094928382562
346.125915527344 2.6877476217974
360.186553955078 2.86452807169125
388.165771484375 23.7768302499555
401.181488037109 12.3023861046105
403.164947509766 2.6704288145675
415.212097167969 2.88765738360809
418.211730957031 5.12022622774302
423.148193359375 4.3600444813977
426.75341796875 2.61731012912414
443.209320068359 4.84571746605824
458.217163085938 7.27957248796245
468.663116455078 2.15673675001411
472.151947021484 3.02684618423852
475.229522705078 13.8803974453046
501.20703125 3.34328370513327
519.21923828125 9.46325323135971
522.225769042969 2.85029289556749
544.292297363281 2.51062797139644
544.919860839844 2.52688491279562
561.639892578125 2.51343229123701
563.055236816406 3.32218232380026
571.234191894531 4.17203683120514
576.22998046875 3.64337889293638
589.243408203125 14.9496922990088
606.285766601563 6.05998035350663
607.268737792969 5.82369471303094
610.308471679688 3.97900556180288
616.288635253906 3.68734171004815
621.391357421875 3.98487419731592
734.306762695313 3.92470140586399
774.295593261719 4.1854281493953
791.350341796875 7.29699829260033
833.324340820313 11.3373130489621
913.467834472656 5.11986592625075
915.549987792969 6.47935264261617
923.477172851563 7.88072646436929
949.485961914063 4.85481171929611
951.381713867188 100
954.498901367188 8.25301487923377
974.505737304688 4.69869230335054
980.777587890625 5.4866134655546
990.162780761719 5.31442577967272
993.663146972656 49.5361781166285
995.650634765625 33.8055781279171
996.814636230469 24.4675019646493
997.189880371094 13.4646362250945
997.765930175781 18.4986859209538
999.804992675781 50.8775894512441
1000.90411376953 91.1374215985516
1002.42578125 36.7803203355317
1003.95831298828 16.8430724076398
1004.47607421875 20.8705568315525
1004.68634033203 14.1125615119768
1006.61651611328 9.42649189609284
1006.88177490234 8.21270696115421
1008.37982177734 8.66184846366593
1010.02624511719 8.21004806335506
1012.74829101563 9.15444774901116
1016.07849121094 8.021714737258
