835.5327 80 1
70.0734939575195 7.2964824297083
72.0871810913086 2.00748319793345
86.1048965454102 2.66161535507752
110.079917907715 28.962705287707
112.094848632813 8.74779267496484
126.055969238281 1.03912543743087
129.118240356445 3.86338376835079
138.072204589844 1.60028514282086
156.087463378906 2.67291344050406
157.111679077148 1.35879818060679
158.102386474609 3.64043647867362
164.129425048828 1.83288621583735
166.071090698242 1.25453885392303
169.140762329102 10.5571421644631
175.124588012695 90.0995414411371
195.103515625 1.48624821173712
197.13542175293 20.9716930221609
211.139282226563 2.32458916658864
215.147842407227 2.63244051108746
221.108703613281 1.91554184305017
223.163162231445 1.54720566507179
228.17561340332 2.3087639212045
234.127182006836 1.29821461111598
237.141540527344 1.88014641129712
239.12043762207 17.5338762385009
251.158889770508 5.05952718289856
257.145690917969 1.61372779087396
267.117828369141 1.25006345939992
271.185333251953 1.90385937023125
279.150543212891 2.66185291627044
288.207824707031 37.2376008864618
292.209991455078 4.21784942526353
298.191528320313 1.70567458450219
308.182922363281 1.23872773422958
310.216400146484 5.16443883813836
320.206207275391 2.58103487458143
322.181182861328 1.39387054914001
334.190765380859 2.40204570766213
345.245971679688 1.46587946139584
348.2080078125 13.1967703686371
352.20556640625 6.9161011929645
369.225311279297 2.45569801049099
370.219482421875 3.65294234384449
371.239044189453 9.32994209132387
372.232421875 6.02557853164642
378.217681884766 1.4293349719701
380.196533203125 4.48130185863218
389.254638671875 31.2607577578435
399.237335205078 2.49895023814428
419.279266357422 31.085724518925
431.244934082031 3.89314316457615
447.272399902344 40.430968662973
449.254486083984 9.98121955789746
451.254913330078 2.30793323146409
465.278106689453 3.27109461966815
466.273468017578 4.66264069612763
484.289764404297 2.12925783012171
491.268310546875 8.74534262878835
491.860412597656 4.12055396894665
503.313751220703 2.21960468571322
504.294219970703 5.04872485301351
506.252105712891 2.1071867747396
509.283660888672 55.7331781504071
520.319458007813 7.35233194124121
526.306091308594 35.5997863147646
530.310668945313 9.80298492058799
544.318176269531 5.20141719691465
548.315795898438 32.9346671157433
562.339294433594 5.34719690926772
566.335266113281 2.13576049801507
579.366088867188 2.05717166910124
580.338012695313 3.01619890309303
615.388366699219 3.25491847345225
622.356140136719 5.00272367390423
633.405700683594 9.3908626904129
639.386291503906 13.3137323974776
643.388427734375 5.59013191851548
643.947937011719 4.31916592405893
649.377258300781 3.38563237552229
661.39599609375 15.2004155827766
674.322387695313 2.07492277672533
676.38037109375 2.53981972021758
677.333618164063 6.15042322693481
678.410095214844 6.58542801395083
679.397216796875 13.710981585254
701.415954589844 3.57838326648164
706.364074707031 3.92008797267747
719.403198242188 28.2334547165618
736.424438476563 22.6243384361984
754.412963867188 5.59283250983743
773.404968261719 3.47738854313163
775.384765625 3.41338585286375
789.411499023438 5.69807209174757
791.396484375 21.4863605446107
792.405822753906 15.8481992243799
793.387939453125 12.7341667080171
797.439880371094 3.54250755239435
801.394775390625 4.08378830094295
817.506164550781 6.52612914328104
818.498779296875 14.268273644891
835.724670410156 100
837.745788574219 55.8280807005595
839.733032226563 25.3528315729395
