2154.0527 80 1
70.0733947753906 2.20326603624186
72.7253799438477 100
86.1136856079102 3.32888304181779
110.087547302246 4.5663773717528
112.09740447998 2.00957629435967
129.134246826172 2.35831034202331
175.134216308594 6.63878791748044
200.553329467773 1.75052093241308
297.174865722656 2.91432066578796
300.134216308594 2.18585768571967
303.209564208984 4.28976123969
341.221435546875 2.48373628102642
355.206146240234 4.12504601318009
360.218017578125 3.22887650111188
416.286346435547 4.59384009284922
496.3154296875 2.9241386768007
572.367492675781 9.86630535111379
579.328979492188 3.22165970748038
588.27880859375 3.29718468151374
611.384216308594 4.84214804689298
611.740112304688 3.35289333188731
617.855895996094 3.4774780613876
631.982116699219 3.51986843282224
633.31005859375 4.71614767107701
659.328979492188 5.35022392097928
660.310424804688 4.55395644706222
673.182495117188 4.09893853955573
692.312927246094 5.14996048222001
730.40185546875 4.6856902518974
735.436462402344 12.0203864866067
739.464477539063 5.85094203518114
742.321472167969 4.61687339622771
773.387329101563 5.8491790086962
836.484924316406 17.9016336215484
933.525512695313 15.1721484902916
937.524597167969 66.6861515847297
965.541137695313 9.28266745160267
987.508422851563 5.92989424956933
1030.55517578125 4.86014201375748
1074.57287597656 98.6799780097561
1115.59887695313 7.45813993094676
1128.51440429688 5.5989436343224
1145.60986328125 66.812539410713
1189.51928710938 7.58301503436583
1217.4921875 29.8223419811527
1274.64086914063 20.0002639704614
1291.48742675781 7.42250851334657
1318.52844238281 34.3231234038143
1361.67199707031 21.4604585071175
1375.55224609375 6.85717149017121
1376.65209960938 8.25826374147048
1401.60144042969 8.82857542818308
1402.13098144531 7.48925444466676
1419.56359863281 19.5567514950448
1462.71911621094 18.6639701417267
1554.65466308594 8.50936735256074
1556.5517578125 7.8474558641474
1559.81201171875 7.26558670777425
1576.72290039063 13.6821416614236
1582.61145019531 25.78011905102
1639.6337890625 19.2579404374931
1710.68139648438 7.8614626257918
1738.70922851563 37.6471782780075
1739.76818847656 69.4687780815889
1749.83508300781 6.98825359655907
1835.32995605469 21.5845269747636
1851.76892089844 34.0129051123812
1854.7568359375 17.0730529532781
1908.74584960938 9.71415443978228
1961.09497070313 8.72825297561301
1963.2138671875 52.4556288136273
1967.78442382813 26.9342209032361
2007.67895507813 15.1510667560952
2121.05932617188 20.138239826157
2154.42602539063 41.1919750312666
2159.40576171875 25.9468952979116
2173.65600585938 19.4831203626831
2176.75219726563 49.6850519528574
2180.30004882813 42.3228687680596
2184.53344726563 21.0637913855121
