1244.6718 80 1
70.0828704833984 1.38518706523082
86.1051483154297 1.32069010847908
112.112617492676 3.13788786140206
129.118026733398 1.92862022569683
157.121124267578 2.08184372043968
174.150848388672 5.20096236286569
175.1337890625 9.03112660535011
185.181884765625 .931858746731559
204.152267456055 3.22904984668581
213.16650390625 3.14176519814498
215.148590087891 1.11442296415129
227.135955810547 .902653770078141
232.150512695313 1.78287640069583
245.111251831055 .810375918923663
255.125442504883 1.77944728419622
272.148803710938 12.7693896020611
289.173095703125 5.6503874968983
290.162780761719 4.47082016902787
298.15576171875 .742614607742375
305.195587158203 8.42955784198226
313.217010498047 .779752650978776
315.185699462891 2.4386423578758
326.274810791016 .926593406156303
342.231201171875 1.06713303345977
344.166015625 1.0513450633946
360.132446289063 2.54775644294163
370.163513183594 2.36957130804719
387.171875 60.4718144761313
400.266510009766 1.28874493530428
405.164276123047 1.38407307770968
418.280303955078 13.1385286547971
457.169250488281 2.5381795773198
459.185852050781 2.26843760281477
471.196929931641 2.30638356096091
488.221832275391 2.48078141595256
499.189361572266 17.0101929007359
507.300384521484 1.44364610805347
516.213684082031 18.0669586768839
517.338256835938 15.0885168369639
522.330627441406 2.1525564403872
524.288635253906 1.96800808814186
534.2080078125 1.25318229839353
556.261291503906 4.09721120851073
570.26611328125 5.58566763276259
572.273315429688 2.01929678753647
573.255493164063 2.47046186723561
582.327514648438 1.79840899317174
587.304931640625 3.08890652516114
598.255432128906 23.6754150705358
615.285278320313 7.30877823841582
630.426818847656 6.34762796988779
669.302551269531 3.22720220402649
683.351013183594 5.17415132049408
686.371215820313 2.61422180612527
699.432067871094 5.26826753392452
700.397216796875 5.95592113332676
701.370483398438 4.77296934616143
711.338806152344 22.4923109365972
718.408813476563 2.04817140110309
728.363708496094 9.36677039361541
782.41357421875 4.36445292895004
785.402160644531 2.29988984657139
799.434631347656 6.75242712583274
810.401306152344 12.2250153216308
813.415771484375 1.83650717930219
827.434020996094 9.21471889992615
848.519226074219 1.99012199440189
858.522155761719 4.42457814210367
895.496154785156 1.81033789400059
912.510314941406 3.02710671508845
913.501647949219 3.56307172091229
923.456298828125 3.06194272025514
940.501770019531 7.0864250047
973.532958984375 3.79257809593755
997.523193359375 3.29867131233927
1041.544921875 4.35418122246539
1072.54040527344 2.36760130538935
1088.55480957031 2.25541346826347
1098.54614257813 6.49604134541989
1100.05932617188 2.74759662482133
1116.54760742188 100
1201.63342285156 2.94069292287338
1227.75903320313 5.94281729141887
1229.43603515625 4.87900430396918
1244.966796875 59.8007999359034
1247.44787597656 13.3798629006858
1248.97290039063 8.90509380232562
1252.08435058594 5.81298576763497
1254.03820800781 5.66777013008459
1255.06274414063 11.3696835181275
1255.26391601563 11.1090782369495
1256.16784667969 14.0901566560546
1258.27514648438 21.1159959327058
1259.81750488281 11.2413199876562
1260.54821777344 9.98779957148755
1263.90502929688 4.98593463316337
