1569.7747 80 1
86.1121597290039 .601071501981986
91.685188293457 .408024617693935
110.08878326416 3.53248284074884
129.117462158203 .428099650823385
167.107406616211 .606126453485229
175.145736694336 .437622025065207
195.112991333008 1.33453450146054
213.181915283203 1.09771761562162
228.112899780273 .49338515809356
248.172164916992 1.703678519685
257.147521972656 1.06880227260646
268.165008544922 .695209165302559
285.149719238281 2.63823117503376
296.151611328125 1.12339456104295
300.2060546875 .798417192148136
303.165130615234 .407679247666518
305.222930908203 .510582874875725
311.150665283203 .624328137538826
314.167724609375 .647710068240666
325.181640625 1.63692372634193
342.174377441406 4.02288295663365
349.223266601563 2.62424281454013
353.173553466797 2.57035067997292
369.238555908203 .955028750756834
396.201385498047 1.14283601266406
424.203918457031 1.6153177503455
430.264251708984 .929370417207502
440.27099609375 1.13694927286798
443.218963623047 2.04523040644498
448.213836669922 2.71054980099437
450.263946533203 5.30988166390548
458.281890869141 1.14151023758068
472.255310058594 1.45959959849847
477.231353759766 1.05213973018224
483.246063232422 1.4071850239976
500.240570068359 4.01446241884084
505.239349365234 2.55669500527179
511.247833251953 1.71186105064154
515.2958984375 1.18722695691086
543.291442871094 1.17954313810499
549.266967773438 2.22979338286598
550.268371582031 1.15962809439871
570.275573730469 3.16584631379264
571.277587890625 4.28586648225759
588.283874511719 1.86455037298364
595.330627441406 1.37762443156777
598.278259277344 4.72819729958257
606.28955078125 2.8425577565247
613.328552246094 21.9313045238821
616.337524414063 2.13796435959737
650.313415527344 1.40518529815331
655.351928710938 2.31864107721574
658.312194824219 2.4051234853897
663.297973632813 3.86540019719109
673.360473632813 3.88877012215671
689.304321289063 1.93837941083833
697.347900390625 1.58559538565912
707.325988769531 3.04040256906353
717.351623535156 2.35504240131015
725.330627441406 2.00503191979426
734.331359863281 2.25636191530982
742.387084960938 2.65717774276982
745.345581054688 5.37240908252013
747.350402832031 2.34685790157185
760.397521972656 74.5456176832768
764.373657226563 4.22070253697017
770.374816894531 3.07874629579914
782.422546386719 39.2162534751442
783.418579101563 26.7913672658812
792.408630371094 4.48136867445131
810.419189453125 89.146903664202
822.382934570313 2.80418468684996
879.451843261719 3.77712414508438
897.453002929688 67.8602576081853
908.389953613281 3.87145833313726
929.491882324219 32.7897751597925
936.457641601563 3.73823366763923
939.475463867188 5.51005054169555
940.057800292969 4.45483847860287
954.474182128906 64.0835070177936
957.484130859375 100
1037.50646972656 3.04389333410292
1055.51379394531 25.9000147143484
1092.55700683594 13.5529138205363
1093.52563476563 15.8385881510566
1102.53063964844 3.8923119875158
1112.53820800781 65.2806157204613
1120.5419921875 74.5856712494209
1124.54089355469 4.75411774370509
1139.54553222656 2.69963247886973
1177.57897949219 4.64993332175919
1183.56884765625 28.3764395886679
1193.59680175781 4.70941454811585
1203.58325195313 13.2648977018112
1204.16735839844 10.2602101681929
1221.58898925781 38.1454006261976
1270.60339355469 23.6157726462999
1278.62829589844 4.35973610512175
1286.62854003906 3.19582471379197
1294.64880371094 4.04951755611305
1304.62866210938 8.03885665039619
1305.19763183594 6.95288773638949
1322.63537597656 21.2680617100579
1339.61596679688 3.70760863283877
1357.61962890625 45.2632921579282
1379.62438964844 3.5667875073703
1396.62182617188 3.43626493593303
1405.615234375 6.88321615241188
1423.59875488281 11.5970916448813
1441.58325195313 12.0902379827919
1456.58605957031 3.64377547614388
1552.86279296875 7.35112447393606
1570.13732910156 21.8526479139134
1582.32678222656 30.4658467211417
