2377.3105 80 1
80.2976608276367 100
84.7818756103516 1.39552889125245
110.066009521484 1.93630378602518
160.203247070313 1.53937876263871
175.126449584961 1.34292484175325
267.152099609375 1.66167779071214
284.126831054688 2.90027045449986
322.191650390625 1.85969897374071
331.229522705078 2.24349018323271
361.127807617188 3.5272686681712
397.216735839844 3.81197825804512
408.201049804688 2.21110424331663
451.246185302734 2.27710244634381
474.228393554688 2.11519400862097
479.256011962891 1.96576841421255
517.282043457031 3.36358617480379
519.171752929688 2.04058607793558
544.293762207031 2.7558611768918
572.220153808594 2.3272928801486
573.305480957031 2.28252976160031
575.319396972656 1.8690479812481
581.401916503906 6.31150181964134
588.252197265625 2.68644901139701
588.397216796875 2.5044816377814
590.234680175781 5.58804841974077
617.167236328125 2.58596034279477
624.010437011719 2.06840018355817
632.361206054688 2.07413213735962
643.325561523438 3.76090843718717
701.379760742188 5.59301896954905
703.294128417969 6.81998579812673
705.194580078125 2.9933944206363
710.419738769531 13.4661070558
756.425109863281 2.98318073725623
757.313720703125 3.56361057580249
774.345886230469 5.17127956296192
814.42138671875 2.6036883479947
815.9453125 2.88636164252297
818.313232421875 3.28785249119701
830.225708007813 2.66980739599538
847.468078613281 85.3033617103255
869.38818359375 3.51380655769663
870.399291992188 5.88457684174309
887.411254882813 3.11860343428068
889.400939941406 2.65927616846033
947.470703125 3.09033472145715
962.498046875 13.1654599082505
1015.54028320313 4.63025927260414
1031.5087890625 3.35861103513421
1033.52197265625 58.0436099117089
1055.50024414063 3.15194988367369
1064.46276855469 2.71449986780335
1130.4501953125 2.94490669375697
1148.54943847656 19.4752193625397
1177.57189941406 2.67915337284436
1234.47448730469 2.74150185990252
1261.63513183594 12.7932894378725
1360.68029785156 7.912315794934
1361.68774414063 10.600535142838
1507.79638671875 8.56715919197636
1509.69299316406 4.45950271623889
1620.8193359375 6.0168578866967
1691.84948730469 27.3095354863367
1769.68957519531 4.13329884291951
1796.78649902344 13.858439976943
1903.92810058594 15.7069538096575
1907.84631347656 7.36836506712325
1933.81298828125 12.6391712907557
1939.42272949219 5.68442746152081
2019.025390625 5.61390602441912
2019.95068359375 6.87706199249418
2046.91296386719 12.0017013287521
2117.88745117188 8.62036286635711
2131.97827148438 5.21089233400975
2230.80859375 6.06652240001787
2361.35546875 14.0679672537997
2377.677734375 15.6878107400906
2394.70190429688 11.3408859281617
2398.89379882813 12.3441462373272
2399.83178710938 16.9586221648459
2404.73168945313 15.8726026603588
