1622.8251 80 1
86.1230316162109 3.42187303079924
112.102928161621 4.76869806098862
129.134033203125 3.38936490425941
175.132171630859 54.1456906845096
197.007568359375 2.12617121941114
252.134628295898 4.13395161508005
258.158843994141 2.93542618519895
277.153594970703 2.32832199757251
295.161529541016 6.48037320054395
303.213562011719 4.80116191031757
312.193969726563 39.0549133510333
347.152160644531 3.48168324165402
371.212768554688 2.68365668444424
391.194213867188 3.74335503038872
393.217498779297 2.61970785342858
409.210113525391 12.3239315939317
426.227325439453 8.92186352657397
489.298400878906 3.45210141500766
496.281646728516 2.94866358590672
503.287414550781 4.84049058525712
508.269653320313 4.83865016744287
511.205780029297 3.0764911535315
518.286926269531 3.08593087804083
519.900939941406 3.09658569480048
525.293395996094 5.4869449710533
575.162048339844 3.91570925755019
616.326965332031 4.0834001252054
631.331298828125 4.56942594236927
655.387268066406 5.1467208368163
672.340515136719 5.62765553975638
691.854125976563 3.95238011752158
693.316711425781 4.17842742512379
728.298889160156 4.43312389144529
746.318786621094 4.34198672676818
795.389099121094 3.67932727237581
810.419189453125 4.71116605744245
819.450805664063 6.06871325165367
864.358337402344 3.77126213226378
866.48486328125 4.38936868766834
907.47705078125 4.70473903126164
931.1044921875 5.4783791532769
933.524353027344 4.29417644979912
933.94580078125 4.18056791257184
945.476013183594 3.85379289606791
947.483459472656 59.1469962785245
951.38720703125 5.19575008085049
968.295166015625 3.89010845539119
970.547790527344 5.04222133349205
1045.47485351563 7.63493559747785
1062.52966308594 13.9671274540812
1069.65051269531 4.36126741782913
1507.62084960938 13.9837267633515
1592.61608886719 12.0409319699835
1623.10363769531 35.7933910268223
1635.35852050781 100
1636.91638183594 93.7652689164406
1639.30139160156 73.2319926585334
1639.59509277344 76.765056918367
1640.34558105469 80.2520716866335
1641.29174804688 82.9687615052194
1642.73559570313 59.3028658909343
1644.29736328125 42.2609499166951
1644.89208984375 39.4318782278996
1646.33837890625 35.443487379756
1649.36376953125 23.5136327987345
