1404.8942 80 1
70.0623474121094 1.78907298433472
72.0823669433594 1.92820996525289
86.1023406982422 2.11465308733315
112.095268249512 8.57431805120707
129.116149902344 3.59744946965128
130.108825683594 1.65180240923462
136.081695556641 2.24104458215428
157.116714477539 1.38707708309557
158.109512329102 1.97066281128752
171.118988037109 4.04002686819281
175.12434387207 84.9246132329435
185.134155273438 1.17339937634429
201.13102722168 2.42084556186982
215.144058227539 3.38620582733344
228.132049560547 3.25936699578097
232.152862548828 1.06477374643865
242.155090332031 4.51982993105585
244.133514404297 2.38966978465315
246.151245117188 1.0770574858004
249.155258178711 1.68370552438017
254.157257080078 6.5497573439362
257.171356201172 5.53194266133718
272.1630859375 29.5157582569688
274.188903808594 14.6660768558941
277.163757324219 3.91096779072175
284.163024902344 1.36219733531909
286.188629150391 1.30067759758935
299.1767578125 6.51373685523337
313.196594238281 4.08445591550111
315.198272705078 1.43046364521887
325.192626953125 2.48433660093222
334.177703857422 3.61317696310546
341.219024658203 4.91543603739181
342.226013183594 3.07166120297574
343.20458984375 3.98233635590887
351.23095703125 1.33730284874392
357.239959716797 6.45180930809572
358.215637207031 7.98655869657605
367.233062744141 15.1152629926542
370.207000732422 5.02474462893008
372.202056884766 1.44216224587794
375.229370117188 9.0028172466559
378.199462890625 7.9631758702837
385.247467041016 35.0756091434287
390.245574951172 2.79900847384969
402.220672607422 1.63039641282351
405.219757080078 5.72283009986695
412.254669189453 4.64642682564759
414.25146484375 1.59946130935617
417.219085693359 1.81369542474609
419.227905273438 1.46953898280447
424.272125244141 1.92794699042592
429.244354248047 3.69196723098415
435.217956542969 1.89030134029811
442.242889404297 1.73662057794401
446.269805908203 11.594510026002
449.238891601563 5.35716993052688
453.267059326172 2.15079273364685
456.271026611328 1.81539063444051
471.241943359375 3.15693174527199
476.279571533203 3.39525726459501
477.287628173828 4.09409353081651
483.290802001953 2.50963255287584
484.298370361328 2.0495778892483
485.272613525391 2.01250543328005
486.25048828125 1.92728845754263
491.273803710938 3.77756304221766
495.337738037109 1.91985572173894
500.282501220703 5.18233674146017
504.277252197266 4.45371788426719
513.284545898438 2.09876740463523
517.299499511719 14.2766196388567
520.312194824219 7.31319510397226
527.300964355469 2.15936423053129
530.299560546875 5.4474264161394
544.296142578125 1.95392491661858
548.302734375 25.9129890683746
552.30810546875 2.51034263757576
555.356872558594 2.06790972483293
562.329772949219 4.38629009088839
566.328552246094 1.78003282003552
574.355102539063 3.48386940076148
575.325927734375 4.36783409281738
576.332397460938 1.78967158663219
587.335205078125 1.76675929858665
599.351623535156 4.09116991600538
601.316345214844 2.50927428054234
605.302001953125 2.47177158117153
616.370666503906 7.23580907943591
619.348266601563 5.66178935910331
626.349609375 1.83707882268156
643.380004882813 2.58931192969108
646.371215820313 2.38597893282183
658.38037109375 2.43530756136155
661.381103515625 7.57922764602708
667.333984375 1.90239679720306
670.383422851563 1.75722800089802
672.371826171875 2.13134490676648
676.359375 4.12474847318614
687.402893066406 7.795311370721
690.37109375 4.68231405354406
691.380249023438 3.52293915383345
694.419921875 2.77285305846208
700.387451171875 2.93300075955909
701.027038574219 1.95207899701113
702.391479492188 2.72116810895431
709.378540039063 2.36155750691874
718.407531738281 12.1224750457483
727.400451660156 5.26926464907678
732.398803710938 2.38645075027004
744.424865722656 15.0889086294681
748.126220703125 1.51552445444977
759.356994628906 1.87305776931877
762.447265625 2.10807703271039
771.432800292969 2.31662242352463
772.062377929688 2.8805396226188
789.444274902344 14.1226571323931
840.470397949219 3.63976551608879
857.509338378906 8.00106848623276
860.46044921875 1.81300492382018
861.626037597656 2.18966776028494
862.418579101563 2.3759984115798
867.48193359375 2.10248295704618
870.495849609375 1.92572898310979
888.498718261719 5.59447950809405
916.532165527344 1.74747824758945
959.548950195313 3.02528657028051
1020.54974365234 4.55004600340845
1133.64233398438 4.26835673971719
1235.69067382813 2.59260907131247
1360.70471191406 10.448161713899
1405.10998535156 100
1409.11535644531 16.0868039875389
1412.10400390625 7.35697126287347
1413.19848632813 8.45552256625895
1414.14440917969 12.6200116057338
1415.17846679688 14.4019857258316
1417.28967285156 21.0743897984159
1419.11328125 16.0916109705786
1419.974609375 12.9011613982126
1421.30712890625 13.3555741600334
1423.73425292969 7.96187337142311
1424.80590820313 7.47290068108367
1427.81042480469 6.07156931282201
