1404.9083 80 1
70.0792541503906 2.53605538468822
72.0911407470703 3.00830294912542
86.1089859008789 1.76496666034815
112.094253540039 9.94330453208172
129.125961303711 3.38789300456157
130.113616943359 1.37860319992198
136.086151123047 1.87282960818517
158.094970703125 1.45212746951061
171.113204956055 4.19810930535363
175.121932983398 72.7065855207535
187.138122558594 1.32441753007181
215.145446777344 2.28849598061065
228.160049438477 2.76321630607692
242.146392822266 4.1291556419999
244.134506225586 1.61750810249546
246.152587890625 4.23441326640916
249.165069580078 1.41150660382093
251.144424438477 1.40324793677677
254.153625488281 4.75995179392707
257.172729492188 2.74594865538876
272.16455078125 20.8442181299113
274.188537597656 11.3696208876402
276.185943603516 1.46318288392834
277.156799316406 3.0559269001395
285.181762695313 1.39384279983611
286.182281494141 2.40167767167166
299.177825927734 2.92756873079889
313.213104248047 2.3032892868033
325.185577392578 1.71489422008593
334.170837402344 2.71715693780081
341.22314453125 3.66860033351655
343.210968017578 3.64160503315837
357.239532470703 5.80173202005541
358.211395263672 7.16442365424056
360.204803466797 2.45366060840957
367.232666015625 9.10678026789971
370.226348876953 4.52096970071347
375.223968505859 6.40105170311105
378.203460693359 5.62608560530449
385.247222900391 23.1959545666539
387.2607421875 2.73652752838422
390.210266113281 3.07002011589475
396.221893310547 1.67034254228634
405.20947265625 4.55265688449259
411.248657226563 2.61458691545059
412.249267578125 3.00607289250924
414.233184814453 2.90624220816619
429.241180419922 3.47555458582891
430.265289306641 2.42077207998559
442.258819580078 2.40523904042908
443.244262695313 2.132688851794
446.264617919922 7.47911917146139
449.238830566406 3.99299163816886
453.247680664063 2.55523364170339
470.312347412109 1.89989933950422
471.268280029297 2.55575222562484
476.277557373047 3.84539651102396
477.258026123047 2.58330900014283
478.254852294922 2.21370960520616
483.290313720703 1.96262695613439
486.230010986328 2.50201043544663
491.232391357422 3.05991559585196
499.316833496094 2.41086368472089
500.279907226563 3.52154065916747
503.265472412109 2.38669935443834
504.286865234375 3.52198715919507
505.276672363281 3.34957894672295
513.311889648438 2.07017081002917
515.302124023438 2.3044261460498
517.302307128906 10.652325055772
520.30322265625 7.33887846628232
521.305297851563 3.32204457115503
526.23193359375 2.07808709197404
527.279479980469 3.31342168271455
529.2666015625 2.36253176612668
530.279907226563 4.10178027352409
531.281066894531 2.51731832804476
538.268005371094 2.73524755163571
542.279602050781 2.32985313408407
544.269653320313 2.43983534411345
547.262817382813 5.22918111859786
548.298461914063 21.2341071797194
562.337768554688 4.10281752710461
574.3154296875 4.79908449588042
587.321105957031 9.3910650842824
589.302734375 2.66329933754872
590.353210449219 2.33910572238585
591.344604492188 2.83393921185766
599.31005859375 2.46391350810005
601.297912597656 3.4673127581868
605.324096679688 2.46639659783158
614.31298828125 2.47349562889784
616.365051269531 7.64018052595207
619.342834472656 4.07040451017131
626.357666015625 3.01099706054441
638.361999511719 2.80976933006499
644.009399414063 2.83503043726235
644.385986328125 2.65808734836378
656.330932617188 2.7394283746103
660.357177734375 2.11739705643175
661.390991210938 4.16260801978336
667.322937011719 4.27656136003276
670.405944824219 2.5127486421495
676.346008300781 3.28631522354771
687.405822753906 4.55161403653316
690.38134765625 3.83259076334072
692.293701171875 3.95898188689462
700.373596191406 2.46800394220149
702.353149414063 3.23360408515421
717.38525390625 5.70213831446063
718.387634277344 10.8609850579652
727.390075683594 3.96053755292137
732.387756347656 2.83854164951914
733.384094238281 3.55475855932944
744.416015625 7.73723181139065
746.366638183594 2.91545059873109
759.372253417969 7.23254346979029
771.44140625 3.2870889197215
775.389526367188 3.29700370243799
789.43505859375 10.4328181744578
795.367309570313 2.974211125526
804.373779296875 3.0716332261188
821.328186035156 2.7856490903473
826.317443847656 2.70273113514727
840.471069335938 2.60382255877731
857.506896972656 5.23277995468994
861.427551269531 2.55331566998001
872.448181152344 2.92644507514401
880.452209472656 4.25611919939127
888.515808105469 6.21854955919072
916.503967285156 3.96982597954325
918.481811523438 3.01717424085041
935.392028808594 5.35137298559147
951.4814453125 2.47444314735447
955.453491210938 2.25947310371458
959.504943847656 3.21801102927216
1016.46807861328 4.16508635107764
1017.59808349609 2.68427182816395
1020.54779052734 3.86615832290215
1043.48889160156 3.46749550789807
1064.43542480469 6.08644633898494
1133.66162109375 3.76927188944919
1163.49768066406 7.65599139822702
1262.50939941406 6.21633581415445
1360.697265625 8.78396985756528
1405.12475585938 100
1408.08911132813 32.8467250812765
1410.0546875 17.8820390987636
1411.06286621094 17.3911487676172
1414.20373535156 52.5483974392742
1417.32800292969 45.2022098847862
1419.13452148438 37.497960473783
1419.3701171875 38.6257958370537
1419.8759765625 30.8000250271507
1423.66674804688 16.904038093178
1425.19775390625 13.4593657650308
