1687.9589 80 1
70.0845642089844 2.76534213598622
86.1122665405273 1.55619365754275
112.10376739502 9.91382050201682
120.096824645996 1.44531371224753
129.129928588867 5.00878591294408
157.118408203125 1.02075829548619
158.108551025391 1.46054314177639
169.105728149414 1.87300074999133
175.133239746094 100
214.135589599609 5.28277188542918
216.113464355469 3.04166837308293
219.131958007813 .938897637286599
227.164123535156 .72694095343254
246.166046142578 8.50396957337488
255.140243530273 1.10308383207876
256.145233154297 2.82060913028344
273.141174316406 5.34107673780216
277.144256591797 1.52330857797382
287.150238037109 1.00282669748741
290.157623291016 7.20237738646613
300.167388916016 3.02251697548336
315.172912597656 .808719198997963
316.130615234375 2.56376273437127
329.176544189453 1.63043201165316
333.205200195313 2.26151457836413
334.149749755859 1.58546951794299
348.167785644531 1.55446769441057
351.199462890625 .832558372457434
356.209075927734 1.3713005162126
357.173034667969 1.08851452570517
361.199279785156 5.13098572543695
366.199340820313 1.96644129712667
384.203155517578 9.89311129921806
386.217102050781 2.38871474750778
400.200073242188 1.71275366136855
403.243377685547 5.92059375034888
405.194366455078 1.00733580015532
413.240753173828 2.89341407404346
419.209259033203 1.90195783719939
420.211791992188 1.32292262500143
429.213989257813 2.60655626194047
463.205902099609 3.2913939213256
469.283294677734 2.0663578250155
472.264465332031 1.20991051820328
474.288604736328 1.28084759332967
476.228576660156 1.37414837052918
479.269775390625 1.28418057327017
480.238525390625 1.20310898562264
490.232757568359 5.24408806788696
497.279083251953 6.24313180427359
500.248901367188 1.2492797857974
506.232727050781 1.38310856336098
507.251434326172 2.18521220379663
513.257629394531 1.65810653284452
514.2763671875 2.41008313314789
524.306518554688 2.84769529453108
529.228942871094 2.68703321156898
531.290954589844 8.26730551381326
534.224487304688 2.98532523107161
541.271545410156 1.41941936602605
542.279479980469 1.33513478421828
547.260009765625 4.15273867368049
558.276000976563 1.38019424295197
576.288879394531 2.77649562612046
594.287170410156 5.22661873732437
600.330444335938 2.31042537570844
601.301208496094 2.54985007377724
602.307739257813 1.60365846760708
605.274353027344 4.11502839817693
610.366577148438 1.4432023053879
612.30615234375 9.78005738262697
618.314575195313 9.28479407362924
629.320495605469 3.1243469159596
630.316650390625 4.00863037204103
631.314453125 1.84058787919972
642.309143066406 2.18183683768216
647.315673828125 3.29482387121595
648.297424316406 3.73763623089722
649.317504882813 2.36764525237758
658.276062011719 1.87890046794998
660.310852050781 1.59586928396847
672.352966308594 1.32958459947857
676.296997070313 24.9213972345647
689.363891601563 2.98552937833444
690.366882324219 2.27835608712483
699.331237792969 1.59168418625897
707.368835449219 6.84227682733941
718.346435546875 3.94294756664991
725.377624511719 1.78462530138245
726.394592285156 1.98573963740375
727.389038085938 1.52233670103591
744.381103515625 6.26415684416972
751.393188476563 1.97431424814119
755.41943359375 1.45057338124439
761.3857421875 3.76205649988474
766.395446777344 1.11260538062002
769.390625 33.0654721301452
772.065551757813 1.60457848995791
786.415283203125 31.0098456331092
789.378234863281 16.7176400049259
806.434204101563 3.11719332787724
831.43701171875 1.56541465047335
857.433898925781 1.601615950596
875.433227539063 3.30528626079368
882.470581054688 3.91883734139149
899.490112304688 7.81420003337548
902.460205078125 5.75091939335656
903.422546386719 6.76820814108323
935.481750488281 2.22838743846927
962.499816894531 1.83137072880929
974.501708984375 1.95855813874902
1012.57855224609 18.1029030115965
1027.50341796875 1.75636438392813
1064.5224609375 1.64423003646518
1123.61779785156 1.15452311938745
1141.61865234375 2.29209992719399
1143.58874511719 1.596768596013
1181.609375 1.23576947364445
1187.5478515625 1.52152633887019
1198.62841796875 28.8279248901138
1278.67858886719 1.49908024879457
1327.66638183594 2.68010402783306
1474.71166992188 2.37806925596419
1545.68249511719 2.4768805116549
1670.02648925781 3.34751459503957
1688.24279785156 52.0698342794947
1692.72802734375 8.37223358113007
1694.23046875 5.03126478284323
1700.38098144531 9.30911833822829
1704.53515625 51.1181870741892
1706.41931152344 42.1542778163517
1710.16625976563 13.8075412667297
1710.72021484375 12.3152868866036
1714.98498535156 5.02397428209849
