1687.9691 80 1
70.0777359008789 3.58775130476657
86.1077423095703 2.21059183895837
112.101600646973 11.8932587245972
120.09415435791 1.69531876186475
129.122924804688 4.70827610535924
141.112915039063 .924076439674842
143.097732543945 .800592414154875
158.104354858398 2.5625855899147
169.110946655273 2.08608254008571
175.132064819336 100
186.129653930664 .989036513536593
211.153305053711 .696973422457408
214.132522583008 5.59879439885874
216.11848449707 2.49445023276336
219.126586914063 1.06518071886852
229.132385253906 .967463225588585
230.124923706055 .829093712830284
238.129989624023 .881333746296364
243.143905639648 .795887575662589
246.169067382813 7.44924398442892
255.129211425781 1.55902207952034
256.142791748047 3.73900290600984
273.131683349609 6.17335505573499
277.133514404297 1.30467754779493
287.149383544922 1.30278592425352
290.15869140625 7.38854493457681
298.136474609375 1.36822883224
300.162109375 4.1613660591404
312.175933837891 .748224012211034
316.134368896484 3.24243855777608
329.179321289063 2.09626091115291
333.209381103516 2.42114741927193
334.164520263672 1.59979548426332
343.173126220703 1.21724053067086
348.180389404297 1.52919449346121
356.201904296875 2.10166254416474
357.201843261719 1.45802325197129
361.195709228516 4.90336512501776
366.193054199219 2.05386420720229
371.225433349609 1.01697237468509
384.198974609375 11.0329098742246
386.211791992188 2.57955132253787
401.211883544922 1.25098131415105
403.237670898438 6.73108133322629
411.189056396484 1.09256011053769
413.235168457031 2.83209390494023
419.192810058594 1.61161294310755
429.200134277344 2.89135260075162
445.220367431641 1.4462572236159
458.229766845703 1.3866953712536
462.244567871094 1.36688186803769
463.211639404297 3.82385474263074
469.278259277344 2.31376700616142
472.231781005859 1.5657275159719
476.218353271484 1.82287659620534
479.260192871094 1.35286366083169
484.271026611328 1.46555696257928
490.234649658203 6.21000167685219
497.273010253906 6.85643456467168
499.266418457031 1.32808800148501
506.246887207031 1.42395403220799
511.236755371094 1.24725425064731
513.278564453125 2.0758192691654
514.272033691406 3.23928757681915
520.234069824219 1.28762866112195
524.283874511719 3.69086789307335
529.235656738281 3.49565093294046
531.297485351563 7.3235706565091
534.230895996094 4.19706732840282
541.267822265625 1.37236808052581
542.292419433594 1.62355020285298
547.258422851563 5.26603681334521
558.31298828125 1.40599126569534
571.277404785156 1.89238292454428
576.279113769531 3.13417763407241
584.269714355469 1.38548670971292
600.30419921875 2.31527211636367
601.311401367188 3.08699349949057
602.305969238281 1.57732413508034
605.267456054688 5.03081223913719
612.299499511719 9.03272099607968
614.303771972656 2.19154483724634
615.288513183594 1.40704702740625
618.321838378906 10.2775595655767
628.305603027344 1.28336670351427
629.314392089844 2.16184294401806
630.314208984375 3.29856537509748
642.29638671875 2.42719909681934
647.312316894531 3.05347896210474
648.299560546875 3.97016101753723
658.296264648438 1.58467658249962
660.352416992188 1.59642451957736
661.376220703125 1.23742539064985
672.360900878906 1.50749042169469
676.291320800781 25.7492802895284
680.312744140625 1.22389315500861
684.334350585938 1.19822947123154
689.351623535156 3.15412373323813
699.352294921875 1.45822238117272
718.339416503906 4.74096478142645
725.403625488281 1.92514139269591
726.39306640625 2.31643460359746
744.381408691406 5.86256456633828
751.369995117188 2.16414018586853
752.350524902344 2.3062091972107
755.388305664063 1.36902222537188
756.396362304688 1.62791095165174
761.403503417969 2.8483587544852
762.403625488281 2.96473102316882
769.38134765625 35.3591512077917
786.410827636719 32.1529904323312
789.377746582031 17.1513076531675
882.473876953125 3.52981163029311
899.493591308594 8.44070839348141
902.453796386719 3.97549400981878
903.422485351563 6.39149361460195
962.493774414063 2.64287181554267
1012.57348632813 18.2706022468794
1023.54193115234 1.54364156006075
1044.51513671875 1.04935439508598
1124.59240722656 1.15688634642485
1141.61987304688 2.42339854688615
1187.56237792969 1.30304046237293
1188.60119628906 1.92949823690237
1198.62780761719 25.1016662124792
1327.66479492188 3.09618535028366
1474.724609375 2.25706163338475
1545.67321777344 2.20445508134591
1669.93798828125 3.14121799443736
1671.95288085938 4.34429905175514
1688.2568359375 56.2319958648325
1698.30346679688 4.24524655333828
1700.39086914063 8.70238936379766
1701.39196777344 9.46113102110559
1704.59741210938 36.4856804704003
1707.74780273438 21.0769581606476
1708.22509765625 17.4908815955893
1709.00854492188 15.712112094974
1709.35412597656 14.6804063569678
1710.08520507813 11.8054471169067
1712.86047363281 6.4592277586253
1714.24169921875 5.18015172148389
