1687.9570 80 1
70.0741958618164 2.19134421758289
86.1132583618164 2.59465955183483
112.101203918457 9.40427940744603
120.10237121582 1.0577592498463
129.125885009766 5.53465451132737
143.106658935547 .769964051219008
157.128234863281 1.05745468686158
158.102798461914 1.47807335049992
169.119110107422 1.87079967078166
175.132888793945 100
211.147232055664 .716973703247584
214.136611938477 5.01492292146108
216.111251831055 2.95759758151701
219.126449584961 1.54482402831996
242.159362792969 .929712151292619
246.170776367188 5.36205532543186
255.122848510742 .975103803486781
256.141326904297 3.40524413172326
273.14013671875 5.60732377131346
277.129943847656 1.55148339060599
282.176147460938 .850074372472913
287.142974853516 1.07151690725564
290.161041259766 6.62149453686145
300.155548095703 3.7275446634534
312.175048828125 1.0346746106065
316.133117675781 2.36516432657153
329.188598632813 1.97448426464192
333.193267822266 2.83863346624787
334.186431884766 1.65811339891156
343.177459716797 1.26667049713726
348.168884277344 1.62763751311747
356.215148925781 1.34202391246609
361.198852539063 4.23137056641031
366.189788818359 2.05123538241597
384.193206787109 9.10075730591217
386.21728515625 2.68043281945448
401.225463867188 1.22766938356852
403.239685058594 4.83514783304564
405.200836181641 1.03766577906262
413.218994140625 2.60149562322451
419.197021484375 1.87502452870052
429.204498291016 3.4780487690274
435.215637207031 .998587862527614
445.206481933594 1.82561502190419
462.228393554688 1.22537242051415
463.194763183594 3.53422944450486
469.286407470703 2.20792319984504
472.258880615234 1.29649003630067
490.239471435547 4.91251101180337
497.276733398438 8.15340513300897
502.272247314453 1.31729572007498
513.267944335938 1.58021644163717
514.271728515625 2.72857670287354
524.293518066406 2.30455915223811
529.262145996094 2.01174488734705
531.301574707031 8.11855902641869
534.218017578125 3.6786606287236
541.303283691406 1.3964630707673
542.274230957031 1.34120809844127
547.261047363281 5.30573693559056
558.265258789063 1.80756850510358
576.281677246094 2.21150665177785
600.308837890625 1.48645718015087
601.291381835938 2.53107451219124
605.265502929688 3.09881305926602
610.357849121094 1.63676209376099
612.306884765625 9.0811365386201
615.249389648438 1.22515132296091
618.328247070313 8.07947394368573
629.338439941406 1.78708375734152
630.316528320313 3.17759198061201
642.330810546875 2.99396956654838
647.313171386719 2.88351702686852
648.313598632813 3.73130860933894
649.304870605469 3.21052214828026
658.274780273438 1.38707155974441
661.337951660156 1.56539428043174
676.298645019531 24.3405484018165
688.318420410156 1.32874030868918
689.360534667969 4.13935932607813
690.360046386719 2.59013372902228
699.323852539063 1.28896932700461
718.346130371094 4.4942870045308
725.389404296875 2.6981670356613
727.384033203125 1.6311856420767
744.394409179688 5.75271378853506
751.385681152344 2.00523567339942
752.3681640625 3.66516420985631
760.361267089844 1.52870334690507
761.395690917969 3.50286527570599
769.394348144531 30.0569159059704
786.412353515625 35.8530289500567
789.383117675781 19.1624602492499
831.435729980469 1.71345679518118
882.454406738281 3.97519607361833
884.478271484375 1.63382361163772
899.48291015625 7.74489243508942
902.4609375 4.36547339950633
903.436279296875 5.64616221004691
988.20947265625 1.25722083410993
1012.57781982422 15.0553472753544
1022.54357910156 4.73010841227815
1027.5185546875 1.57733478879154
1141.59826660156 1.87476086059034
1182.60009765625 1.28553311580998
1187.59216308594 2.45226705284331
1198.64074707031 27.9813664885738
1327.66003417969 1.92582337837725
1329.65625 1.76684647599977
1475.70458984375 2.10625921337468
1546.64099121094 2.66297573164501
1583.72741699219 2.83075387992641
1677.13879394531 3.25863848060234
1686.10595703125 5.22531681869956
1688.20703125 32.8899247540888
1698.38000488281 5.75981928498055
1700.39440917969 9.1534808395855
1701.3984375 13.1829778499817
1704.47436523438 35.1011708629555
1706.93420410156 24.8373611867449
1707.36022949219 21.7917766275266
1707.72692871094 18.7202279145171
1708.36535644531 16.7205290521191