1447.8553 80 1
70.0848922729492 5.00171106715769
74.066764831543 1.77388362740581
86.1110687255859 5.38144016699336
112.102806091309 15.1014203293782
129.123825073242 7.12644963939455
136.096008300781 2.00808772214324
157.142028808594 2.69058238485326
158.10205078125 5.03829594665778
165.331405639648 1.90280082203307
167.614593505859 1.72473456682976
171.135635375977 3.93039682410851
175.133285522461 100
181.105880737305 2.69125349688835
185.147354125977 8.26707285012485
199.122512817383 6.88507278609122
201.106872558594 2.94479464449213
211.144027709961 1.91062470767216
215.153244018555 1.86008552489134
216.144470214844 2.97215840331749
229.143508911133 4.53151916887141
232.161697387695 2.66561743027372
246.170120239258 19.2287764790346
268.178375244141 11.9832188149699
282.188812255859 1.94866591550882
286.192474365234 40.3878114163362
293.126281738281 3.05769791061517
296.188995361328 2.02359512848565
312.189514160156 3.00895372693977
314.165649414063 2.61591503385656
330.156768798828 3.90300943557299
334.178955078125 3.69734695672833
342.221588134766 3.55835843662708
344.174438476563 6.08592772990033
354.253021240234 2.57999435740568
359.248352050781 14.0864388587413
362.191955566406 5.95140595886153
365.231414794922 3.32719614930669
369.243835449219 2.19322643059229
371.283966064453 5.04207702643559
381.260864257813 9.14603562090213
381.874145507813 2.32981235221315
383.237762451172 3.795309679503
395.266571044922 2.87582698397495
399.27001953125 8.97561834690861
414.259246826172 2.73154254953193
422.174194335938 4.6916513655442
423.225494384766 2.41425697822229
430.29150390625 62.0334162122306
443.226654052734 2.507611195417
463.249359130859 4.65772069446107
475.259582519531 2.96366723249308
476.253997802734 2.8504969348812
491.226165771484 28.7313202939249
493.216644287109 7.19857125468335
496.299987792969 3.53632438148749
517.28955078125 3.30970757903283
542.294311523438 2.76403173762894
559.336669921875 50.3052793737404
569.314453125 3.10376120120667
570.311157226563 2.98429769263363
578.309326171875 2.9514086585301
592.278625488281 3.21409067168074
597.376647949219 4.49122889859381
604.307189941406 5.28317388914518
620.268371582031 26.1049611238681
628.388366699219 3.15267312483979
629.328491210938 3.407636816872
637.317810058594 3.38409503728138
646.330871582031 3.57284935774259
658.337524414063 2.91016165406633
663.317993164063 6.15174576259535
665.267517089844 3.72122876061848
673.302307128906 4.92106781845057
688.360656738281 11.7232464723786
691.303466796875 34.8484365885357
698.379821777344 2.7599860262972
708.303894042969 3.49213622554022
733.331420898438 5.56583679817471
742.432006835938 3.69483919598137
758.386596679688 3.24370100875621
776.3916015625 7.43791983412123
804.397216796875 9.47329459327496
834.403015136719 3.17679867296818
851.418640136719 17.9120758443217
860.482666015625 3.19487601549459
862.409362792969 2.85984927736483
875.465576171875 3.38632291615193
917.486511230469 3.61446930611129
952.502319335938 3.56522044575063
958.523498535156 3.51576015194013
979.730773925781 4.65295791899973
988.512268066406 3.97687411026613
990.512878417969 4.47662659658086
1032.51391601563 10.6419461735698
1049.54943847656 19.9070841223544
1089.56896972656 3.86939990459037
1162.60070800781 10.5173491417204
1263.64562988281 5.30805250042676
1403.72302246094 12.055682737622
1448.10461425781 64.8982176941204
1450.43835449219 27.303315124811
1450.890625 21.0456677743611
1452.11657714844 14.6356408323646
1457.22326660156 34.5776319127988
1460.29711914063 54.0712971057201
1463.19104003906 47.1704154510215
1463.56311035156 35.2985554421401
1465.44689941406 24.5478785733053
1465.88806152344 20.9958390592863
1467.72448730469 16.5954760123107
1469.33911132813 11.7029922611496
1470.69030761719 10.1329996589372
1473.28063964844 6.81994186862124
