2802.6863 80 1
70.0796203613281 .985707545380324
84.0977478027344 2.22975922585527
86.1156387329102 2.4071273864161
94.7313537597656 26.1859403095299
112.104965209961 3.06013669384033
129.131134033203 1.96092170322261
158.106689453125 .99900706655063
175.134307861328 10.7002196534883
228.154693603516 .729997263166164
242.213516235352 .947798820374934
244.091659545898 .770491522435615
246.188110351563 1.96587637112528
261.187377929688 .637665684394635
300.191284179688 .865046756764866
317.221588134766 4.08229297502648
341.236236572266 .776706445066291
344.17333984375 1.31710170118451
357.219268798828 2.55890983429679
375.192962646484 .836527955929497
401.188018798828 1.0525875014203
403.192504882813 1.28712285196331
413.253997802734 1.02902554619374
430.2822265625 6.75643009754354
441.283416748047 1.90013697605155
457.250122070313 1.7022054223467
472.203521728516 1.28052586811239
488.281799316406 .943466354970424
504.233612060547 1.45937803530804
516.268676757813 1.02980151284888
528.283264160156 1.32198574421468
531.2998046875 1.08255844753531
542.327880859375 1.06757458991449
559.306579589844 2.80238945389635
570.328796386719 2.39681214081016
577.346923828125 8.29595003026972
587.318725585938 1.10177195010467
627.38623046875 1.44102830394804
646.201904296875 1.20839638345572
672.392761230469 2.26398526875044
690.437866210938 11.1487433647275
700.383056640625 1.44278138697775
770.420654296875 2.09082466099705
774.358337402344 1.7247071602112
784.4306640625 1.53759591978395
785.466674804688 1.59129955258999
787.445861816406 8.75997179541135
801.39794921875 2.44903248243879
804.463439941406 29.409918992468
827.389099121094 1.32011859185847
872.429016113281 2.17320296338914
887.420288085938 2.0337059950424
915.515686035156 2.94836281931607
916.449523925781 6.42926631781226
933.502075195313 100
937.2685546875 1.79645505365614
944.472473144531 1.67283431850981
947.48193359375 1.32178368929366
987.549621582031 1.89982659635258
1001.455078125 4.34513725193471
1013.46429443359 1.52726394883787
1015.51318359375 4.80543014357346
1030.54150390625 1.73612372977601
1031.50183105469 5.50743046506541
1048.53356933594 8.05595735860353
1114.51843261719 2.14631290570049
1128.61486816406 4.60492626458467
1161.60656738281 14.2300641153673
1241.67663574219 3.8784582048584
1272.66857910156 1.44953462254925
1284.63305664063 5.13928102345548
1290.62329101563 2.89654161588384
1301.56872558594 2.12419278690007
1347.66918945313 7.69220435577969
1400.64404296875 1.41734289663234
1431.67651367188 1.33284528057348
1448.68957519531 4.93839030308574
1561.80078125 4.11197208414893
1612.75329589844 1.49819778652732
1674.86120605469 3.19429469965331
1725.83703613281 3.19479169710465
1787.974609375 3.58497084876545
1887.01501464844 32.7324932352531
1892.08032226563 2.33722989213486
1984.97290039063 2.66443798496551
2002.01977539063 6.0284600994871
2131.0478515625 1.75940373211507
2245.12768554688 1.90746368468255
2287.98999023438 2.17461507786924
2315.16552734375 3.18738280313238
2446.19775390625 15.2953533637173
2754.37890625 6.12641884305241
2803.07739257813 27.097342056739
2806.9580078125 28.3034939301849
2832.29077148438 28.9092737736876
2835.19384765625 39.9169243971488
