2030.1771 80 1
70.0825576782227 1.39812384371591
72.0995941162109 2.17149916390419
110.092498779297 11.454540966594
112.101753234863 4.23592643170904
129.130996704102 2.18819175724371
155.117599487305 2.45879240043878
175.134567260742 9.71671503627983
199.154922485352 .970533760782065
200.163314819336 1.62910327673931
209.160110473633 1.6901839183203
228.151672363281 2.82288196063767
235.123672485352 1.2654187442142
237.146270751953 4.46021068660342
244.119369506836 2.10673462286582
246.167755126953 1.67438186505386
254.185119628906 1.35897616924524
255.137329101563 1.15512541305864
262.135772705078 1.05831780315126
263.126312255859 1.36371714875223
266.141540527344 14.3783036813425
270.193237304688 1.35334922589362
286.167083740234 1.28098933277594
288.193542480469 1.65315599909248
294.1552734375 1.22437748084647
298.216217041016 1.35537086302384
303.183013916016 5.25258877215759
306.171203613281 1.38165886371848
314.170593261719 1.47301576704088
315.152160644531 4.62906811117273
327.223907470703 3.26319654081114
337.209838867188 1.49388003163019
347.209503173828 1.49550900483591
350.221008300781 2.54215539582904
354.179138183594 1.40265996109424
357.199157714844 1.72347058889435
365.207366943359 20.6576530776589
367.226196289063 2.22175697324213
369.244323730469 1.54823925767437
374.226959228516 8.93859654420734
377.162414550781 4.69530824380666
391.171722412109 1.33877760092146
393.207580566406 2.06862502328324
421.270294189453 1.70812387172582
426.283050537109 2.94999961924029
428.240692138672 2.98875336469043
430.217041015625 1.49631892888704
433.239715576172 1.4588535955271
436.273162841797 2.85902065275695
445.261810302734 13.9394616565341
447.246215820313 1.87031875627597
462.217376708984 2.47504608067834
464.276336669922 20.2070499542738
474.227569580078 1.44494234247577
478.268493652344 3.40228532854924
480.301086425781 1.82432468982526
490.203125 2.2800431667724
497.323883056641 2.75945039042313
500.239166259766 4.8983736133344
506.196502685547 13.3721730998427
517.255859375 2.67582446294499
532.260681152344 2.08179038118686
535.339599609375 3.25038557391605
549.294494628906 3.07560141653117
559.222045898438 2.07390458494215
560.211547851563 4.78857297211754
560.853271484375 2.66805508288833
561.240478515625 2.74324576035001
563.332580566406 14.8358837231613
577.234252929688 31.8303108889925
578.756591796875 2.42790485523778
591.286987304688 2.67856186268702
598.235168457031 2.12150519478792
599.19482421875 1.91525549239321
608.321472167969 16.0674386723023
615.253967285156 23.6462677495298
634.364135742188 8.72441881187564
648.387329101563 2.28721816778776
662.361389160156 4.03553065824689
664.346313476563 2.31928872685156
672.331359863281 2.2695555562558
673.291687011719 4.13248359144465
676.379455566406 3.1187455621799
679.357788085938 25.1975477674001
686.272277832031 2.24225753571614
690.31494140625 21.3407726778734
714.37890625 5.57300025874154
733.459350585938 2.97268718672666
747.398681640625 2.96932372173275
760.360595703125 1.85124847170929
770.379577636719 2.32556285913956
775.493286132813 2.12865297367209
778.42041015625 18.2066012705295
787.347961425781 2.03554361283022
789.380554199219 5.53380866150444
797.411437988281 2.55998838639111
817.425354003906 2.51790656034105
865.420104980469 2.09758376888743
868.503601074219 2.52808527406997
877.4892578125 15.338484530827
887.459411621094 3.16332368391937
897.531921386719 1.86303911198782
926.438110351563 12.4735366747755
943.467407226563 5.8904264578808
976.550659179688 13.4000767471531
986.531005859375 2.8010419774016
1026.50305175781 2.99032012526032
1046.47546386719 2.61804916579486
1054.49682617188 18.1106797584986
1085.54333496094 2.36593284203951
1087.59375 3.05400538210419
1104.60852050781 15.3554912728123
1116.48388671875 2.71176787347364
1125.57360839844 2.55209423093891
1153.56286621094 14.060407572199
1187.5888671875 4.66613036442293
1224.63928222656 5.57941527212328
1241.66088867188 14.9101235517126
1252.63049316406 10.6566783327941
1340.72424316406 7.44669714144865
1351.68347167969 7.55155679079258
1422.75451660156 3.77608160267102
1430.71862792969 3.5212879691835
1453.79357910156 6.83379392128935
1466.75903320313 2.42253089142939
1470.65734863281 9.63133067729363
1524.83923339844 27.744131048565
1653.88537597656 7.16485451302671
1656.86022949219 4.2748692987579
1750.89672851563 6.64858915834422
1767.90625 3.83226720613753
1828.77697753906 3.15167602547781
1914.83605957031 18.8664046339595
2013.18359375 12.6671032711373
2014.32531738281 17.3796795806356
2027.44470214844 11.8723908768922
2030.50769042969 100
2033.38525390625 68.1346114255224
2034.9482421875 26.9034498405536
2042.58166503906 14.2587233363164
2045.6416015625 58.3467850925657
2049.52221679688 40.3612886239151
