1561.9093 80 1
86.1134262084961 2.23102022789264
112.091926574707 4.28245648668747
175.126586914063 20.6693672826518
230.121078491211 2.01594161769861
262.127471923828 2.00099861012751
272.17626953125 11.9693074357299
284.167785644531 2.80375112243663
288.167205810547 2.8156507787321
298.181274414063 1.94103041845782
300.174407958984 1.89263509319182
312.157501220703 2.43085574143639
330.167541503906 2.2124390222831
345.146697998047 2.91444235407741
379.227905273438 3.3679463288307
383.205200195313 2.36190328248609
385.245880126953 3.05654587147079
387.201354980469 3.66236816850274
397.252655029297 4.88051443070357
398.215118408203 9.26319314123292
409.217742919922 2.55276178229647
412.189331054688 3.22903398428524
430.232360839844 2.63834658232629
458.229858398438 7.03616323882387
464.26318359375 3.08568946046459
471.245513916016 3.4942166753141
480.242828369141 19.3989799102463
482.260559082031 2.59503753775199
494.251892089844 4.11784515413139
499.253753662109 13.0788600279905
508.301208496094 9.78466228814527
510.338134765625 10.2792126500401
512.27978515625 5.61976906829997
526.260864257813 2.79998641306604
555.234985351563 4.76898464231804
555.364501953125 3.74396941112689
563.344299316406 3.97932960130435
571.301391601563 3.50552066294609
573.253112792969 13.0330360024826
581.364929199219 7.60778429899736
593.327453613281 27.9175631108608
597.269226074219 2.98198939140187
610.296691894531 3.52679041737346
625.348876953125 7.11891039068202
627.341735839844 14.6645721506451
628.305114746094 14.7168751554484
654.335571289063 3.86785651748875
664.356750488281 3.54376026812103
670.312255859375 6.51028772250859
682.3818359375 3.61802316089286
688.404968261719 4.97609480512581
696.436462402344 4.36040938463564
699.311401367188 16.9693277469772
706.414978027344 19.3343980691163
725.334899902344 3.48920542209757
769.367980957031 17.0210014257373
783.400512695313 4.36064805581863
793.438171386719 87.807419144291
796.445617675781 7.58124543810508
838.393005371094 5.86904831920052
843.456970214844 5.52845402074494
846.376403808594 16.6657077738034
856.391357421875 15.9630267071132
872.45361328125 5.58385238669724
882.458557128906 4.12953692106717
926.406494140625 4.17369592927143
951.463439941406 10.3595669532101
958.435485839844 4.37371430365615
969.478759765625 16.063595856317
974.439819335938 10.4188888405608
989.548156738281 100
1054.51135253906 4.14743971453473
1073.42541503906 3.68094801523653
1082.5546875 13.0407673216674
1092.57360839844 5.10057697632813
1104.57409667969 18.3670547169741
1153.60363769531 9.15225757606158
1187.59606933594 4.00102409645585
1208.63818359375 3.5418533534004
1253.66516113281 4.35428143363023
1274.71887207031 4.83158683819055
1299.61901855469 4.2508242789496
1307.71704101563 3.86958493730468
1351.6474609375 4.98216401763115
1378.6640625 5.97290156424434
1385.57141113281 15.4472270703636
1411.55041503906 10.7363338577899
1424.54113769531 5.836715913474
1446.68737792969 6.51952604366483
1564.17163085938 12.213605241011
1568.09765625 13.2499585807658
1571.19299316406 31.2481200874555
1573.19360351563 37.4853203546034
1576.32702636719 30.3169756422585
1577.31945800781 45.4945950312091
1580.212890625 29.7799518742389
1584.82507324219 18.5527786302517
1592.0673828125 12.8115621898747
