1561.8867 80 1
112.0947265625 4.22083627711355
133.418792724609 2.15420691605832
175.132385253906 17.3355615847773
230.120590209961 2.94679560649202
232.120849609375 2.54609748147177
272.161254882813 4.60927751267962
284.159637451172 2.72534978554489
288.224426269531 2.50938761320117
329.150573730469 2.56155205546068
379.241424560547 4.457595030484
387.187103271484 5.13437340708324
397.246551513672 5.17001132039773
398.212554931641 5.62161983091559
399.208923339844 4.27107916960071
432.239501953125 4.20181527647877
458.205871582031 7.15892896406458
471.246063232422 5.64282703641535
480.237640380859 20.2616577797802
482.245483398438 4.61292593956498
494.265350341797 5.05870462896638
499.260009765625 11.9134539460333
508.291046142578 15.1798177589737
510.326538085938 7.84005987580412
511.318023681641 6.28897498333288
573.243591308594 11.1085740069829
581.372619628906 7.48720469878167
583.308532714844 4.57516249857802
587.338073730469 9.34614722244308
588.316467285156 9.3251209599833
593.317993164063 30.3779084825681
596.335021972656 3.53952287731292
603.311706542969 5.85945377851935
625.345947265625 4.95488577698291
627.355346679688 19.6799988382565
664.33837890625 4.16518146977279
670.288513183594 4.51802733716522
674.365539550781 4.25315846979222
682.076293945313 4.02111859713477
688.404296875 8.93269276233908
689.373352050781 15.4882237760927
691.353881835938 3.91827419698567
699.323852539063 20.2225494330346
706.405578613281 19.3014020206943
725.285217285156 5.13312889258236
769.353820800781 14.1482629979423
776.418395996094 4.39612601464064
787.350219726563 5.48190933101507
791.434020996094 5.04390034207104
793.440063476563 100
843.426940917969 6.33510397621238
846.3662109375 12.2575776206243
856.391235351563 13.0532012680005
861.356506347656 4.64095601094001
872.360534667969 5.011525688903
888.454650878906 5.70635770735408
889.451904296875 7.63459907146142
892.465209960938 4.93856726406134
951.4560546875 13.2054057917594
969.459594726563 16.6002515934842
974.399963378906 7.81833758133609
980.495910644531 4.93458750037698
989.54931640625 99.5462368522075
1082.54858398438 14.5934833728986
1102.45703125 9.47625548639804
1104.57531738281 16.3326099750518
1153.58483886719 7.61504538968623
1274.66809082031 7.51936504172096
1385.56750488281 15.3774860737978
1411.57104492188 11.8081368098323
1446.58239746094 8.04444847061338
1571.07592773438 34.3373389868895
1571.2744140625 39.8576555762093
1572.11975097656 51.9774697044396
1575.21765136719 30.258540573288
1577.43603515625 53.7889063843958
1578.32080078125 55.7440356454685
1579.88488769531 40.9429357073008
1582.33386230469 26.5577138757548
1584.14025878906 26.3952226014722
1589.689453125 27.4100598829955
1590.13513183594 28.1930192732787
1591.353515625 33.2423808435901
