1582.8523 80 1
70.0816497802734 3.76743401749536
101.089454650879 4.52452262598113
112.099319458008 26.6403596199314
129.130111694336 13.0503920702758
157.124359130859 2.61580242854158
158.11555480957 6.00530597108644
159.093856811523 2.43429930968272
175.13542175293 67.6215034111022
187.095565795898 3.14477681917755
201.132446289063 2.57803533201707
215.145568847656 8.44783472202083
217.111114501953 3.00127225720843
232.159378051758 18.8913092904796
272.166046142578 3.74612721545042
286.177429199219 2.85806452145941
287.198760986328 2.61336925922783
288.170593261719 3.04785523193807
315.14501953125 13.0951418733802
327.147338867188 3.71254994804259
341.179779052734 3.14315330585182
355.214874267578 5.98954877737621
362.196350097656 14.6604003562549
373.224822998047 5.5958877748952
375.217010498047 8.13515959893099
379.230224609375 22.2002115298539
381.231781005859 3.460940151749
384.169128417969 10.2065599004054
389.220367431641 3.24304462490003
398.231506347656 4.37466515070075
399.237213134766 4.64311560481849
401.201232910156 8.36076795086212
402.1796875 19.6464904746797
417.219604492188 3.53061865459494
445.219543457031 6.9473573802296
455.207366943359 28.6646010217417
462.249542236328 4.57235344191091
463.244934082031 8.75766547950195
473.218048095703 36.8284105290271
480.263885498047 27.3592153699202
482.270965576172 4.87210557643353
499.279907226563 7.93163441697274
501.2119140625 5.41492447472142
518.253051757813 4.8330037704731
530.296142578125 4.85073230200542
540.307006835938 4.1965865928928
546.270874023438 3.77612177470603
557.280090332031 5.40213001057044
564.2880859375 9.99154835518402
566.286071777344 5.38394850553614
574.289367675781 4.91643088761364
581.314636230469 75.3095870734359
586.291931152344 25.3994889948973
627.385070800781 5.79283386223911
628.307678222656 7.83794134508815
642.341979980469 5.63806466914405
656.336853027344 5.34534754195358
669.337036132813 28.6133031068158
687.354125976563 24.8820824414346
692.333374023438 6.63282181996525
699.376220703125 13.9731121070456
710.362609863281 17.8539259949143
740.425231933594 4.89878134606602
752.399536132813 4.98659013090643
755.376953125 6.79303135172407
758.448669433594 5.21987709775269
768.408386230469 17.3525316438328
780.363037109375 7.33343174796153
786.414978027344 6.16747991333906
787.429321289063 6.28316173144711
793.4716796875 10.1266233729349
797.395751953125 23.9686554904946
846.461608886719 8.70294956777381
874.429138183594 6.23050776607307
879.417785644531 6.55989192198627
896.445983886719 14.0685359736338
948.494262695313 5.25227661561322
971.625732421875 6.87712123321902
974.496704101563 7.57751271408409
979.463500976563 5.79636248882001
990.614318847656 10.3360651156799
997.510009765625 11.1387053453491
1011.54772949219 28.8665289761848
1072.52001953125 4.70785772348943
1103.548828125 6.38256873112097
1110.58483886719 8.6524366424756
1181.63171386719 12.9467175597398
1268.63989257813 8.81960992575372
1376.67993164063 7.3808846614196
1385.69287109375 9.21153026698699
1467.61865234375 63.4782053314659
1538.69384765625 14.0601455382757
1583.10559082031 100
1590.09118652344 18.2224705566832
1593.24389648438 26.8179293821892
1595.23156738281 40.3202658831148
1597.23913574219 42.8560938683017
1599.37756347656 42.4607445802464
1600.61657714844 50.7746730953896
1602.87927246094 36.1956078261826
1610.01989746094 25.9759292027251
1610.68774414063 23.9126559367649
1612.60571289063 24.5040163879499
