1713.0209 80 1
70.0758438110352 .953176802518189
72.094596862793 1.15142617830476
84.0956878662109 4.75718675052391
86.1132583618164 1.34565761187968
101.102233886719 1.19629623114188
110.086555480957 .692793689966507
112.104438781738 6.50523160140477
129.123794555664 3.42535960169525
158.113616943359 1.34044352078921
171.157730102539 .902768989286691
175.133255004883 28.7097357190196
187.095428466797 .61248896430366
199.151763916016 .800025295822949
200.154708862305 .838450277074338
201.105773925781 .910054956505037
213.179016113281 .666697858171285
228.163772583008 1.26530393157292
242.16340637207 5.13309887511676
246.170791625977 5.57324507952429
256.171661376953 .920581872335548
270.200347900391 1.87922023933733
287.155120849609 1.37680965082815
296.210906982422 .659556818412311
301.165740966797 1.50998255798392
302.114685058594 1.68081100892236
304.172912597656 3.55840199216803
312.246154785156 .872583326270243
313.243377685547 .767894151552935
314.180572509766 1.03573819199132
341.232025146484 5.26237128827725
343.189056396484 1.00439611744252
344.178283691406 .857947664005166
355.249908447266 1.48339353855929
357.224761962891 .993490651592081
358.179626464844 2.16537366812111
367.206512451172 .812126167071245
375.210754394531 100
383.283294677734 1.27450883559693
384.241607666016 1.18111157506867
385.210235595703 2.62546398886115
402.208953857422 1.49169532785982
412.204681396484 2.42740324881535
414.213836669922 1.28756923901944
415.194732666016 1.84090490130762
429.208099365234 1.28547054469336
430.207305908203 4.02050553492073
440.255676269531 .954735266156937
454.299926757813 2.00573429457826
456.257629394531 2.00948713760964
473.206787109375 8.49042063640788
484.274658203125 1.82383248796715
486.231994628906 1.73494192905757
490.233123779297 12.2153886689414
500.234436035156 3.36630246380935
511.332611083984 2.27292843622123
515.287048339844 8.06280119651862
524.323852539063 1.33728908971893
525.280151367188 1.63599686958654
526.251403808594 1.34159560520014
529.260498046875 1.41807649006595
531.2919921875 1.3459865850959
532.308410644531 2.02361460730631
539.283386230469 1.27055687654294
543.285766601563 7.99743962626994
557.255981445313 2.53543597251756
558.272521972656 1.64705431663309
572.290283203125 2.84221600204882
582.330322265625 1.27795709407629
583.380004882813 1.41942677592459
586.322021484375 4.021303193558
589.299987792969 8.10612930094889
597.317749023438 1.70290644807851
599.296020507813 2.64550335785916
614.330688476563 8.51946171203899
628.333190917969 1.48577750559719
642.346069335938 1.52181889932816
645.407897949219 1.42734039972547
656.342468261719 2.41184915425249
657.36083984375 4.94290761041238
667.361206054688 1.68296714726285
668.369384765625 1.94668162379973
685.353881835938 17.164372142649
697.326843261719 1.22544148121002
699.388366699219 1.25873867737849
700.345092773438 2.20027102196737
713.380676269531 1.36196086150175
716.423095703125 4.79257762641047
717.365966796875 9.61707672923812
722.323364257813 1.56655711650351
725.434326171875 1.37084092345063
727.371948242188 1.73496263453574
739.403991699219 1.41967974609955
756.43212890625 6.17829399251336
757.42919921875 3.92471233700001
766.413757324219 1.44355423254098
769.398254394531 1.94076946319129
770.433776855469 1.55502620584862
784.424072265625 19.9658124881795
788.407104492188 1.79949085906097
793.400695800781 2.8765017852542
798.438720703125 1.48386730080432
813.417663574219 2.11226343224693
830.438171386719 8.62598592220205
843.374938964844 1.43430819131094
851.36865234375 1.71093377780456
855.496215820313 2.23286204187567
856.45458984375 2.1381918175088
871.378356933594 1.6458371978582
883.498229980469 10.8458367610522
887.4365234375 2.20742650672152
897.398803710938 2.13642204662614
929.510986328125 5.57988974619567
959.556213378906 2.97701488651411
988.404602050781 3.63363512311035
996.572082519531 4.50025425132642
1000.40399169922 2.85580516664275
1002.42022705078 4.74748318541964
1013.58355712891 1.7817838427238
1027.63269042969 2.73104669704102
1028.58081054688 5.14297713024987
1073.45434570313 4.83805735852267
1088.56494140625 3.62537259209325
1099.60595703125 6.11247535878871
1124.60278320313 3.1190009112242
1126.54821777344 1.79364106375095
1151.49487304688 1.73608864422942
1158.51806640625 2.63107557162669
1170.63745117188 5.68171580372618
1186.52709960938 8.04701416532638
1223.67932128906 1.85439725783655
1257.55480957031 4.18778355007576
1283.72131347656 10.8202213968293
1315.54016113281 1.85834463779441
1338.71826171875 3.79814129192134
1358.61474609375 2.12563170522522
1403.65759277344 1.70805006712835
1412.76354980469 34.5063043124104
1457.65869140625 4.36227453755051
1510.73620605469 3.51705571556687
1526.0625 1.99215508454114
1527.73522949219 4.747242932191
1533.67858886719 1.81834553625289
1535.68273925781 2.44300184024715
1538.69567871094 2.37454753851563
1549.89685058594 2.54827545943804
1584.68530273438 2.44535201156468
1713.28076171875 22.0803553646178
1718.30151367188 5.17991256761444
1721.24389648438 4.50503263768687
1723.28784179688 6.66381047868095
1725.38977050781 10.6540527672581
1727.41088867188 18.5121723484503
1730.43933105469 12.1227667937296
1732.24340820313 10.1559389885372
1732.62487792969 9.89426196091565
1735.58984375 6.30914086815187
