2045.1650 80 1
70.0805587768555 .890372942323506
72.0935516357422 2.02174181432479
86.1130218505859 .828899364335654
112.100021362305 .775648794654531
129.122528076172 .585912723000428
175.122573852539 2.637123749592
201.121917724609 .701933555917036
213.170562744141 .924940063610863
215.155181884766 .878170938930556
218.157424926758 1.52562911405598
229.125579833984 1.38861145379866
255.117233276367 4.19765546067377
272.144927978516 2.76083426971727
288.188079833984 2.41527594203725
300.19921875 .833386979079402
302.116607666016 1.35776167144247
313.204284667969 .934184922719665
314.211242675781 1.00179091149816
329.192657470703 1.24237711874677
343.202514648438 .893335024986903
344.150177001953 1.46462787386929
347.202453613281 1.94735691895364
354.193206787109 3.39231245645356
359.188201904297 1.25970669881762
371.198669433594 1.75849889415224
383.217437744141 1.1879203405888
385.242523193359 2.21818000709733
401.186187744141 2.98439209269376
417.151641845703 1.10125614811657
446.269714355469 2.12374223143966
470.251129150391 1.01589533780827
472.256195068359 2.95208613031341
483.217681884766 3.7822658177872
500.249359130859 15.8620649066232
517.263427734375 7.14031621419313
518.265441894531 8.58651585421741
530.239685058594 1.52717665210783
543.298706054688 3.60451068527361
557.277893066406 1.58789455387877
575.301147460938 3.77891477631658
587.288024902344 1.41098700599768
598.252502441406 5.80992236130875
601.286315917969 1.69849633121024
611.314147949219 1.62114439650321
615.270629882813 100
627.268493652344 1.67346488063337
629.27685546875 2.1159152701727
661.314575195313 1.26128044233242
669.286743164063 5.87892789583329
681.290710449219 1.16921025087577
686.31005859375 4.85568790198856
690.327392578125 2.08481986846944
700.337524414063 1.53570742269083
704.313842773438 2.25865573014164
711.310668945313 1.45646315895793
714.395324707031 4.33495976803707
726.297546386719 1.55393021232368
737.32666015625 1.31884208268176
743.332336425781 2.49477643837744
747.354064941406 9.84912604642979
752.322265625 5.88924373024987
759.354370117188 1.5713181430557
760.349365234375 1.5279050984404
770.324096679688 10.029863148744
787.358520507813 4.31722849706446
817.406860351563 1.35993330482715
846.40966796875 4.2093076750765
865.407653808594 5.26813685734811
872.452758789063 3.28346246516733
883.407409667969 3.62515049857503
900.440856933594 3.59864343578173
902.479675292969 1.58759435386855
915.41845703125 1.69496107204789
933.442138671875 8.90337481435906
970.475036621094 1.48067975548417
971.49267578125 2.26503272154151
982.458374023438 2.90394014429913
999.502563476563 3.73259413107662
1046.51611328125 6.13853338194386
1085.56994628906 2.75872178076127
1100.54272460938 1.57905629144129
1112.57348632813 3.29164676497974
1145.59057617188 2.67657703008772
1171.63610839844 1.51071685988983
1199.62976074219 2.45772992461057
1217.63354492188 1.86254368733504
1259.65307617188 1.8181914073677
1270.67407226563 2.43264587858468
1279.68200683594 2.20316510081663
1299.65515136719 1.70081992255686
1355.67944335938 3.83238692643763
1359.68029785156 2.3740135460751
1372.71667480469 4.39287039885188
1373.71166992188 9.00025754030347
1398.69274902344 1.89864139599965
1430.74438476563 11.6875833851023
1453.74304199219 2.39463523793461
1470.71398925781 50.2822392179538
1519.73327636719 2.43919469281362
1545.73107910156 2.28117159625812
1599.74206542969 5.10611431784165
1800.80249023438 3.12480626346097
1827.79064941406 6.08564880430573
1916.72338867188 15.5875473572324
1929.75817871094 9.03294729802541
2028.24829101563 8.94482679827172
2032.60363769531 7.1923925551611
2045.4423828125 18.7709290437309
2050.35668945313 8.77103036091625
2057.5859375 6.63079278156429
2060.58666992188 8.30071276965642
2063.55444335938 9.16529470383798
2064.6767578125 11.1641980674741
2065.78295898438 9.76714179268412
2067.68408203125 21.4459869777771
2073.533203125 8.60715001729396
2074.68627929688 8.08086262200861
