2129.2092 80 1
70.0807571411133 1.16110348545376
71.8914108276367 34.2629462775368
112.101066589355 6.06097871642991
129.124252319336 3.12370038649754
158.113845825195 1.34630665614782
171.154678344727 .98709172100196
175.130554199219 29.5298512278687
199.150955200195 1.72867817085514
214.133117675781 2.09488367123095
231.125152587891 1.48788541474598
269.16162109375 1.19009097146831
287.176483154297 .853582167534178
304.167541503906 27.0799598744824
313.205047607422 8.0617883428849
328.196990966797 3.45432212757062
330.162353515625 1.51587422253984
360.165954589844 1.8715720488895
371.191131591797 2.55658267150099
384.268585205078 1.91560951644856
386.175537109375 3.79074486514474
412.25830078125 2.80365015372089
415.200714111328 1.79130321910734
427.259735107422 1.51548989370228
433.205718994141 65.3194434706718
443.207244873047 1.354078973615
457.232696533203 1.72835980100096
459.240295410156 3.60346804326561
469.237670898438 1.29042122077343
470.248382568359 1.69986241050548
485.226776123047 2.74846516504876
496.214080810547 1.27883705105273
500.236602783203 3.16650464328494
513.222717285156 1.41106393941756
531.205993652344 7.05210156282897
548.229064941406 10.9399938788449
556.300842285156 1.81982263415176
558.305480957031 3.01470429703004
567.285034179688 2.55184213730905
584.312377929688 9.23357644521513
586.273986816406 2.15487695100077
595.266052246094 1.24895851677951
599.300964355469 4.24948071966033
615.279602050781 1.6388957529977
617.360534667969 2.05830078078705
640.013793945313 1.44975761364715
644.306030273438 1.50793228118819
655.367614746094 1.73140349092531
657.342224121094 1.97890383212695
659.342529296875 1.67755975233524
661.308471679688 100
666.361206054688 1.93492221138462
671.302001953125 2.21381112148981
683.366638183594 7.81851941196227
685.357604980469 1.47702717911162
687.309509277344 1.55392609811117
694.31396484375 1.29395074417768
703.357727050781 1.33000928799354
714.340515136719 1.60021925993435
716.33349609375 1.34059910574424
728.374572753906 3.04107134216108
730.367980957031 2.9634916710476
732.357543945313 1.22112106698796
758.317626953125 1.77813464865126
759.308654785156 6.60133158679975
776.3349609375 9.03041239246094
782.25 1.52428232112922
782.440551757813 2.43765616148214
783.432739257813 2.02347783159526
800.347106933594 1.3206822538561
812.395385742188 1.93262714514337
830.337524414063 2.03765910934096
889.412963867188 4.50549987385923
911.493957519531 3.71796419739227
945.43212890625 1.42880104894166
988.469055175781 5.8259562132667
1010.56146240234 2.63182264019865
1119.50463867188 5.3706664255347
1141.56201171875 1.95077159415934
1218.56567382813 11.9933214449325
1221.23303222656 1.39750527484736
1221.583984375 2.02884919803636
1347.62915039063 3.63254516281904
1446.68676757813 2.76939386195763
1448.27087402344 1.48200991913033
1490.63464355469 1.5647399773497
1545.73986816406 27.4877890617016
1616.85620117188 1.52885008048601
1643.73327636719 3.44732584292948
1660.75524902344 1.72836786413237
1717.802734375 2.12371411308439
2044.93701171875 4.89957649608532
2080.94018554688 9.27633654282778
2084.98608398438 8.71829842749014
2129.45727539063 17.4379189516853
2134.48095703125 8.83147507171839
2135.3779296875 7.27763072403625
2145.65283203125 9.48105517465612
2147.64086914063 14.9836278254332
2148.54125976563 16.7707462151276
2149.68017578125 20.0789392123036
2151.6884765625 21.8640803277074
2153.98974609375 16.9316659905256
2159.033203125 12.9423301798851
