835.5203 80 1
70.0728073120117 8.25600402125639
86.1003646850586 4.16729270523004
110.07975769043 26.5389726163057
112.100509643555 8.46214298591083
129.127334594727 3.84433007716313
156.079345703125 2.97649137447923
158.101104736328 4.20203205065875
164.132614135742 2.59783467624645
169.142318725586 9.90346149688589
175.125015258789 76.2562986556216
195.112411499023 2.32884269946033
197.137405395508 20.9897008692319
215.142028808594 3.9638473495311
239.123291015625 14.3200476469188
244.091278076172 4.17104277207781
251.163650512695 4.13100363463687
253.155746459961 3.89454645688613
256.097229003906 2.76117131412553
271.184875488281 4.10671591109025
279.14990234375 2.66798807162249
286.128143310547 2.50975813424673
286.532409667969 2.58401872957437
288.204742431641 34.9407604818147
292.205108642578 4.0792096245499
310.198608398438 4.14690588359515
320.23486328125 3.24951286652671
344.186614990234 2.58257476801118
348.207092285156 11.751868273818
352.204406738281 8.27180267578054
356.202301025391 3.57914909097875
369.208099365234 4.94422316742203
370.220642089844 3.5884658732051
371.242523193359 6.33763235714505
380.18994140625 5.11401114000151
389.256561279297 23.5755464384139
419.281158447266 29.6468971463502
431.252075195313 4.23950792292798
447.279266357422 31.4012896002441
449.274078369141 9.1661254705997
465.285003662109 4.75566565434353
466.282257080078 5.70094807374109
479.235595703125 3.59976007176286
491.271057128906 6.65988952929711
491.867462158203 4.4743127565372
497.250335693359 5.02541882617723
504.294250488281 6.24927942672727
509.288330078125 42.8706484671993
520.318603515625 7.33500133467474
526.311279296875 26.0559738695658
530.306945800781 9.48469169127634
530.900939941406 5.09233771273125
536.277648925781 4.05650483179621
544.309265136719 4.57320233395329
548.32275390625 27.8707288555538
562.339050292969 4.49697414813145
579.3349609375 7.46240454738107
580.367858886719 4.23965562227599
622.374572753906 4.63776877432959
633.39599609375 10.2051252108484
639.395446777344 8.36804649286134
643.396728515625 6.48026873541821
661.403747558594 9.95837069823956
672.343139648438 8.57857397216647
678.419799804688 6.03479139564104
679.39697265625 8.4123910039388
701.363342285156 5.80490208185313
708.417785644531 6.28024697354949
719.41064453125 25.2778850097612
736.434204101563 21.4168021295958
791.434387207031 13.6312089598921
793.407775878906 12.3177908151345
800.458435058594 6.6746214079091
806.36572265625 11.5622359228304
817.499755859375 7.59933278235953
825.570068359375 11.8893059201063
828.000061035156 9.53296589583927
828.455078125 9.9021474181028
832.108032226563 11.0295342253134
835.736083984375 100
838.730895996094 26.0514198122744
839.738464355469 23.3764271926095
840.75390625 25.2397836378798
841.744934082031 29.4654550716329
841.95849609375 24.7406027438997
843.181213378906 27.4943981859826
843.3408203125 23.9090519225531
846.440673828125 10.9699980969055
847.335083007813 10.1856272577868
