1835.0204 80 1
70.078369140625 4.66798503599374
72.0918426513672 1.59002470065236
86.1091232299805 3.08413133675687
101.084457397461 2.55909527441841
112.100311279297 10.7432408087222
129.121429443359 4.13771798343738
158.104354858398 2.0569676558815
169.108383178711 2.62521848116373
171.158554077148 2.20378394007309
175.128524780273 75.2369572901184
185.139709472656 1.12754246947217
186.128479003906 2.95998587470521
199.158996582031 5.40529595054293
201.128112792969 1.27199723474374
214.17121887207 1.11112063561409
228.14567565918 4.46035116394024
242.155776977539 1.98434436185075
256.177764892578 1.1268491836001
257.164947509766 3.7303181031243
269.159759521484 1.73517850616673
270.187225341797 2.98867481549791
272.174774169922 1.48386286746375
274.192535400391 77.5112125855412
284.189636230469 1.50184035892519
286.156433105469 2.59328468991427
297.161773681641 34.5367240148417
299.171600341797 3.24598020184631
300.173431396484 3.90728207890223
313.22509765625 1.84046699334428
314.182983398438 2.4403834437295
325.180572509766 1.55658510816631
327.203918457031 2.9247331031644
339.183715820313 1.52732409740989
341.221221923828 4.42752239879718
355.226287841797 1.42722639111674
356.199157714844 3.7887289922391
357.185211181641 4.92929119757951
368.211120605469 2.09073369755989
371.216094970703 4.07188354633617
382.251678466797 3.74567283079799
385.212768554688 21.6352945168459
396.223663330078 3.75988295534413
399.225006103516 5.11740585220258
403.228149414063 7.39521339371566
410.241882324219 14.3004231291765
412.242492675781 2.46269878650034
413.237243652344 2.64160147747327
414.212341308594 2.51171706391816
425.253173828125 1.52949741455803
426.266662597656 2.70085490979115
427.257385253906 2.90898262443424
428.220886230469 8.56013376124891
439.245056152344 2.63370991921166
440.26416015625 1.93997050296028
442.243347167969 1.66744820878932
452.260009765625 1.50171741492408
453.252716064453 2.978361308516
456.239410400391 6.45147086974779
457.242523193359 4.17015255637054
470.286560058594 9.97397163794025
474.263885498047 18.8797099118176
479.239624023438 2.23119934776634
482.265533447266 1.98962049626497
484.252502441406 2.66210547617444
496.282287597656 3.73422145490565
498.287902832031 10.1830989740733
499.290313720703 6.25711202809026
500.276641845703 2.58521625156064
507.259887695313 6.53699870533999
509.299682617188 2.98903935399244
513.259460449219 5.44658628623386
524.278625488281 29.5420031992505
527.279357910156 16.6941145043068
540.311340332031 2.53779774264994
541.288757324219 3.67823274611121
552.317077636719 2.00182193567488
555.304443359375 3.57440683112829
566.326477050781 2.26159012143109
569.326721191406 5.50426225491194
571.326965332031 2.06262721310283
587.34765625 15.9933738895016
597.317016601563 2.65399598225632
598.344177246094 4.95954358130068
599.342224121094 2.10453235787626
609.366821289063 5.95154974061378
610.339050292969 3.12664271250287
612.328125 7.73222105463803
620.343139648438 2.81917738514833
623.339599609375 2.69439430140826
626.345886230469 26.9442272764333
637.362182617188 21.2540157561982
654.367431640625 2.34697671661744
659.337280273438 1.50817894970721
667.328857421875 3.31214032207812
680.37255859375 2.92924007596379
684.357788085938 20.8116885736902
691.375732421875 2.14608604065086
697.408142089844 3.59815150257744
701.386840820313 12.1441521017617
708.398803710938 6.91013476418406
711.383911132813 2.02571504494713
712.363952636719 1.87875878524232
725.41015625 12.9724405705623
751.41455078125 1.49204732853977
793.443786621094 1.63477197010119
814.470336914063 8.89276275580515
820.393371582031 2.04827681018187
824.448547363281 1.98563127430751
837.435913085938 7.00060608524269
864.467712402344 1.65990688326467
924.466491699219 1.6553690720265
936.486572265625 5.09089975979126
942.524536132813 7.9114885869671
954.490905761719 1.82748060788468
1002.44396972656 1.81978578496639
1013.56427001953 2.50155375848288
1023.53631591797 2.205355916573
1068.57946777344 2.91196812736221
1076.54943847656 2.51137898127665
1077.54846191406 2.14278780638026
1093.58349609375 10.5978479340458
1110.60339355469 28.8102786295806
1209.6640625 7.54411548586348
1249.64233398438 2.16420347199475
1266.68640136719 10.3027242532144
1337.71984863281 7.94719835887257
1450.80139160156 100
1460.74291992188 3.01549064626647
1548.78442382813 4.93698384702032
1565.80554199219 5.44551123438588
1636.83984375 2.42178025798274
1643.06323242188 7.09893819738573
1835.435546875 78.1402104141132
1838.29968261719 42.4884160562333
1842.41625976563 8.03119428477525
1847.41174316406 9.88977208213861
