1020.5693 80 1
70.0748825073242 1.86304512623517
73.0738143920898 1.15856787512956
86.1091537475586 10.0175326737285
104.065383911133 5.88814030554769
110.099067687988 2.63062868824747
112.100601196289 7.65063624753311
120.097221374512 1.01219634129929
129.125961303711 2.91245532270111
157.112976074219 1.96266872351932
158.106399536133 4.09944347991965
175.12922668457 69.7587591943003
199.199005126953 1.54425277465402
215.156692504883 1.35954597812125
217.154388427734 1.5421288184119
219.089645385742 1.85283572604199
227.183547973633 2.13032093131215
228.163269042969 3.31419763686616
229.147659301758 2.98887540457615
235.117858886719 2.99582370811747
243.141250610352 8.36352086729588
246.164855957031 9.05086822670506
247.091903686523 17.8977256398512
249.07763671875 1.30578158904087
263.114776611328 1.18955586015491
267.140594482422 1.21921792855253
271.186614990234 14.9912235145918
274.196319580078 18.0809931889894
277.13720703125 1.7682577983049
284.213012695313 1.50984530100853
288.217651367188 10.5194080474942
301.127319335938 1.10766177582375
317.195404052734 1.28222744538241
324.143493652344 1.3283755524105
340.150939941406 1.16099902432038
348.201843261719 3.86348204209994
356.231079101563 5.0973585954258
357.199310302734 6.15400459488659
374.188201904297 9.12296810014243
376.158874511719 2.27157569318905
378.128082275391 40.7760302109715
380.119964599609 6.20263324926036
384.271514892578 7.90687485333717
388.264190673828 1.27904979215221
389.224029541016 2.13546972437714
401.296539306641 24.0310243258449
424.183837890625 1.43060884106265
447.267272949219 1.56504543722958
463.205841064453 1.42960948569863
467.251892089844 1.35917108558592
485.282043457031 1.57487175327032
487.250915527344 2.94442864015272
489.216705322266 3.55774440981718
491.212890625 22.0708315898415
504.268585205078 2.42770748398906
505.236694335938 2.429862968092
507.165008544922 4.31427243093397
513.314819335938 4.72252609784611
525.258911132813 2.72641178359885
530.341064453125 5.81954254937486
533.21337890625 2.22439376900724
542.347595214844 2.76408264111845
557.278564453125 1.54948482845519
592.286010742188 1.81111258296178
602.282958984375 2.31588900221274
620.249755859375 28.315332435248
623.277160644531 2.17637256578988
626.395874023438 2.51975732109417
643.420532226563 4.1806394462887
668.418579101563 3.62870772378466
669.335327148438 4.88769797751584
675.365844726563 2.53716090487524
676.346923828125 2.0937589162208
679.344848632813 6.22646297762509
733.333374023438 4.09758232405362
774.476501464844 3.30983167302218
905.473510742188 41.6466740349773
909.485229492188 3.08329287478302
962.551025390625 2.23648231593291
1008.58380126953 4.01599890369535
1013.71710205078 3.24750087660972
1018.72235107422 4.8060434121227
1020.81109619141 68.2375013338086
1023.81683349609 22.1296634477169
1025.85888671875 50.4709635283964
1026.85485839844 100
1028.91967773438 66.3388902083555
1030.42431640625 25.3351853631095
1031.30114746094 14.1503547061109
1032.86791992188 8.3398730644435
1033.40161132813 7.57951632095394
1036.48364257813 3.27129418479636
