1417.7432 80 1
70.0780792236328 1.74240112144139
86.1072540283203 7.53474901998509
112.097320556641 8.30174866606359
129.126998901367 3.66758259761392
157.118530273438 1.52567663295016
158.101898193359 3.70995396835695
171.122039794922 1.52171909077007
175.129135131836 68.5973367553577
200.158264160156 1.87756709338688
201.143768310547 1.33157651522361
226.120941162109 1.09029174931932
228.146957397461 16.0533765742824
245.13801574707 1.26249974218655
246.170028686523 2.03237309672495
259.103820800781 2.50689621081932
260.112457275391 1.1266763311587
261.116516113281 1.16171802564735
271.184631347656 5.74745356097014
285.157440185547 1.584686570532
288.215148925781 9.96359506404272
298.159942626953 1.11781089323621
300.169708251953 1.87540942570945
302.114898681641 3.34264520093844
312.180694580078 8.27581903673799
341.224517822266 3.74270762216744
344.153045654297 1.87687356382361
358.167358398438 3.5665412857064
373.173828125 1.99117045583149
385.241760253906 2.20717249894617
390.153228759766 2.36409329208849
398.238525390625 3.34963464796256
401.179534912109 3.10687517334176
402.223388671875 5.40785217343604
414.193328857422 2.72213212927053
415.193054199219 7.14267181353345
419.247955322266 28.1374638012432
421.239898681641 2.46793913119912
446.278778076172 2.20045208516828
473.207397460938 4.88291966110415
486.273162841797 4.28947245329936
495.198699951172 1.77079484278993
510.277008056641 1.71608973264102
511.225402832031 2.01433548537103
512.221496582031 2.26115637255487
514.258178710938 3.41667390941714
527.292419433594 3.3875140544508
529.247436523438 3.74359752271916
530.236267089844 5.38673392770154
540.189086914063 2.66429538080126
548.290649414063 31.7204435779404
587.355895996094 5.53594763692558
600.305236816406 2.7781139317869
602.313171386719 3.35020105495174
624.313537597656 2.74366822048354
627.331176757813 2.03037679750778
628.281066894531 3.774544378081
642.316101074219 12.0149995251476
659.260681152344 6.34289199983376
677.335876464844 9.83363598679592
710.396240234375 2.27614644478127
713.384887695313 4.06793340242514
718.428161621094 2.25514951249059
724.352172851563 4.48093250377011
741.384216308594 4.55396455801556
757.341125488281 3.64714939496376
759.392333984375 6.43294482810996
772.355102539063 2.50720188523857
774.379577636719 2.62567880799598
776.397033691406 86.2084097542364
778.399230957031 15.8481304884107
786.380065917969 3.10442134299631
827.430358886719 2.5475410588019
853.3876953125 3.90274124055473
856.366638183594 2.85195420506394
870.389221191406 2.77599479688753
872.497192382813 3.54043740485903
873.425354003906 3.08960398214463
874.404663085938 8.90849805237158
891.419067382813 17.0298687782099
999.47216796875 3.93453696766701
1016.56158447266 3.90190640921467
1020.46588134766 3.09282819046664
1060.42553710938 2.60505702687467
1064.52722167969 2.56128017344365
1077.48742675781 5.88685359641158
1190.57446289063 6.27271695419784
1287.50939941406 6.30667540595296
1418.00341796875 43.6159319894899
1427.17944335938 14.6672379184332
1428.27856445313 21.4576291016881
1429.22973632813 42.0940282959772
1430.24047851563 93.8672794046939
1434.37939453125 54.523246002592
1435.40771484375 100
1437.03894042969 84.877139302946
1437.58544921875 90.4006126799554
1438.40356445313 96.5425036690171
1439.09130859375 87.3479392035789
1439.67370605469 94.3686103095215
1440.14501953125 90.6137885174017
1440.60546875 87.8291946138648
1442.67333984375 87.265054362979
