1845.9358 80 1
70.0713424682617 1.32294034906931
86.1134262084961 1.29164366173909
112.10018157959 3.99587775403363
129.119186401367 3.43678197529882
158.100830078125 1.3099911517816
175.128509521484 12.189398059191
215.154602050781 .982252801211024
232.150253295898 4.12834989385694
242.15576171875 1.60145911735206
272.184936523438 2.54669254703716
288.197235107422 1.04099277108034
343.167785644531 3.56602108636849
357.190093994141 1.3911787716382
360.214965820313 4.47259275729518
383.179107666016 1.2545438868485
387.191009521484 1.41787214074872
401.187072753906 4.79734012887105
419.182342529297 4.15619457710171
456.255401611328 1.26720189558002
458.181762695313 2.76882833384156
473.281433105469 4.6234934257267
488.199981689453 1.2455626350011
497.891723632813 1.29480336975584
499.344268798828 1.40445631333459
504.263763427734 1.77037247581209
514.248413085938 4.19352444197905
514.902526855469 1.66619186271159
517.2626953125 1.80690691633384
518.551147460938 1.26914645516675
527.3125 1.66031651490015
532.259094238281 2.69743138914625
543.281188964844 1.49842002593046
544.309265136719 5.55792490204456
571.233642578125 2.13641837196599
587.260314941406 1.36737903491995
598.28955078125 1.69053882920626
615.349304199219 20.0517561057516
645.323669433594 1.80005865318723
671.310852050781 1.41710826380222
699.3134765625 1.55625765865971
726.394836425781 1.62658738929186
728.810424804688 1.47587636517122
729.331298828125 3.3156386049483
744.392333984375 10.3221079406381
799.367980957031 1.68488670684854
816.409790039063 2.04111326746164
873.432250976563 2.14435052252123
913.44580078125 2.43317434794251
930.453125 4.55469876606722
1030.5263671875 1.95805494785822
1084.58142089844 2.44549740058596
1086.53540039063 100
1103.63842773438 3.12480303860945
1184.52917480469 3.46078021915433
1201.54614257813 3.40218188275754
1275.63708496094 2.34342468438249
1528.73278808594 2.31378782914052
1730.72094726563 5.98020520533811
1846.26928710938 23.1396691984527
1858.38745117188 9.17181765230628
1862.60693359375 19.2670827756766
1863.70251464844 25.6217384755284
1864.66137695313 49.5816757287197
1867.47705078125 37.6904856332737
1868.83532714844 26.5127746204905
1871.30249023438 14.2968654839798
1873.25415039063 9.85332857744819
