1438.6438 80 1
70.0729293823242 .5957478151648
101.082992553711 .70814739972183
112.09814453125 4.52635649251422
115.101341247559 .239146027006426
129.121520996094 2.5567494549026
136.086380004883 1.61702089967966
157.111434936523 .938248158970619
158.100708007813 1.34483462060142
159.100479125977 2.07134786723028
172.112884521484 .366251493458087
173.097427368164 .507891722604867
175.125579833984 25.3561409941321
186.128677368164 .334400473304422
200.112243652344 1.68880946106427
212.117172241211 .346455766371183
229.138137817383 2.34051024451879
244.109664916992 1.03973537130072
246.159942626953 5.61309137873232
256.130798339844 .464851554532109
257.134094238281 .681665292002528
258.128021240234 .479800123022133
271.147644042969 .838736326844038
275.140045166016 .301685607573446
283.140533447266 .547101351854601
301.153015136719 .85286360842206
312.168334960938 .268090952806515
313.137023925781 .360212555885311
315.149932861328 1.38836257028394
318.149536132813 .396538301629172
323.136962890625 .409954274651007
328.160003662109 .547156371968432
329.190856933594 1.00818278198605
330.190002441406 1.56093438329731
332.170166015625 .694725163894034
336.131591796875 2.50426676514245
340.167114257813 .406715441518645
341.144958496094 1.08568281731259
347.204864501953 2.05679636476292
350.143951416016 .638780799228526
358.1708984375 .789515154269011
359.141479492188 2.33013626736493
362.152191162109 .377557003991103
369.188262939453 .658601775758339
372.16064453125 .374563297954809
384.18359375 .596884905155828
386.182312011719 1.55896983295877
387.193908691406 2.35541036735173
394.175689697266 .486862414088235
402.178924560547 1.14090421172431
404.232360839844 6.15921714216034
407.161682128906 2.04163848151914
411.202392578125 .606177836755307
412.183197021484 1.05743456050195
414.224334716797 .613086978956451
415.217041015625 .54340921348118
429.218933105469 1.22073105018551
430.184967041016 2.44786898524149
433.225280761719 .586721555813837
440.223358154297 .930416496056191
443.203308105469 .666154747244866
458.2333984375 3.02931758383698
473.227600097656 .467433967457996
475.2607421875 7.87573651423049
477.193878173828 1.16197990808619
482.238464355469 .506804233212085
485.241973876953 .839606717087951
486.259613037109 .551237423029863
492.292053222656 .482536618619574
500.237670898438 .697124998724982
501.212432861328 1.21911072272823
502.201263427734 .591360971660215
504.176788330078 .839835945410602
505.181976318359 .461538628715843
514.228942871094 .817281301055962
518.223754882813 .706805825564301
522.184204101563 2.29987355484137
544.23974609375 .573925004779073
548.221557617188 1.03268916691513
551.222778320313 1.16202768231914
558.213439941406 .761219806107304
561.219177246094 2.03376099448075
568.27197265625 1.37273657838656
579.199096679688 4.09512891427618
586.286010742188 4.82807622814079
603.311401367188 4.70020292059615
613.288513183594 .619993476708976
622.288452148438 .877592658674782
629.267944335938 1.20285304676009
632.301086425781 1.01166903605597
639.311889648438 .837090118621844
640.294860839844 2.16305674039686
650.247985839844 .712742443141128
657.333984375 3.30821332633006
663.236694335938 1.28114691164736
672.313537597656 .779101769331
674.35498046875 5.02759099445956
700.331604003906 .94153981691198
707.292358398438 .680459866846796
719.287353515625 .929593096335153
720.256408691406 .872937420821908
737.285522460938 4.7724545182886
747.2763671875 1.26057432048963
765.275817871094 3.89461446388331
808.324768066406 .995853537562423
818.319702148438 1.27760596286371
836.315124511719 6.12854643292095
843.405151367188 .895540004401096
849.341491699219 .734469159672068
854.370239257813 .716156064244442
860.422485351563 3.39527856605262
873.421447753906 1.60958927263661
874.436462402344 1.14095865895066
899.424499511719 1.38095977781367
900.074340820313 1.07313803886869
900.415344238281 1.72500677803805
902.052551269531 .802036645982514
915.442932128906 1.46640899819281
917.447509765625 100
922.053527832031 1.17908152522894
964.368041992188 1.72279719226543
1014.46392822266 1.45819941057229
1015.45153808594 2.94609491586613
1032.46960449219 2.74894269169473
1035.41137695313 1.85830086610395
1103.48791503906 1.58280833649439
1228.77258300781 1.08559182444795
1266.53540039063 1.40476343604104
1323.48364257813 29.1476870785248
1328.49047851563 1.78917934229261
1377.59802246094 1.70219240024808
1394.55944824219 1.62762375225748
1421.67761230469 1.52603718061395
1438.95861816406 17.3712399542943
1443.31787109375 2.88974844376811
1451.1328125 3.89546182405043
1455.61999511719 6.1664523352518
1457.90612792969 4.82708503196763
1460.06860351563 3.67423449381308
1460.83325195313 3.62183946958707
1462.07177734375 2.98620619668393
1464.02197265625 2.04763698927649
