2259.2239 80 1
70.0819625854492 4.43227559671998
72.0980453491211 1.48883554017072
76.2895584106445 21.3346097978974
86.1172256469727 3.34407856135518
112.105934143066 4.47890307231337
115.101219177246 .931798650615621
130.123168945313 1.04295242593438
147.121490478516 1.28009411333564
157.130401611328 .91779213601801
171.127548217773 1.64653629106607
175.134567260742 1.87536118030041
178.14469909668 1.2253381290976
181.107772827148 1.25161595337393
185.138259887695 2.06321085404413
186.138809204102 1.37891087921942
199.123947143555 2.94362108931611
201.107711791992 1.31028697986957
214.153305053711 2.7488326485706
217.096954345703 5.76338617125869
219.142562866211 1.27023542499005
229.13525390625 1.66868137326154
239.167785644531 2.43313682799801
243.14567565918 4.48298223762138
244.110916137695 2.42991369295263
246.19499206543 1.85884052077155
270.197631835938 1.02288268209622
277.14013671875 2.96329483462342
280.170318603516 2.1333070911493
284.178924560547 1.15340486536928
298.188293457031 2.28181180960024
300.167633056641 3.33945174949848
312.172302246094 1.11341218787384
314.186676025391 6.20017409526326
325.170501708984 1.45678748525137
330.178741455078 8.91213304593426
338.204376220703 1.53048276357829
343.178009033203 1.84907243966079
348.157501220703 5.5840528025127
353.214111328125 4.37396246795017
357.203765869141 5.14308121705783
370.242401123047 1.63210102884775
372.215087890625 1.6865071670651
375.236968994141 3.29275126912862
376.211212158203 2.9738286226726
399.215087890625 1.46275132022344
400.210998535156 1.65755686374462
401.209777832031 2.04047897118656
409.264739990234 1.57789917567692
410.23486328125 1.60656460876088
413.246032714844 1.83694013262095
417.168853759766 1.90425613524578
427.226959228516 12.5866202666531
429.218658447266 3.82940077848455
431.224212646484 1.84822900935141
437.258453369141 1.74158814946648
441.219085693359 2.01662325653623
443.223968505859 2.21361386702972
447.233093261719 8.42506836713059
456.251373291016 2.01593171840782
459.216766357422 15.4758317256512
461.249816894531 3.05643027079618
474.29296875 3.58757557091963
477.199737548828 4.83852377787499
482.253204345703 2.64575651363095
484.266723632813 2.24134736918627
498.292388916016 1.78577342024028
499.298461914063 3.47678388100833
500.286956787109 1.88006851772586
502.262969970703 3.1014323297069
510.280395507813 2.1837027022898
512.246032714844 4.70530816863235
514.284912109375 1.48533986228789
518.276123046875 3.55006162050577
526.285095214844 3.40904862189477
527.28564453125 5.88279164120041
530.253967285156 22.4117408831494
542.283996582031 1.85295746120958
543.264343261719 1.74212979414469
546.273620605469 1.51858770360779
548.2880859375 1.74164789561706
564.241333007813 2.19209725789694
566.267456054688 1.87824844624486
567.300048828125 1.59747958252925
575.348693847656 1.64052454333799
576.282531738281 2.51801853958689
577.285827636719 1.81277020841078
590.287231445313 3.04781315197689
595.345642089844 2.7093845173199
596.290283203125 2.87556803201249
597.287353515625 2.02553437047933
606.291381835938 1.65885472139016
612.369140625 1.96373575053968
614.310668945313 2.14151303925429
626.342895507813 1.78725709170749
628.370178222656 3.02549396159454
631.355346679688 2.67328784871419
632.302856445313 3.3624016075726
633.316955566406 2.38995057055259
643.342651367188 1.65754805115902
647.286804199219 2.88555123787719
649.319580078125 3.9005860285842
654.398742675781 3.99492848236098
656.383239746094 2.11025352620441
659.294616699219 4.22376525609381
665.328369140625 2.26809551979341
666.347961425781 2.82145639427983
672.395935058594 33.3796054645037
677.311767578125 13.4083656192552
683.369873046875 2.38769700162623
689.360046386719 2.85114803932944
700.369140625 1.83007767227613
719.330627441406 1.57799511475317
758.360168457031 1.90644358706728
760.388366699219 2.22546413726102
765.406005859375 1.93309956893119
776.410034179688 1.64278488069351
779.386413574219 2.86374681151568
786.482360839844 2.49318971561303
788.344909667969 3.77540265957365
792.368469238281 1.54303922172593
793.434814453125 2.37790669599224
794.434692382813 2.64349049806306
806.353576660156 18.2831817142214
811.469482421875 26.7836969434014
821.448791503906 1.9377952234347
828.490539550781 15.5352757953357
838.49365234375 1.82290954240288
877.412658691406 1.93578577221464
878.473449707031 1.97178264055969
887.41748046875 1.90818443612927
896.480102539063 2.03374002331727
905.415893554688 8.00413989469785
910.535583496094 4.54836608085298
913.503845214844 3.03991757496018
927.547546386719 19.6823953597583
936.455871582031 4.82888294550349
958.467224121094 1.64350424206255
959.401733398438 1.92489387066755
976.454650878906 6.66994768616607
999.574157714844 1.59632788207018
1002.42260742188 3.75687910432092
1007.54077148438 3.57709236438626
1024.56799316406 19.7164789885137
1041.59802246094 41.5498540577679
1152.63610839844 1.76654310924998
1153.60571289063 4.40832823572196
1154.59655761719 3.02660103130437
1170.638671875 5.64947843738735
1266.71667480469 3.53033487476418
1283.71447753906 6.42498996782523
1325.72521972656 2.11195321958312
1337.74523925781 4.2825174923828
1354.755859375 9.02402215259436
1436.81091308594 2.92399791416819
1453.81811523438 28.9695352440773
1559.77416992188 3.58151519214169
1560.79406738281 4.24974930101842
1564.82214355469 1.98997122670814
1582.83752441406 4.01599278780902
1587.77099609375 14.1422861973701
1593.84301757813 1.58129220283649
1605.80834960938 1.7705415474127
1702.84106445313 1.66832797835812
1729.89929199219 3.79401470408798
1741.84204101563 1.72449653716626
1757.84509277344 2.58912211427978
1759.9228515625 2.1238914566805
1785.83154296875 2.0992335696119
1800.94641113281 23.2833039638625
1846.30163574219 2.41355878328203
1856.97045898438 2.27691092178875
1901.8857421875 3.66592740641877
1929.97338867188 2.51166593728742
1985.94921875 3.45911646390427
2013.91235351563 6.83150382118073
2043.00012207031 10.4419182070533
2130.89282226563 25.2617341557851
2216.189453125 6.95882042644105
2242.49829101563 11.6192625634183
2243.39575195313 15.4429315272056
2259.65551757813 100
2262.53735351563 91.1962960306603
2275.72314453125 8.0260850498748
