844.4986 80 1
70.0769424438477 1.00045898749993
86.1030120849609 2.98695576426593
112.104705810547 4.31677889785034
113.076751708984 1.85698728041415
129.124694824219 2.22898655594032
143.099090576172 .987768572541427
158.101150512695 5.67684231856952
159.110824584961 3.67601397999113
170.071395874023 1.42406087379167
175.1279296875 29.6702302251684
201.143814086914 1.55703424283563
211.158050537109 1.95764485263984
229.135391235352 6.931119572163
246.164443969727 5.20731160580821
256.175445556641 1.98624855249171
272.184936523438 12.1913506569696
286.228088378906 1.02110922738024
288.21728515625 5.29333892918089
300.178100585938 31.7833315595929
302.153381347656 2.37000065373881
317.199188232422 15.0811353394582
339.229278564453 1.93020365011217
343.196716308594 1.5613360003894
356.190887451172 3.1247748854588
357.211364746094 1.56703968984847
365.222534179688 1.23270723667247
371.205505371094 3.55231515609576
382.212951660156 1.12369196644118
387.214691162109 1.44334108558562
399.250762939453 4.95833763789633
410.245880126953 1.45382848540114
411.208221435547 1.33736071060605
415.230316162109 1.26077599518142
417.246978759766 1.3321051988617
429.230560302734 5.36970023441262
444.191040039063 1.28429172555934
446.209014892578 2.22192515099359
447.254425048828 1.31238397706011
470.242614746094 1.75659575619032
478.319610595703 1.49006410761723
481.115417480469 1.203450160841
484.457305908203 1.4139911513237
486.251892089844 1.42494198233203
488.305938720703 1.62846189788832
500.321197509766 2.24441475167871
502.339965820313 2.19197606143073
503.481292724609 1.40831380239199
511.264282226563 2.58540099162302
523.736999511719 1.36546789162694
528.287475585938 7.28820562430555
544.33447265625 1.30141121794162
545.296936035156 2.50807236989299
558.609985351563 1.30379165113098
562.012512207031 1.17191118665295
562.262023925781 1.42515863223615
566.491149902344 1.72112035842632
572.331909179688 2.06646405692618
599.315185546875 2.47153655395723
658.387512207031 6.58735142946314
685.372741699219 2.21438512067677
832.917846679688 3.63591147259832
833.553161621094 4.36160379420178
844.678771972656 31.6893594868741
847.9365234375 6.17732504201876
848.785217285156 6.28653546452374
849.041198730469 4.22275577375012
850.858947753906 100
854.653442382813 11.1288299299857
855.267333984375 8.49906758302028
855.489501953125 9.07758201360595
856.640075683594 4.69395318980459
857.760437011719 3.50356787782404
857.990417480469 3.14127571807476
