1838.9824 80 1
70.0817794799805 4.90312291279694
72.0918121337891 2.26526391742725
86.10791015625 4.64987644246489
101.086494445801 4.17786371201438
104.073097229004 1.8240317793994
112.102981567383 23.5417910264202
129.123153686523 8.4793142751646
157.134719848633 1.76348647489438
158.103973388672 4.6159663605223
175.133026123047 100
185.148284912109 2.87839221033027
189.093795776367 2.2356822741241
200.127685546875 2.14923352314549
201.124633789063 3.14105414654159
215.136932373047 1.64028547664541
219.152191162109 2.13235066992016
232.151351928711 3.64384447850559
242.130111694336 3.03098055543963
243.156661987305 2.08393251943134
247.155151367188 6.98165266506433
255.163162231445 3.39909232802579
256.142211914063 2.91761013240192
257.135681152344 1.83878895227534
260.123474121094 6.93639558856186
272.189788818359 8.21199718270563
274.168304443359 1.70132659149639
285.183441162109 2.95559213725112
286.164306640625 10.6782500147712
288.121185302734 2.7754555681355
289.156677246094 2.14267104479735
300.191375732422 4.09047193970851
301.212554931641 2.27713426988676
303.189788818359 12.7557919598141
306.163970947266 1.94928363359662
312.193908691406 2.43381825662714
313.186492919922 2.61585241121193
314.193511962891 2.89229478665402
315.172088623047 1.82285433410222
322.146453857422 2.79218763298723
326.177978515625 3.26897483950486
329.163177490234 2.21865992396375
330.176300048828 2.57565386009775
332.167236328125 2.38135677306487
333.199829101563 2.59873652496402
340.174133300781 4.58560339910556
344.196197509766 4.57418563940181
350.174652099609 2.39531287199928
357.202331542969 10.336416585275
371.225921630859 5.47540807199502
374.224792480469 18.2155643239353
378.184387207031 2.55072590900967
384.239807128906 2.78896923037102
385.18505859375 4.76935970476326
389.178741455078 11.6846622007945
397.21484375 3.63180348501821
401.214416503906 5.13074675532915
403.213165283203 4.46927134195703
404.205261230469 3.58725162440006
407.191345214844 3.02999623396261
415.246337890625 5.97623978625325
424.228088378906 2.86749741703128
429.248504638672 3.82955685459204
430.231353759766 3.21343962674544
432.189147949219 3.39536552764195
435.217346191406 2.715702824304
440.196411132813 3.46491664820909
442.234405517578 5.90992084743254
447.245086669922 3.70416542897802
448.191986083984 3.84024740394037
458.205932617188 16.2478648455676
470.275085449219 5.55135069797298
473.292999267578 3.14482909195121
476.202850341797 27.9965829902146
478.207550048828 3.15151362360033
480.326690673828 3.95729439684615
484.26220703125 5.92918815307268
487.303405761719 21.1194440670039
491.249389648438 4.3812850858365
497.295776367188 2.96961581723309
499.28076171875 3.44543334539263
500.268371582031 4.80450688446459
501.249389648438 5.17254527759623
502.259460449219 5.7137529269256
506.256652832031 6.52281071995237
513.208923339844 2.67724439299335
514.3017578125 2.88224686614613
518.275573730469 5.35301577462236
519.274536132813 3.40502894338329
528.296508789063 4.65408704673097
534.267395019531 2.9608289031369
543.27490234375 5.4195494593254
544.303588867188 5.50038757937464
545.295104980469 4.37142724284377
553.29052734375 5.95901197064097
561.289611816406 9.76835604781487
564.273559570313 4.63003121775907
571.294921875 22.7444383140308
585.284545898438 3.49278713627833
588.349914550781 62.1293043351235
600.248962402344 3.53684656802355
603.300537109375 4.16705137005132
615.329772949219 4.73630409275382
622.344909667969 2.76586139066144
631.321716308594 3.04110939295868
647.291748046875 3.2496080410964
652.315124511719 4.03067980990914
660.33349609375 3.91889999007783
663.339599609375 3.66054436722623
669.32470703125 3.48761990286288
670.334716796875 4.81694450835313
671.044128417969 3.97303501976222
675.347351074219 3.09842044512364
685.347045898438 2.83819687869124
686.33935546875 4.99270888869435
688.354919433594 17.1253066295915
699.416870117188 3.10616669972069
713.368286132813 5.22923354286827
717.391845703125 10.6021841586801
727.411376953125 3.77144947297523
729.418640136719 3.0046740358905
738.3603515625 2.83913992981123
746.384521484375 3.74471584507855
778.392517089844 3.02340635376579
788.432922363281 2.95788317833535
801.45361328125 3.98640080586193
816.446228027344 4.7705926464384
826.433471679688 4.51440396684505
830.471313476563 11.9430408832067
851.410766601563 5.28157356153567
901.504760742188 12.5072619740314
920.429931640625 3.68292882494414
931.539245605469 2.95216443709515
938.492919921875 3.97553284090188
955.530029296875 2.99818893666872
957.497009277344 3.92031716989619
959.503051757813 13.3938535772004
988.533142089844 9.68644145742429
991.480712890625 4.54000001954402
1003.55145263672 3.26611044881246
1010.4658203125 3.11156522887108
1088.548828125 2.74611266455618
1090.5224609375 3.20214640058611
1109.54016113281 2.63757464951792
1134.59240722656 3.49433313979192
1151.60424804688 6.67910794512811
1175.58312988281 2.67548748685754
1250.65112304688 5.60189242842485
1326.62365722656 3.03122382784559
1343.65515136719 3.42743949951863
1354.65966796875 3.19540043636077
1363.74340820313 4.89195505437802
1450.77526855469 21.5055761116013
1650.82788085938 3.9320369383415
1653.97998046875 5.60469663783503
1655.01428222656 10.813833147979
1742.97009277344 16.0164038206462
1839.37976074219 60.2249311770432
1842.2744140625 32.51511878939
1846.35815429688 22.1636875104677
1847.40966796875 28.9413240125199
1849.4501953125 68.2184355073665
1853.44226074219 36.4297832089074
1855.55700683594 22.8402280863446
1863.76428222656 22.3827445176818
1865.46594238281 35.2141823233536
1866.11804199219 29.9054295838837
1870.99670410156 29.8774468368682
1872.68139648438 27.5093808318493
1873.36218261719 24.7023199014352
