1222.7791 80 1
70.0710754394531 3.38945623934387
72.0856170654297 3.04046811326989
86.1058883666992 2.22842100770484
101.08031463623 4.56882380083034
112.093124389648 16.9436958552763
114.116653442383 2.35948462454369
129.117309570313 7.03098493160781
155.085296630859 1.44359517010745
157.115158081055 1.96055498511111
158.105316162109 2.23340939976029
171.152862548828 3.01404010964073
175.125457763672 13.0691532890184
186.095016479492 14.3578142621808
199.149230957031 9.23742419532323
212.14030456543 1.84237414259485
213.156875610352 1.40784979148778
214.15559387207 1.66330704093293
228.135238647461 3.40453700180756
230.153350830078 1.40149508074535
240.143692016602 .951102498741996
242.147415161133 1.54108157486494
245.137344360352 1.191045158332
250.18310546875 1.28153291358421
255.148712158203 20.5262766252729
262.153015136719 1.32045483054487
268.145385742188 1.03141644977764
269.164611816406 2.14594264033088
270.195129394531 1.54574434438088
272.172943115234 17.4109957412193
282.152038574219 1.36789726447676
285.162658691406 20.7016436897886
287.176666259766 2.35325479733896
294.171875 1.05775209455844
297.161071777344 .92244127606547
299.175567626953 20.628689991431
312.170989990234 34.1961906651097
316.208953857422 1.57165421155257
327.207366943359 1.61915063365142
329.193756103516 27.4780306748698
339.177673339844 2.37321119542786
341.223205566406 2.92496375686529
342.186492919922 1.6043947612174
353.217071533203 2.87123363371155
356.206451416016 8.14360927616852
358.213012695313 3.22834063597317
367.215606689453 1.59899471741045
369.251159667969 2.35100665575125
370.253143310547 5.05903034652912
371.236297607422 2.63526184739238
373.223388671875 3.32472625999347
375.252777099609 2.06196317871893
381.212188720703 3.61810539393946
384.224670410156 28.7797873714193
396.224456787109 2.56729021771461
398.241912841797 19.9682877379537
400.261871337891 3.47262488142406
408.223663330078 1.59883812308324
410.216583251953 3.89419589309331
425.248016357422 17.0000894217969
427.241424560547 5.69456780995461
430.311767578125 2.52038391838276
438.240631103516 3.11510117497124
440.284027099609 2.61556221591741
442.277160644531 21.6756163793132
452.284118652344 5.48563333772008
455.265563964844 7.82529600790518
466.292358398438 2.06905828161478
467.226776123047 3.86938266672603
469.309539794922 7.11186592665472
470.313262939453 3.83034617771243
472.281799316406 4.17580117714778
480.283050537109 2.34124591821973
481.277557373047 2.08147864344478
482.267913818359 1.79720133877136
483.295196533203 3.75554122036707
484.255737304688 8.86583338229755
497.304290771484 18.8839425683591
499.325653076172 3.35827430941786
509.288177490234 4.08225856783986
511.308715820313 4.4301511346571
520.307495117188 2.63326879453279
522.310241699219 11.4846644202751
524.3154296875 7.00884363820873
526.306701660156 4.61810449639577
537.313354492188 2.48766299152978
538.307312011719 2.66719301593688
539.299255371094 2.46956095776951
541.334716796875 14.4431351058411
543.387878417969 4.18410175334198
551.320556640625 4.05820161719422
552.308654785156 2.43677617108375
554.3173828125 8.61465588110854
555.32470703125 7.26555866340743
556.338500976563 2.51728604032991
557.275085449219 3.47177952749646
565.319580078125 2.1012766441053
566.29150390625 6.78346360619014
568.349243164063 2.45661884858416
569.312438964844 3.03774119823781
571.351806640625 15.7574173451215
583.317810058594 17.8925475641257
593.282653808594 1.96549721652469
637.354064941406 3.18458327751734
651.380920410156 3.08440663330625
652.375244140625 3.3332155106897
653.378723144531 3.52041407424796
654.388427734375 4.76684922304611
655.38916015625 3.53846547091729
664.380126953125 3.2790898697834
665.354248046875 7.6899156166287
665.947509765625 4.08950475558715
668.363952636719 2.97817317195113
669.392272949219 7.29656859751714
670.377319335938 8.0482923902752
678.333618164063 1.88265543661606
679.373352050781 3.02030042678523
682.383911132813 27.5286001495115
684.398071289063 4.68931467106001
692.361328125 3.47184398836296
696.407104492188 2.09881976851515
702.399353027344 2.26134161548985
709.393920898438 5.1386034045499
726.419555664063 10.7130589329109
736.39404296875 2.91395973099718
750.43310546875 1.65220936649828
753.443786621094 4.51971352336769
763.439392089844 2.57676949616353
764.426025390625 4.37453683339791
764.945495605469 1.91329107697646
779.447387695313 2.09589273429729
781.449279785156 17.1081453676504
783.452453613281 7.33767269261472
795.481689453125 3.83519932465928
796.433532714844 2.17072551449528
822.474609375 2.67216817272895
839.487915039063 8.03372193048313
849.498291015625 2.07914004628216
882.509582519531 2.34798230415685
894.523559570313 3.30914671467115
933.541870117188 1.59597337098465
967.560485839844 2.6336841714412
1007.56188964844 1.99989337461457
1024.56884765625 4.4551618006015
1118.73547363281 2.00865759823784
1123.53662109375 1.92018082668454
1206.25158691406 3.05793385266493
1223.01245117188 100
1225.91491699219 27.3508087653988
1229.4736328125 3.87469209843887
1229.82934570313 5.13792133144965
1231.18664550781 4.33952125997311
1233.00378417969 6.69816740491238
1235.24768066406 18.3030234432321
1237.65649414063 9.99230260121304
1238.08459472656 8.80033352883758
1239.43298339844 7.42482097930158
1241.98156738281 3.68878084893721
