1703.9645 80 1
70.0813674926758 .762235823717
72.0865478515625 .792467340100135
86.1101837158203 .886755086779633
112.100723266602 4.29263955249869
120.091285705566 .486649952147574
129.123153686523 1.64213003063497
157.124786376953 .554062475989625
158.105163574219 1.10769174348869
171.131195068359 .748172246420142
175.130630493164 17.1316034995432
187.115341186523 .492337929187515
202.180969238281 .31686402897661
214.132263183594 .567458766431804
217.096588134766 .568246792219934
219.154067993164 1.39611006287819
228.154266357422 1.13202979144593
229.136520385742 1.77460485780338
246.165008544922 100
256.153106689453 .565538545291116
270.188720703125 .394931874556429
285.172546386719 3.1554751489662
286.150604248047 3.15046818042842
298.153991699219 1.16938454946802
302.149047851563 1.06590192315526
314.176940917969 .713500145734049
316.164978027344 .701863460794624
318.1796875 .516715853849237
326.157165527344 .774556849570836
344.164154052734 5.07821473959153
357.182464599609 .582614325649189
361.193695068359 5.09156173516181
367.194854736328 .698355269963336
370.234344482422 .430041401330621
371.190155029297 .947750281718101
376.198455810547 2.91882875772943
384.230346679688 1.41910741140577
385.220916748047 2.08501173761205
397.217254638672 .424743187274966
398.245330810547 1.47651700899293
399.236907958984 1.03294105825045
401.210479736328 1.30047021565052
413.185180664063 .929892443132287
415.220733642578 .626837658947809
431.19287109375 2.41122675802265
433.224426269531 .467686309655746
435.225769042969 .411784452169845
445.213775634766 2.2253143101711
454.234619140625 .791119491162388
455.263092041016 1.35369324905238
457.249481201172 1.02994526470482
461.226654052734 .464391488444527
463.222045898438 3.38797330173466
469.295684814453 .528947002359364
472.240570068359 1.68151641219472
474.264953613281 1.85350593112416
484.258544921875 .969668857228418
489.275390625 .679623946519235
496.251892089844 .859008376490476
497.313323974609 .871237293755453
498.2763671875 .544997450742553
499.258422851563 1.03018346372977
502.233276367188 .81347660838338
512.234191894531 1.00596215479089
513.263916015625 1.44394045565753
514.262573242188 2.32080097697714
516.304260253906 .675064145359357
517.26171875 .642941208244544
530.254211425781 2.44939477769171
531.289245605469 8.06199807759401
534.296203613281 1.15780214228791
541.282287597656 .802370544832537
544.275451660156 1.87537368458412
548.275390625 .523413344322321
554.307434082031 .583372527240521
562.295104980469 .841799095565105
571.30029296875 .557451798596049
574.304321289063 .512411611889983
583.293029785156 .80684585799008
584.307189941406 .773540973177534
590.302490234375 .568523563555283
598.317504882813 .635025866074022
601.291687011719 1.94796093275643
612.320068359375 1.45995885710199
627.35546875 1.66576901860252
629.317626953125 1.026059802971
631.337829589844 .577219827923239
637.331787109375 .585619044175415
644.371887207031 7.19258714642753
654.37744140625 .644353355137046
659.306823730469 1.50796159316146
677.31103515625 9.03502395199221
682.359008789063 .61689736656736
689.396484375 .51659318298401
700.347961425781 1.04078005510292
716.396057128906 .731258340176689
718.367553710938 .502489747689754
724.379943847656 1.50309233598594
730.390563964844 .706578551174898
731.374694824219 .725993540377675
741.3876953125 6.26860308807115
748.362487792969 2.12000752530419
758.408996582031 5.8845487104892
768.4208984375 .485296670502028
769.414367675781 .587988347619339
776.391052246094 2.32899145616396
829.403015136719 .926756924661705
840.457275390625 .755098568770084
847.415710449219 2.73348988953817
857.478820800781 3.60412573347667
903.43994140625 .931017378434885
911.477355957031 .696397624447056
928.512268066406 5.4720985819747
946.500610351563 .715082098545578
1010.54602050781 .629867798703079
1027.58081054688 39.6843158607929
1029.90087890625 1.12442168084848
1060.54223632813 .605152609092258
1125.57897949219 2.47916805040146
1142.607421875 2.47098784310542
1173.60705566406 .832363207442723
1241.68041992188 1.34035881103864
1328.69714355469 6.90850988454227
1457.72265625 .854368012415005
1687.02868652344 1.30634336988181
1702.26672363281 1.79256858529776
1704.27795410156 22.4367825774069
1709.08764648438 3.13999984483595
1716.37377929688 2.30594691135939
1720.3818359375 1.9193036907764
1721.96069335938 2.15179780281432
1722.6328125 2.83546437779894
1724.18115234375 2.9495692207912
1726.96728515625 1.85645653515291
