1730.9316 80 1
70.0880661010742 1.78956608586827
86.1152114868164 1.64543683565451
112.116493225098 3.21699237823615
175.129577636719 9.02888410615619
227.896453857422 2.89732058188052
228.143569946289 2.77030819335895
229.663146972656 3.49681148814809
229.945617675781 3.43749353875014
230.1611328125 2.93753665507046
232.597030639648 3.5209125627431
233.014831542969 2.88297941799379
233.636032104492 3.75925491700466
234.019149780273 3.11030809799335
236.471969604492 3.20248631373946
237.153732299805 3.28636652610792
238.085205078125 3.2127448902346
238.494201660156 2.84472103504354
238.742980957031 3.44389244637931
239.106872558594 3.57891808202417
240.256942749023 4.35692233099397
240.629257202148 3.4693845815831
240.997482299805 3.25038388689027
242.188003540039 4.15259750230005
242.347259521484 3.12596810640005
242.696044921875 3.46622869525921
242.939575195313 3.48617006548157
243.130722045898 4.54635594271759
243.928756713867 3.59951350514662
244.551223754883 3.60061072843599
246.177307128906 25.5428865376676
248.154846191406 2.78506550065561
248.973815917969 2.35410355830954
262.130676269531 2.3022952533198
371.245147705078 2.51218868480151
377.225067138672 5.45627649948478
377.909362792969 2.50394954618487
388.257537841797 7.51007774077816
400.188415527344 6.14483650986683
442.23876953125 3.32964650380206
485.287902832031 6.07120172086356
499.271057128906 4.52724754399857
501.279327392578 3.06627783333468
503.288238525391 15.9399749037416
513.279235839844 21.5524618663592
515.253845214844 3.78753479503771
541.303161621094 7.27888061715333
556.294372558594 2.90537098209141
574.32373046875 27.3376905061864
612.356750488281 13.2322828161237
645.30810546875 4.47809004514275
656.369140625 4.15585630736127
669.362670898438 10.0794885228195
677.343933105469 4.94379747573606
678.375183105469 3.79252502046757
687.403747558594 48.7309352840868
720.477233886719 2.9590800044484
785.397827148438 3.89485265974824
792.388549804688 5.61295442125231
800.400024414063 5.84869440172692
802.4287109375 37.1205742189797
831.349426269531 4.38899232846615
860.36962890625 5.02368392938504
897.399169921875 3.64392726462418
913.462585449219 3.55002710597019
929.451416015625 4.51304623572095
931.459899902344 20.0512782086277
941.436889648438 3.91754616925908
984.473022460938 3.49689091143139
1027.62915039063 5.34029054195946
1044.46008300781 7.53833653776732
1062.51086425781 12.1342713479667
1087.49560546875 3.94904730287006
1119.53198242188 56.1189778888232
1157.52563476563 6.57234703487889
1218.58984375 14.4568038268427
1228.57543945313 4.00306205441736
1331.67663574219 12.7386291285304
1343.62524414063 6.09581310086453
1460.72985839844 4.36505312745942
1481.75317382813 5.36583528968303
1569.72119140625 10.4322793958775
1588.65686035156 11.8523080256216
1703.96069335938 15.4990619519253
1731.34594726563 13.798281673374
1744.41711425781 19.7953236331876
1745.37390136719 20.9132592463722
1747.44555664063 31.1586909719096
1749.64587402344 32.0410608745823
1750.27600097656 29.4521887575077
1750.79870605469 28.594750558595
1752.63537597656 99.6844897818876
1756.15856933594 100
1759.67590332031 69.4470379774061
1760.61364746094 59.5902452778952
1761.25512695313 56.5013431961887
1763.46960449219 24.2838092635927
