1703.9680 80 1
70.0825424194336 .503320036802083
72.0895690917969 .62270154694044
86.1118927001953 .654974840686021
112.099746704102 4.03326316368901
120.098281860352 .506713413775288
129.127410888672 1.62902558367731
157.119934082031 .441910853032446
158.104232788086 1.16567034151467
171.120025634766 .495818761656643
175.130355834961 17.6931107499351
187.094482421875 .452490860580618
200.147613525391 .346023046454873
214.130294799805 .634575040381035
215.124206542969 .47049367715681
217.099349975586 .426814601511231
219.166259765625 1.2134831933972
228.151657104492 1.57812963524977
229.139450073242 1.6704104768488
246.165924072266 100
256.147735595703 .644182618082279
285.166748046875 3.18292233911266
286.152496337891 2.52533914538485
298.145111083984 .693560851042198
299.182739257813 .300349617900179
300.179504394531 .428640571494261
302.148834228516 .810528387975757
314.190673828125 .583128929493611
316.168640136719 .669389776769082
318.190002441406 .511548556597468
326.162200927734 .792139086386206
344.167999267578 4.84729735366938
357.1953125 .674859299079927
361.191131591797 4.89677868983621
367.198455810547 .509813717450649
371.177978515625 .759237339568735
373.218658447266 .461301204287379
376.194000244141 2.6328687976151
384.229156494141 1.45398570164107
385.216613769531 1.46920011321285
398.251007080078 1.35452349393827
399.237335205078 .902061897156566
401.211364746094 1.14451613053409
413.192321777344 .784807006743057
415.223236083984 .535839939134942
417.242645263672 .404872916433216
431.184783935547 2.60549638866723
433.217803955078 .65929963659151
445.216430664063 2.30618740312002
454.237731933594 .747352583379689
455.262634277344 1.09756711349251
456.275421142578 .673951933370729
457.239440917969 1.03754072713761
461.238586425781 .518088988016592
463.2294921875 2.97116168500125
469.301483154297 .582231305025372
472.248016357422 2.10795565641758
474.271484375 2.70585267894573
476.256164550781 .473636724689953
484.255828857422 .831195102981606
489.253631591797 .482357242795583
496.275543212891 .675538911286491
497.308502197266 .88895660175481
499.257171630859 .802512898576015
502.237854003906 .625885773293005
512.2392578125 .872339252486599
513.2744140625 1.42926863696177
514.272521972656 2.47394771894147
516.279296875 .711498702979788
530.24365234375 2.2753440113344
531.290588378906 6.78172034083268
534.293029785156 1.12092698796307
541.327880859375 .575369668312061
544.287109375 1.86838270771605
548.271545410156 .5120688983397
562.297241210938 .939409309208408
571.314514160156 .589158025223466
574.2939453125 .568788923163149
583.283630371094 .954415165081408
584.301391601563 .771014890975728
585.289978027344 .4586982850035
601.291198730469 1.76249453128474
612.32958984375 1.43630549163845
619.301635742188 .473813634138482
627.345642089844 1.42169156835603
629.331604003906 .723232513464828
644.377563476563 7.54786556762578
654.370727539063 .820552643147798
659.307434082031 1.48379828246676
669.356811523438 .760056322414149
677.317443847656 8.66620414106665
682.336608886719 .54254812331901
700.345581054688 .807562766733834
716.411926269531 .768784960754121
724.364379882813 1.20032751274287
730.338684082031 .68271280942798
741.38671875 6.2893872049687
744.4130859375 .501427024445199
748.371765136719 1.75173633185484
758.412536621094 6.12697380642222
769.408630371094 .634554004607183
776.378723144531 2.46354212230818
802.413818359375 .545398386378164
815.463745117188 .498407856089542
829.414428710938 .642093827372898
840.452270507813 .895123436061439
847.413757324219 2.75623434955009
857.478393554688 3.54680263215646
886.442993164063 .517476985467101
903.441528320313 2.5153754851814
911.487976074219 .607977931397787
928.516662597656 5.46760516165812
946.46875 .66338461748903
1009.57830810547 .639987342402028
1010.58142089844 .794034544763305
1027.58093261719 41.6345054384198
1037.56567382813 .622834179277273
1060.46618652344 .478518699125731
1125.5908203125 2.25016158923622
1142.61962890625 2.63986973310678
1152.55725097656 .562818173997993
1173.61071777344 1.1034237869081
1199.68115234375 .410327900816001
1241.6748046875 1.35875785066467
1328.69555664063 6.38541292839232
1457.72875976563 1.06915769147244
1688.00573730469 1.43510213813613
1696.16589355469 .943627524965255
1702.14880371094 1.62954399624202
1704.2822265625 17.9177526274133
1707.14306640625 8.72195111417363
1708.99987792969 2.89790934396942
1716.32165527344 2.0770625040128
1718.43493652344 2.80765965544636
1722.47875976563 3.23089560017176
1724.29211425781 2.64039569654971
1724.87573242188 2.29939852237976
