1828.9509 80 1
70.077766418457 7.87193361928928
72.1014099121094 4.36936265998047
73.1219787597656 4.40628364002305
86.0990295410156 7.21233288288664
112.103805541992 32.1610017783927
129.122177124023 12.3440632323717
130.141525268555 5.17794823339482
175.133590698242 36.9298019182681
187.110610961914 3.91205918328619
215.083312988281 3.58814298212346
245.155120849609 3.71036999560319
246.167037963867 5.52309365644882
255.163787841797 34.9530945913427
260.111877441406 5.14282361210055
272.187133789063 82.6136176961561
274.184722900391 4.4323222431093
278.135345458984 3.74726073776997
288.201141357422 5.06248256624246
301.177368164063 9.08450948829656
303.165313720703 3.47054443696488
312.186187744141 3.48732889300384
329.187927246094 6.23162618580337
333.194580078125 5.12053714598523
346.191375732422 5.89701507408753
354.237060546875 6.39286260112377
356.214721679688 4.31549424238037
359.216339111328 13.561513199774
365.166046142578 4.44939786510361
371.245422363281 27.427325213494
373.224853515625 4.43281117537599
377.206359863281 8.4875415749585
378.195922851563 8.15474045220856
446.235260009766 6.00319533984386
457.221923828125 6.37101329913293
464.231201171875 5.70333235065059
470.311157226563 5.13126936583562
471.274871826172 6.14856814812847
473.324066162109 10.3505021308677
475.209503173828 11.2887938941263
479.185852050781 7.69649790197624
482.286834716797 7.5703655959122
492.207672119141 7.12555110628301
499.305877685547 24.3089357496447
501.283142089844 5.82749971443535
513.26171875 5.67015823385745
517.31005859375 6.74766897633964
547.240966796875 5.25104816471548
560.278625488281 6.83660703791641
561.24365234375 8.42647780692609
568.359191894531 5.15813085205281
572.286315917969 4.99916618179701
588.35595703125 7.4361230786497
589.337158203125 6.65512809924828
620.294982910156 5.18499766114736
622.303833007813 8.71169152138974
622.977722167969 5.16391858933978
630.337463378906 25.7918841539109
656.28564453125 5.78346668207535
659.337524414063 7.56728883236041
691.351745605469 7.82624077613612
706.306030273438 5.63591059522854
719.298278808594 9.45022503743441
723.303649902344 6.38732023584242
729.391296386719 10.6144439842432
734.302917480469 6.64886120468839
736.385070800781 7.28729149556308
740.351684570313 6.56149225607748
751.408020019531 20.7503078696079
769.376647949219 7.22583754236325
795.384094238281 5.9898669673236
796.426574707031 5.60470382935178
816.435119628906 67.5105516900411
867.475280761719 6.83181762804487
885.481628417969 7.1080772656494
899.389038085938 13.008110130302
903.483581542969 8.00655255807856
913.452392578125 12.2669290937144
930.477783203125 22.5607995173679
936.452880859375 8.58362066272067
975.544555664063 6.73731489847112
1093.5361328125 21.481078200777
1100.49829101563 11.7539933748283
1190.55212402344 12.8277784613033
1207.58605957031 10.5147159587258
1354.64611816406 28.972491396837
1688.00769042969 18.0139413972091
1780.86486816406 64.3278757438388
1784.22094726563 79.3251196899672
1826.951171875 23.7505283889728
1829.30200195313 76.8207833679097
1834.33666992188 33.1771899051091
1836.48022460938 41.054955796894
1838.3857421875 38.3610061683761
1840.4287109375 55.2206394512384
1845.44653320313 96.5465176267901
1848.47534179688 100
1851.09936523438 62.4354279642374
1852.66198730469 47.1911611621153
1854.77673339844 40.0141090686882
1862.42565917969 23.3513598899405
