1267.7390 80 1
70.0758514404297 1.28142295217761
86.1061935424805 3.13398517885136
112.095771789551 3.30818522283047
120.090858459473 1.14552428732048
129.114669799805 1.77685675060745
143.094543457031 .658506746837102
157.130813598633 1.69634798152539
158.099105834961 1.28195074947476
175.124221801758 15.3933034849678
185.135437011719 5.32579454491556
217.143798828125 1.03241947772923
219.121307373047 .448931313192759
227.192138671875 .489982284007501
235.103134155273 .529438093460303
245.131896972656 1.89365933311742
256.170837402344 2.09453179616949
262.160888671875 .788006905596932
263.113311767578 1.45985048217119
287.183532714844 .464467758306016
290.162780761719 .878261073965644
298.218627929688 8.79637034242061
305.163055419922 1.86060310805056
322.192443847656 .842417238513238
327.205841064453 2.74274538308867
332.194488525391 .614390334855815
334.144470214844 2.74807928972982
359.219268798828 1.32134250658329
361.198486328125 .594006225649205
369.251770019531 10.9095514608776
377.228240966797 .983715555629691
384.202270507813 .850436882688943
392.156494140625 .619504997297282
395.280426025391 .877341787919745
400.248046875 1.02221975558537
402.212829589844 23.7344941283898
405.179107666016 4.94202648536161
410.182067871094 .870369650956255
412.298370361328 1.59815066836607
417.238922119141 .567800134901817
419.238403320313 18.8824233644847
440.291931152344 7.99357910650965
447.225677490234 1.07448364522892
453.221954345703 .585174870474046
471.295318603516 1.32074051468325
474.270965576172 2.00916920705686
481.193511962891 1.09881998348009
507.223876953125 1.02803399222348
518.258117675781 3.34159169134514
524.272644042969 1.29853681230794
531.291809082031 .730234609527474
542.329711914063 1.41731939874164
549.275146484375 8.98456921712477
551.275146484375 1.32037456585932
552.256530761719 1.25352294430157
553.239379882813 .837949790901772
559.365417480469 .892723161132312
566.3037109375 100
567.854553222656 1.09982143416395
587.359680175781 1.6276398989761
589.297729492188 1.18549669829643
594.321899414063 2.74344208358742
620.281677246094 .832473666638336
623.2744140625 1.64035929959674
631.3369140625 1.52268972608398
637.319396972656 .728521089363485
646.2783203125 .917819343873726
663.324096679688 1.36957505530507
664.30419921875 3.50233339623513
681.333068847656 5.80104198036623
702.375549316406 4.64714524986513
734.369567871094 .765669442841809
736.334655761719 .881035649271467
786.342590332031 .638574126340099
811.36572265625 2.1591007037179
813.444946289063 .581242723414477
821.420471191406 .602929549587709
828.392578125 1.84182949181006
830.390319824219 .876920270505744
833.572875976563 1.14337697263752
834.567810058594 .764622825728397
849.453002929688 1.04732732880989
882.441162109375 .674977018594658
899.429992675781 1.91885449067329
970.457580566406 1.9632695377566
1083.50927734375 1.31614133940296
1109.68518066406 1.64063781707506
1168.63793945313 .815670603975697
1222.62133789063 1.87525704106315
1231.85534667969 2.12272425713322
1250.69567871094 1.20032104350626
1258.49438476563 1.44261283572229
1262.67687988281 1.3375956968031
1263.82080078125 1.65429474207467
1267.97082519531 22.9420002229965
1270.88317871094 7.61890995679073
1272.09826660156 3.74939667434254
1275.01440429688 2.2355946265216
1277.06298828125 6.50475214626965
1279.09521484375 6.20779871903834
1280.11242675781 6.4056948307739
1282.53686523438 4.17225724743701
1282.92590332031 3.6588400249322
1283.31201171875 3.34526044217518
1284.75207519531 2.98484107888929
1286.05493164063 2.29946750462229
1286.46362304688 2.26789241787004
