1916.0760 80 1
70.0864562988281 2.39387334636053
86.1181564331055 2.84829526829039
101.089218139648 1.13151484668944
104.075546264648 1.81722684020408
112.107208251953 13.7600620181625
129.131240844727 5.78389991540022
149.098098754883 .924808949490034
157.136138916016 1.50149470034251
158.11393737793 3.45248177212439
175.139007568359 100
185.139831542969 1.5226001073888
200.165832519531 1.18732010416083
214.144622802734 1.75305927797713
215.161163330078 2.13036563313014
228.159378051758 5.94308357624075
229.142272949219 2.91225295231823
231.118667602539 1.25107695515371
242.169906616211 1.26028215714467
243.130752563477 1.36606176119091
260.127136230469 16.6402397306894
262.132080078125 1.15858197811971
271.202392578125 3.77256046125863
272.171752929688 1.45713170500041
284.155639648438 .997514331945058
286.140350341797 3.01140180323395
288.221252441406 12.3505882034908
298.213989257813 1.08508210175391
302.163696289063 2.61170783503105
311.187927246094 1.17506268309963
312.136077880859 2.17763242207672
313.20556640625 1.24258501754056
314.175567626953 1.24736383928742
324.222137451172 1.31937399071083
326.182983398438 1.87939544514285
328.183166503906 2.72340513576481
329.202056884766 2.64695441654538
339.185485839844 1.54054376170578
341.236145019531 3.36466357682878
342.233276367188 5.40349879451618
343.194519042969 5.55298405599267
356.208129882813 3.83592900999178
357.198364257813 2.58273317514788
359.257080078125 72.1813377531837
369.211944580078 2.07857965303747
371.226837158203 1.55097537119425
373.209106445313 10.2284943529967
375.216156005859 1.39346880055347
377.205017089844 1.47481344143372
385.200256347656 5.71978894343112
387.181304931641 5.54210890556288
415.233337402344 3.59045621046679
424.270263671875 2.37433361644415
425.249298095703 2.38141645183813
439.230560302734 1.35847780290866
441.250213623047 2.04615784990044
442.269256591797 4.93321238241112
452.236083984375 2.51782971563896
453.242156982422 1.73694004366915
455.240173339844 2.34372874766302
456.251403808594 2.73348383189845
457.219116210938 4.66642456955547
458.24755859375 3.33932102620903
459.264831542969 3.22006737453758
469.251403808594 4.8676595904805
470.239868164063 6.35753581344059
471.264556884766 4.01803396456297
472.261505126953 2.17120274190593
473.250061035156 2.44725561798489
483.247192382813 2.24363180999086
487.248077392578 31.3435305083749
488.285339355469 25.7086440983558
497.231872558594 2.44532978976932
498.261901855469 2.88981693044545
499.259307861328 3.0271531368859
500.274932861328 4.61892422983157
501.263916015625 2.56379287329919
514.248107910156 6.00261265672154
544.279663085938 3.52809627351431
553.29931640625 2.7790403010634
554.299438476563 4.21847582615881
555.309265136719 4.26224725496846
557.318603515625 2.03061369929259
569.294372558594 2.09774621994768
570.310729980469 3.24283879525633
572.324951171875 12.0690121630308
574.319213867188 2.48018075131816
581.273681640625 2.55803039194866
582.296997070313 3.00779389438322
583.305603027344 3.05614379175434
589.341552734375 21.1636103024427
597.27783203125 4.64405695823465
598.276428222656 5.10776853567767
599.326721191406 6.08216128468661
600.330200195313 18.1445088491981
609.314086914063 1.99363457296461
613.335205078125 2.28678596032926
614.314147949219 2.91661368114532
615.2939453125 9.06778862471376
627.328125 4.81109764374584
666.348510742188 2.49889955461093
667.375732421875 2.16503299624064
668.353637695313 2.29024791493947
683.3564453125 3.23538436436473
684.3564453125 5.62157845432081
685.390014648438 4.23387822920726
696.337890625 2.96518222996498
702.4248046875 67.0224109206225
710.364074707031 2.9426101067626
711.343200683594 4.2760120274458
712.370239257813 3.55266281142907
713.382019042969 4.87429216703934
724.356018066406 2.15044784096919
727.382263183594 3.04134729474261
728.381896972656 7.49658938609349
740.395263671875 1.91860200112851
757.386779785156 2.01935556493567
758.386108398438 3.5402302932642
809.41455078125 2.35834259793803
811.414001464844 2.75254144096905
813.432250976563 3.90000184991602
814.444519042969 3.25883467623796
824.4150390625 1.91138023329254
825.365661621094 2.46544917795162
826.4345703125 3.40066752089528
827.43212890625 2.66030866173097
829.420959472656 2.06956343979488
831.465698242188 14.6312003554285
838.420715332031 2.40760977572399
841.433166503906 4.0517066075375
842.429565429688 2.84297337680641
855.404541015625 3.36119330482624
857.41357421875 2.57591457691043
872.437744140625 3.20163277014295
930.537048339844 17.6003941916773
938.47119140625 2.31468268616563
940.4951171875 3.73823202388834
941.490295410156 3.13506068178149
955.495666503906 3.00443955403386
958.46533203125 2.18168841444458
969.460144042969 4.23679193970261
972.478576660156 1.78761999452339
986.472412109375 5.38114375525378
1010.53741455078 2.99459464060482
1027.54895019531 17.9170855588025
1044.57189941406 36.8693684831895
1051.51110839844 2.21467205743394
1058.59533691406 2.09503954854157
1068.5224609375 4.49841513176687
1085.54858398438 5.31777411886163
1113.56140136719 2.11445554125196
1124.53576660156 2.95172021056868
1126.57397460938 1.79613204583052
1141.58117675781 14.8402049084548
1158.61645507813 7.05165828860642
1171.51818847656 1.64023020407617
1180.56884765625 2.47747241643358
1197.58422851563 2.75727813192474
1198.60144042969 3.42910059057747
1200.59631347656 2.33805718180872
1215.62561035156 17.6209598399484
1282.62377929688 1.74354840382031
1299.66845703125 1.94442590483475
1316.67663574219 8.20445366493782
1327.67028808594 1.79172094879484
1429.77172851563 7.93699767756781
1509.74816894531 2.03702919191145
1526.77172851563 9.03724178573917
1543.79431152344 4.61797272014828
1656.88171386719 4.8768729899014
1828.79724121094 4.42247138960031
1867.91027832031 16.0225877445448
1871.85632324219 22.0615266762758
1872.97009277344 17.509912287506
1873.7822265625 15.0832815952076
1880.93615722656 6.18820899667582
1899.14331054688 9.60650267143062
1916.43676757813 61.6838801093858
1919.29638671875 45.4387824140184
1921.56982421875 15.7830473570938
1928.59545898438 10.7942262970796
1930.49633789063 17.6994630996567
1931.61340332031 18.8530168302293
1932.59948730469 33.2079940269658
1934.5546875 33.7622763127383
1935.55517578125 23.6373288237951
1937.93200683594 9.69819514006653
